0,27.40,26.56,40
1,28.51,26.01,40
2,28.51,26.84,40
3,28.23,26.56,40
4,28.51,27.12,40
5,28.23,27.12,40
6,28.51,27.12,40
7,28.78,26.84,40
8,28.51,27.12,40
9,28.78,26.84,40
10,28.23,26.84,40
11,28.78,27.12,40
12,28.51,27.12,40
13,29.06,26.29,40
14,28.51,27.12,40
15,29.06,26.84,40
16,28.78,26.84,40
17,29.06,26.84,40
18,28.78,27.12,40
19,29.34,27.40,40
20,28.78,27.40,40
21,28.78,26.84,40
22,29.06,26.84,40
23,29.06,27.40,40
24,28.51,27.12,40
25,29.06,27.12,40
26,28.78,26.56,40
27,28.78,26.56,40
28,29.06,27.12,40
29,28.78,27.12,40
30,29.34,27.12,40
31,29.34,26.84,40
32,28.78,26.84,40
33,29.34,27.12,40
34,29.34,26.56,40
35,29.34,26.84,40
36,29.34,27.40,40
37,29.06,27.40,40
38,29.34,27.12,40
39,29.62,27.12,40
40,29.34,27.12,40
41,29.62,27.12,40
42,29.62,27.40,40
43,29.62,27.40,40
44,29.34,27.40,40
45,29.06,26.84,40
46,29.89,26.84,40
47,29.62,27.40,40
48,29.62,27.12,40
49,29.62,27.12,40
50,29.62,27.12,40
51,29.34,27.12,40
52,29.34,26.84,40
53,29.89,26.84,40
54,29.34,27.40,40
55,29.62,27.40,40
56,29.89,26.84,40
57,29.62,26.56,40
58,29.89,27.12,40
59,29.62,27.40,40
60,29.89,26.84,40
61,30.17,27.12,40
62,29.62,26.84,40
63,29.89,27.40,40
64,30.17,26.29,40
65,30.17,27.12,40
66,29.89,27.12,40
67,29.34,27.40,40
68,29.62,27.40,40
69,29.89,27.40,40
70,29.89,27.40,40
71,29.62,26.84,40
72,29.89,27.12,40
73,29.62,26.84,40
74,29.89,26.84,40
75,30.17,26.84,40
76,30.17,27.40,40
77,30.17,27.40,40
78,30.17,27.12,40
79,29.89,27.12,40
80,29.89,27.12,40
81,30.45,27.40,40
82,30.17,27.12,40
83,31.00,27.12,40
84,29.89,27.40,40
85,30.73,27.40,40
86,30.17,27.67,40
87,30.45,26.56,40
88,30.45,27.40,40
89,30.73,26.84,40
90,30.45,26.84,40
91,30.73,27.40,40
92,30.73,27.40,40
93,30.17,26.84,40
94,30.73,27.40,40
95,30.17,27.12,40
96,30.73,27.12,40
97,30.17,27.40,40
98,30.73,27.40,40
99,30.73,27.40,40
100,30.73,27.67,40
101,30.45,27.12,40
102,30.73,27.40,40
103,30.73,26.84,40
104,30.45,27.40,40
105,30.45,27.12,40
106,30.73,27.40,40
107,29.89,27.95,40
108,30.73,27.40,40
109,30.45,27.12,40
110,30.45,27.12,40
111,30.17,27.12,40
112,29.89,27.12,40
113,31.00,27.40,40
114,30.73,27.12,40
115,30.73,27.40,40
116,30.73,27.12,40
117,30.73,27.12,40
118,31.00,27.40,40
119,30.45,27.40,40
120,31.28,27.40,40
121,31.00,26.84,40
122,30.73,27.40,40
123,31.00,27.12,40
124,30.73,27.40,40
125,31.00,26.84,40
126,30.73,27.40,40
127,31.56,27.40,40
128,31.00,26.84,40
129,31.28,27.12,40
130,31.00,27.40,40
131,30.73,27.40,40
132,31.00,26.84,40
133,31.00,27.40,40
134,31.28,26.84,40
135,30.73,27.67,40
136,31.00,27.12,40
137,31.28,27.40,40
138,31.28,27.12,40
139,31.56,26.56,40
140,31.28,26.84,40
141,30.73,27.40,40
142,31.28,27.40,40
143,31.00,27.40,40
144,30.73,27.40,40
145,31.28,27.12,40
146,31.28,27.40,40
147,31.56,27.12,40
148,31.56,27.40,40
149,31.56,26.84,40
150,31.00,27.12,40
151,31.28,27.12,40
152,31.56,26.84,40
153,31.28,27.40,40
154,30.73,27.40,40
155,31.84,27.12,40
156,31.28,27.40,40
157,31.28,27.40,40
158,31.00,27.40,40
159,31.00,26.84,40
160,31.28,27.40,40
161,31.28,27.67,40
162,31.56,27.12,40
163,31.56,27.40,40
164,31.28,27.12,40
165,31.84,26.84,40
166,31.28,27.12,40
167,31.28,27.40,40
168,31.56,27.40,40
169,32.11,27.40,40
170,31.56,27.12,40
171,31.84,26.84,40
172,31.56,27.40,40
173,31.84,27.40,40
174,31.56,27.40,40
175,31.28,26.84,40
176,31.84,27.12,40
177,31.84,27.12,40
178,32.11,27.67,40
179,31.84,27.12,40
180,32.11,27.12,40
181,31.56,26.84,40
182,31.84,27.67,40
183,31.84,27.12,40
184,31.84,27.40,40
185,32.11,27.12,40
186,32.39,26.84,40
187,32.11,26.84,40
188,31.84,27.67,40
189,32.11,27.12,40
190,31.56,27.67,40
191,32.11,27.40,40
192,31.84,27.12,40
193,31.84,27.12,40
194,32.11,27.40,40
195,32.39,27.40,40
196,32.11,27.12,40
197,32.11,27.12,40
198,31.84,27.40,40
199,31.84,27.67,40
200,32.11,27.12,40
201,31.84,27.40,40
202,32.11,26.84,40
203,31.84,27.40,40
204,32.39,27.40,40
205,31.56,26.84,40
206,32.39,27.40,40
207,32.11,27.12,40
208,32.39,27.40,40
209,32.11,27.67,40
210,32.39,27.67,40
211,32.39,27.40,40
212,31.84,27.40,40
213,31.84,27.67,40
214,32.67,27.12,40
215,31.84,27.12,40
216,32.39,26.84,40
217,32.39,27.40,40
218,31.84,27.40,40
219,32.67,27.40,40
220,31.84,27.12,40
221,32.39,27.12,40
222,31.84,27.40,40
223,32.11,27.12,40
224,32.11,27.40,40
225,32.39,27.40,40
226,32.11,26.84,40
227,32.39,27.67,40
228,31.56,27.67,40
229,31.56,27.12,40
230,32.67,26.84,40
231,32.11,27.40,40
232,31.56,27.40,40
233,32.11,27.12,40
234,32.95,27.40,40
235,32.67,27.12,40
236,32.67,27.40,40
237,31.84,27.40,40
238,32.67,27.12,40
239,32.39,27.40,40
240,32.67,27.67,40
241,32.39,27.40,40
242,32.67,27.40,40
243,32.67,27.40,40
244,32.67,27.12,40
245,32.67,27.12,40
246,32.67,27.12,40
247,32.11,27.12,40
248,32.67,27.12,40
249,32.95,27.40,40
250,32.95,27.12,40
251,32.67,27.40,40
252,32.11,27.12,40
253,32.95,27.12,40
254,32.95,27.67,40
255,32.67,26.84,40
256,32.95,27.40,40
257,32.39,27.40,40
258,32.67,27.40,40
259,32.95,27.40,40
260,32.67,27.40,40
261,32.67,27.40,40
262,32.95,26.84,40
263,32.95,27.40,40
264,32.95,26.84,40
265,32.95,27.12,40
266,32.67,27.40,40
267,32.95,27.12,40
268,32.39,26.84,40
269,33.22,27.40,40
270,32.95,27.40,40
271,32.67,26.84,40
272,32.95,27.12,40
273,33.50,27.40,40
274,32.67,26.84,40
275,33.22,27.12,40
276,33.22,27.67,40
277,32.67,27.40,40
278,32.39,27.12,40
279,33.22,27.12,40
280,32.95,27.40,40
281,33.22,27.40,40
282,33.22,27.67,40
283,32.95,27.67,40
284,32.95,27.40,40
285,33.22,27.40,40
286,32.95,27.40,40
287,33.22,27.40,40
288,33.22,27.12,40
289,33.22,27.67,40
290,33.50,27.12,40
291,32.67,27.67,40
292,32.95,26.84,40
293,32.95,27.12,40
294,32.95,27.67,40
295,33.22,27.12,40
296,32.95,27.12,40
297,32.67,27.40,40
298,32.95,27.12,40
299,33.22,27.12,40
300,33.22,27.67,40
301,33.22,27.40,40
302,33.50,27.67,40
303,33.50,27.40,40
304,32.95,27.40,40
305,33.50,27.12,40
306,33.50,27.40,40
307,33.22,27.40,40
308,33.50,27.67,40
309,33.50,27.12,40
310,32.95,27.12,40
311,32.67,27.67,40
312,32.67,26.84,40
313,32.95,27.40,40
314,33.50,27.67,40
315,32.95,27.67,40
316,32.67,26.84,40
317,33.22,27.40,40
318,33.50,27.40,40
319,33.50,27.12,40
320,33.50,27.40,40
321,32.95,27.12,40
322,33.50,27.67,40
323,33.50,27.67,40
324,33.50,27.12,40
325,33.22,27.12,40
326,33.22,27.67,40
327,33.50,27.67,40
328,33.78,27.12,40
329,33.78,26.84,40
330,33.50,27.67,40
331,32.95,27.12,40
332,33.78,27.12,40
333,33.50,27.12,40
334,33.22,27.40,40
335,33.78,27.40,40
336,33.50,27.67,40
337,32.95,27.12,40
338,33.78,27.12,40
339,33.78,27.12,40
340,33.50,27.40,40
341,33.78,27.12,40
342,32.95,27.40,40
343,33.78,27.12,40
344,33.22,27.12,40
345,32.67,27.40,40
346,33.78,26.56,40
347,33.78,27.67,40
348,33.78,27.12,40
349,33.78,27.67,40
350,33.22,27.67,40
351,33.50,26.84,40
352,33.78,27.40,40
353,33.78,27.67,40
354,33.78,27.40,40
355,33.78,27.67,40
356,33.78,27.67,40
357,34.06,27.12,40
358,33.22,27.40,40
359,33.50,27.40,40
360,33.22,27.67,40
361,33.78,27.40,40
362,33.78,27.12,40
363,34.06,27.67,40
364,33.78,27.12,40
365,33.78,26.84,40
366,33.78,27.67,40
367,33.22,27.40,40
368,33.78,27.67,40
369,34.33,27.12,40
370,33.78,27.67,40
371,34.06,27.12,40
372,33.78,27.67,40
373,34.06,27.12,40
374,34.06,27.40,40
375,33.78,27.67,40
376,33.78,27.40,40
377,34.06,27.40,40
378,34.06,27.67,40
379,33.50,27.40,40
380,33.78,27.67,40
381,33.78,27.67,40
382,33.78,26.56,40
383,33.50,27.67,40
384,34.06,27.67,40
385,33.50,27.40,40
386,33.78,27.67,40
387,33.50,27.12,40
388,34.06,26.84,40
389,34.06,26.84,40
390,34.33,27.12,40
391,34.33,27.12,40
392,33.78,27.40,40
393,33.78,27.40,40
394,34.33,27.40,40
395,34.06,27.40,40
396,34.33,26.56,40
397,34.06,27.67,40
398,34.06,26.84,40
399,34.33,27.40,40
400,33.78,27.67,40
401,34.06,27.40,40
402,34.61,27.67,40
403,33.78,27.40,40
404,34.33,27.40,40
405,34.06,27.12,40
406,34.33,26.84,40
407,34.33,27.67,40
408,34.06,27.67,40
409,34.06,27.12,40
410,33.50,27.40,40
411,34.33,27.67,40
412,34.06,27.67,40
413,34.33,27.67,40
414,34.06,27.67,40
415,34.61,27.40,40
416,33.78,27.40,40
417,33.78,27.67,40
418,34.06,27.67,40
419,33.78,27.67,40
420,34.33,27.67,40
421,34.33,27.67,40
422,34.61,27.95,40
423,33.50,27.67,40
424,34.33,27.67,40
425,34.33,26.84,40
426,34.06,27.12,40
427,33.78,27.40,40
428,34.06,27.67,40
429,34.06,27.40,40
430,34.06,27.40,40
431,34.33,27.67,40
432,34.33,27.40,40
433,33.78,27.67,40
434,34.06,27.12,40
435,34.61,27.40,40
437,34.33,27.40,40
438,34.61,27.67,40
439,34.61,26.56,40
440,34.06,27.40,40
441,34.06,27.40,40
442,34.33,27.12,40
443,34.61,27.40,40
444,34.33,27.40,40
445,34.33,27.67,40
446,33.78,27.67,40
447,34.33,27.67,40
448,34.06,27.67,40
449,34.33,27.40,40
450,34.61,27.67,40
451,34.06,27.40,40
452,34.33,26.84,40
453,34.33,27.40,40
454,34.33,27.40,40
455,34.06,27.40,40
456,34.33,27.12,40
457,34.06,27.67,40
458,34.33,27.67,40
459,34.33,27.40,40
460,34.06,27.40,40
461,34.33,27.67,40
462,34.61,27.67,40
463,34.89,27.12,40
464,34.06,27.67,40
465,34.06,27.67,40
466,34.33,27.40,40
467,34.61,27.40,40
468,34.33,27.12,40
469,34.61,27.67,40
470,34.61,26.56,40
471,34.61,27.12,40
472,34.61,26.56,40
473,33.78,27.67,40
474,34.89,27.67,40
475,34.06,27.12,40
476,34.89,27.40,40
477,34.33,27.40,40
478,34.61,27.40,40
479,34.89,27.12,40
480,34.89,27.40,40
481,34.89,27.40,40
482,34.89,27.67,40
483,34.06,26.84,40
484,34.61,27.40,40
485,34.33,27.67,40
486,34.61,27.67,40
487,35.17,27.40,40
488,34.61,27.40,40
489,34.33,27.12,40
490,34.89,27.40,40
491,34.61,27.67,40
492,34.61,27.40,40
493,34.61,27.67,40
494,34.61,27.40,40
495,34.33,27.67,40
496,34.06,27.40,40
497,34.33,27.67,40
498,34.06,26.84,40
499,34.61,27.40,40
500,34.61,27.12,40
501,34.61,27.12,40
502,34.33,27.40,40
503,34.61,27.40,40
504,34.89,27.12,40
505,34.61,27.67,40
506,34.06,27.67,40
507,34.61,26.84,40
508,34.33,27.40,40
509,34.61,27.67,40
510,34.33,27.12,40
511,34.61,27.12,40
512,33.78,26.56,40
513,34.33,27.12,40
514,34.61,27.12,40
515,34.33,27.40,40
516,35.17,27.67,40
517,34.89,27.67,40
518,34.61,27.12,40
519,35.17,27.67,40
520,34.33,27.67,40
521,34.61,27.67,40
522,34.89,27.40,40
523,34.61,27.40,40
524,34.61,26.84,40
525,34.89,27.40,40
526,34.33,27.40,40
527,34.61,27.12,40
528,34.89,26.56,40
529,34.61,27.40,40
530,34.61,27.12,40
531,34.33,27.67,40
532,34.61,27.40,40
533,34.89,27.40,40
534,34.89,27.67,40
535,34.61,27.40,40
536,34.06,27.12,40
537,35.17,27.40,40
538,34.89,27.40,40
539,34.33,27.40,40
540,34.89,27.67,40
541,34.61,27.67,40
542,34.33,26.84,40
543,34.89,27.40,40
544,34.61,27.40,40
545,34.61,27.40,40
546,34.89,27.40,40
547,34.89,27.67,40
548,35.17,27.40,40
549,34.89,27.67,40
550,34.89,27.40,40
551,34.06,27.67,40
552,34.06,27.67,40
553,34.33,27.67,40
554,34.06,27.67,40
555,34.89,27.40,40
556,34.61,27.12,40
557,34.06,27.12,40
558,34.89,27.67,40
559,34.89,27.12,40
560,34.89,26.84,40
561,34.89,27.40,40
562,34.89,27.67,40
563,34.89,27.40,40
564,35.17,27.40,40
565,34.61,27.40,40
566,34.61,27.40,40
567,34.89,27.67,40
568,35.17,27.95,40
569,34.89,27.67,40
570,34.89,27.67,40
571,34.89,27.95,40
572,34.61,27.67,40
573,34.06,27.67,40
574,34.89,27.12,40
575,35.17,27.40,40
576,34.61,27.40,40
577,34.89,27.12,40
578,35.17,27.40,40
579,35.17,27.12,40
580,34.61,27.40,40
581,34.89,27.40,40
582,34.89,27.40,40
583,34.33,27.40,40
584,35.17,27.67,40
585,35.17,27.40,40
586,35.17,27.40,40
587,35.45,27.67,40
588,35.45,27.67,40
589,35.17,27.67,40
590,35.17,27.12,40
591,34.89,27.40,40
592,34.61,27.12,40
593,34.89,26.84,40
594,35.17,26.84,40
595,35.17,26.84,40
596,35.17,27.40,40
597,34.61,27.12,40
598,34.89,27.67,40
599,35.17,27.40,40
600,34.61,27.40,40
601,34.89,27.40,40
602,34.89,27.12,40
603,34.61,27.12,40
604,34.89,27.40,40
605,34.89,27.12,40
606,35.17,26.84,40
607,35.45,27.40,40
608,35.45,27.40,40
609,34.89,27.67,40
610,35.17,27.40,40
611,34.89,27.67,40
612,35.17,27.12,40
613,35.45,27.12,40
614,35.17,27.67,40
615,35.17,27.67,40
616,35.17,26.84,40
617,34.89,26.84,40
618,34.89,27.67,40
619,34.61,27.67,40
620,34.89,27.40,40
621,35.45,27.12,40
622,34.89,27.40,40
623,35.45,26.84,40
624,35.17,26.84,40
625,34.89,27.40,40
626,35.17,27.12,40
627,35.17,27.12,40
628,35.17,27.40,40
629,35.45,27.40,40
630,34.61,27.40,40
631,35.45,26.56,40
632,35.17,27.67,40
633,35.17,27.12,40
634,34.61,26.29,40
635,34.89,27.40,40
636,34.89,27.40,40
637,35.17,27.40,40
638,35.45,27.40,40
639,34.89,27.40,40
640,35.17,27.40,40
641,35.17,27.40,40
642,35.45,27.40,40
643,35.45,27.40,40
644,35.17,27.40,40
645,35.17,27.12,40
646,35.17,27.40,40
647,35.45,27.12,40
648,34.61,27.40,40
649,34.89,27.40,40
650,35.17,27.40,40
651,34.61,27.40,40
652,35.17,26.84,40
653,34.33,26.84,40
654,35.17,27.40,40
655,35.17,27.12,40
656,34.89,27.40,40
657,34.61,27.12,40
658,35.17,27.67,40
659,35.17,27.40,40
660,34.89,27.67,40
661,34.89,27.67,40
662,35.17,27.40,40
663,34.89,27.40,40
664,35.72,27.67,40
665,35.45,27.67,40
666,35.17,26.84,40
667,35.17,27.12,40
668,35.17,27.12,40
669,35.45,27.40,40
670,34.89,26.56,40
671,35.45,27.12,40
672,35.17,27.40,40
673,35.45,27.67,40
674,35.45,27.40,40
675,34.61,27.40,40
676,34.89,27.40,40
677,35.17,27.12,40
678,34.61,27.12,40
679,35.45,27.40,40
680,35.17,27.40,40
681,35.45,27.40,40
682,35.72,26.56,40
683,35.17,26.84,40
684,35.45,27.40,40
685,35.45,27.12,40
686,35.45,27.40,40
687,35.17,27.40,40
688,35.45,27.12,40
689,35.45,27.67,40
690,35.17,27.67,40
691,35.17,27.67,40
692,35.45,27.67,40
693,35.17,27.40,40
694,35.72,27.67,40
695,35.17,27.67,40
696,35.45,27.12,40
697,35.17,27.95,40
698,35.17,26.84,40
699,35.45,26.84,40
700,34.89,27.40,40
701,35.45,27.12,40
702,35.45,27.40,40
703,35.17,27.67,40
704,34.89,27.40,40
705,35.45,27.40,40
706,34.61,27.67,40
707,34.61,27.67,40
708,35.72,27.67,40
709,35.45,27.12,40
710,35.17,26.84,40
711,35.45,27.40,40
712,35.72,27.67,40
713,35.17,27.40,40
714,35.45,26.84,40
715,35.17,27.40,40
716,34.89,27.67,40
717,35.45,27.67,40
718,35.17,26.56,40
719,35.17,27.12,40
720,35.45,27.40,40
721,35.17,26.84,40
722,35.45,27.40,40
723,35.45,27.40,40
724,34.89,27.40,40
725,35.45,27.67,40
726,35.17,27.40,40
727,35.17,27.40,40
728,35.72,27.40,40
729,35.45,27.40,40
730,35.17,27.12,40
731,35.45,27.40,40
732,35.45,27.40,40
733,35.45,27.67,40
734,35.45,27.40,40
735,35.17,27.40,40
736,35.45,27.40,40
737,35.17,27.40,40
738,34.61,27.40,40
739,34.89,27.40,40
740,35.72,27.40,40
741,35.17,27.40,40
742,35.17,27.40,40
743,35.45,26.84,40
744,35.17,27.12,40
745,35.45,27.40,40
746,35.45,27.12,40
747,35.17,27.12,40
748,35.45,27.40,40
749,35.72,27.12,40
750,34.89,27.40,40
751,35.45,27.40,40
752,35.45,27.12,40
753,35.72,27.67,40
754,35.72,27.40,40
755,35.72,27.40,40
756,35.17,27.67,40
757,35.17,27.40,40
758,35.17,27.40,40
759,35.45,27.40,40
760,35.45,27.40,40
761,35.72,27.67,40
762,35.17,27.67,40
763,35.45,27.40,40
764,35.45,27.40,40
765,35.45,27.40,40
766,35.17,27.40,40
767,35.72,27.40,40
768,35.45,27.40,40
769,35.72,26.84,40
770,35.45,27.40,40
771,35.45,27.40,40
772,35.45,27.12,40
773,35.45,27.40,40
774,35.17,26.56,40
775,35.72,27.40,40
776,35.17,27.40,40
777,35.72,27.40,40
778,35.45,26.84,40
779,35.17,27.40,40
780,34.89,27.40,40
781,34.89,27.40,40
782,35.17,27.12,40
783,35.72,27.40,40
784,35.45,27.40,40
785,35.45,27.40,40
786,35.72,27.12,40
787,35.45,27.67,40
788,35.45,27.67,40
789,36.28,27.40,40
790,35.45,27.12,40
791,35.45,27.40,40
792,36.00,27.12,40
793,35.45,27.67,40
794,35.45,27.67,40
795,35.45,27.12,40
796,35.17,27.12,40
797,35.72,27.40,40
798,35.17,27.12,40
799,35.72,27.40,40
800,35.72,26.84,40
801,35.72,27.40,40
802,35.45,27.12,40
803,35.17,27.12,40
804,34.89,27.40,40
805,35.45,27.12,40
806,35.45,27.12,40
807,35.72,27.40,40
808,35.45,27.12,40
809,35.72,27.40,40
810,34.89,27.12,40
811,35.72,27.12,40
812,35.72,27.12,40
813,35.45,27.12,40
814,36.00,27.67,40
815,36.00,27.12,40
816,35.45,27.40,40
817,35.45,27.12,40
818,36.00,27.12,40
819,35.45,27.12,40
820,35.72,26.84,40
821,34.89,27.67,40
822,36.00,27.40,40
823,34.89,27.40,40
824,35.45,27.40,40
825,35.45,27.40,40
826,35.17,27.40,40
827,35.45,27.40,40
828,35.72,27.40,40
829,36.00,27.40,40
830,35.72,27.12,40
831,35.72,27.40,40
832,35.72,27.40,40
833,34.89,27.67,40
834,36.00,27.67,40
835,35.45,27.12,40
836,35.72,27.40,40
837,35.72,27.12,40
838,35.45,27.67,40
839,35.45,27.40,40
840,36.00,26.84,40
841,35.72,27.67,40
842,35.72,27.40,40
843,35.45,27.67,40
844,35.72,27.12,40
845,35.72,27.12,40
846,35.17,27.40,40
847,35.72,27.67,40
848,35.72,27.12,40
849,35.72,27.40,40
850,35.45,27.40,40
851,35.72,26.56,40
852,35.45,27.40,40
853,35.72,26.84,40
854,35.17,27.40,40
855,35.72,27.40,40
856,35.17,26.84,40
857,35.72,27.12,40
858,35.45,26.84,40
859,35.45,27.95,40
860,35.45,27.67,40
861,35.45,27.40,40
862,35.45,27.40,40
863,35.45,27.40,40
864,35.45,26.84,40
865,36.00,27.12,40
866,36.00,27.67,40
867,35.17,27.67,40
868,35.45,27.12,40
869,35.17,27.40,40
870,36.00,27.40,40
872,35.72,27.40,40
873,35.45,27.67,40
874,35.72,27.40,40
875,36.00,27.40,40
876,36.00,27.12,40
877,35.72,27.67,40
878,35.45,27.67,40
879,35.72,27.40,40
880,35.45,27.12,40
881,36.00,27.12,40
882,35.45,27.40,40
883,35.45,27.12,40
884,35.45,27.40,40
885,35.45,27.40,40
886,36.00,27.12,40
887,35.17,26.84,40
888,36.00,27.12,40
889,35.17,27.40,40
890,35.45,26.84,40
891,35.72,27.40,40
892,35.45,27.12,40
893,35.72,26.84,40
894,35.72,27.67,40
895,36.00,27.12,40
896,36.00,27.40,40
897,35.17,27.12,40
898,35.72,27.67,40
899,35.72,27.40,40
900,35.72,27.67,40
901,35.45,27.67,40
902,35.72,27.67,40
903,35.72,27.67,40
904,34.89,27.67,40
905,35.17,27.40,40
906,35.72,27.40,40
907,36.00,26.84,40
908,35.72,27.40,40
909,35.72,27.12,40
910,35.72,27.67,40
911,35.45,27.67,40
912,35.72,27.40,40
913,35.45,27.12,40
914,35.72,27.40,40
915,35.72,27.12,40
916,35.45,27.67,40
917,36.00,27.12,40
918,35.72,26.84,40
919,35.45,26.84,40
920,35.45,27.40,40
921,35.72,27.40,40
922,35.72,27.12,40
923,35.45,27.40,40
924,35.72,26.84,40
925,35.72,27.67,40
926,35.72,27.67,40
927,35.45,27.67,40
928,35.72,27.67,40
929,35.17,27.40,40
930,35.72,27.40,40
931,35.45,27.40,40
932,34.89,26.84,40
933,35.17,27.40,40
934,36.00,27.40,40
935,35.72,27.40,40
936,35.72,26.84,40
937,35.45,27.12,40
938,36.00,27.40,40
939,36.00,27.40,40
940,36.00,27.40,40
941,36.00,27.67,40
942,35.72,26.56,40
943,35.17,27.40,40
944,36.00,27.67,40
945,35.72,26.84,40
946,35.45,27.67,40
947,35.72,27.67,40
948,35.17,27.40,40
949,36.00,27.40,40
950,35.72,27.40,40
951,36.00,27.67,40
952,36.28,27.40,40
953,35.72,27.40,40
954,35.72,26.56,40
955,36.00,27.40,40
956,35.72,27.40,40
957,36.00,27.12,40
958,35.72,26.56,40
959,34.89,27.12,40
960,36.00,27.67,40
961,36.00,27.12,40
962,36.28,27.12,40
963,35.72,27.67,40
964,36.00,27.67,40
965,35.72,27.67,40
966,35.72,27.40,40
967,35.45,27.12,40
968,36.00,27.67,40
969,35.45,27.12,40
970,35.72,27.67,40
971,35.72,26.84,40
972,35.45,27.40,40
973,35.72,26.84,40
974,35.72,27.67,40
975,35.72,27.40,40
976,36.00,27.40,40
977,35.45,27.40,40
978,36.00,27.12,40
979,36.00,27.12,40
980,35.72,27.40,40
981,35.72,27.40,40
982,35.72,27.67,40
983,36.28,27.12,40
984,36.00,27.12,40
985,35.72,27.40,40
986,35.45,27.40,40
987,35.45,27.40,40
988,36.28,27.12,40
989,36.28,27.40,40
990,35.17,27.12,40
991,36.00,27.12,40
992,35.45,27.40,40
993,35.45,27.12,40
994,35.17,27.67,40
995,36.00,27.67,40
996,36.00,27.40,40
997,35.72,27.12,40
998,35.17,27.40,40
999,34.89,26.84,40
1000,35.17,26.84,40
1001,35.72,26.84,40
1002,35.72,27.67,40
1003,35.72,27.40,40
1004,35.72,27.67,40
1005,35.72,27.40,40
1006,35.72,27.67,40
1007,36.00,27.40,40
1008,35.72,27.67,40
1009,35.72,27.12,40
1010,36.00,27.12,40
1011,35.72,27.12,40
1012,36.28,27.12,40
1013,36.00,27.67,40
1014,36.00,27.67,40
1015,36.28,27.12,40
1016,35.72,27.12,40
1017,36.00,27.67,40
1018,36.00,27.12,40
1019,36.00,27.12,40
1020,36.00,27.12,40
1021,35.45,27.12,40
1022,35.72,26.84,40
1023,36.00,27.67,40
1024,35.72,27.40,40
1025,35.72,27.67,40
1026,36.00,26.84,40
1027,35.72,27.40,40
1028,35.72,27.40,40
1029,35.72,27.67,40
1030,36.28,27.12,40
1031,35.17,26.84,40
1032,35.72,26.84,40
1033,36.00,27.12,40
1034,36.00,27.12,40
1035,35.17,27.12,40
1036,36.28,27.40,40
1037,35.45,27.12,40
1038,35.45,27.67,40
1039,36.00,27.12,40
1040,35.72,27.40,40
1041,36.56,27.40,40
1042,35.72,27.67,40
1043,36.00,26.84,40
1044,35.45,27.67,40
1045,36.00,27.40,40
1046,36.00,27.67,40
1047,36.00,27.12,40
1048,35.72,27.67,40
1049,36.00,27.67,40
1050,35.72,27.67,40
1051,35.72,27.40,40
1052,35.72,27.67,40
1053,36.00,26.84,40
1054,35.45,26.84,40
1055,35.45,27.67,40
1056,35.72,27.67,40
1057,35.17,27.12,40
1058,35.72,27.40,40
1059,35.72,27.67,40
1060,35.72,26.84,40
1061,36.00,26.84,40
1062,36.00,27.12,40
1063,36.00,27.40,40
1064,36.28,27.67,40
1065,35.72,27.40,40
1066,36.00,27.40,40
1067,36.00,27.40,40
1068,35.17,27.67,40
1069,35.72,27.40,40
1070,36.28,27.67,40
1071,36.00,27.40,40
1072,36.28,27.67,40
1073,35.72,27.12,40
1074,36.28,27.40,40
1075,36.00,27.40,40
1076,36.00,27.12,40
1077,36.28,27.12,40
1078,35.72,27.40,40
1079,35.72,27.40,40
1080,35.72,27.40,40
1081,35.45,26.84,40
1082,36.00,27.12,40
1083,35.72,27.67,40
1084,36.00,27.40,40
1085,35.45,27.12,40
1086,36.00,27.67,40
1087,36.00,27.12,40
1088,35.72,27.12,40
1089,35.45,26.56,40
1090,35.72,27.40,40
1091,36.00,27.40,40
1092,36.00,27.12,40
1093,36.28,26.84,40
1094,35.17,27.40,40
1095,36.28,27.12,40
1096,36.00,27.67,40
1097,36.00,27.40,40
1098,36.28,27.67,40
1099,36.00,27.12,40
1100,35.72,27.40,40
1101,36.00,27.40,40
1102,36.28,26.84,40
1103,36.00,26.84,40
1104,35.72,27.12,40
1105,36.00,27.12,40
1106,36.28,27.67,40
1107,36.00,26.84,40
1108,35.72,27.40,40
1109,36.00,27.12,40
1110,36.56,27.40,40
1111,36.00,27.67,40
1112,36.28,27.40,40
1113,35.72,27.12,40
1114,35.72,27.12,40
1115,36.00,27.40,40
1116,36.28,27.40,40
1117,35.72,27.40,40
1118,36.28,27.67,40
1119,36.28,27.12,40
1120,36.00,27.67,40
1121,35.72,26.84,40
1122,36.00,27.12,40
1123,36.00,27.40,40
1124,36.00,27.67,40
1125,35.72,27.12,40
1126,36.28,27.40,40
1127,36.56,27.40,40
1128,36.00,27.40,40
1129,36.28,27.40,40
1130,35.72,27.40,40
1131,36.00,27.67,40
1132,36.00,27.40,40
1133,35.45,27.12,40
1134,35.72,27.12,40
1135,35.45,26.84,40
1136,36.00,27.67,40
1137,36.28,26.56,40
1138,35.45,26.56,40
1139,36.00,27.67,40
1140,35.72,27.67,40
1141,36.00,27.12,40
1142,36.28,27.12,40
1143,36.00,27.67,40
1144,36.00,27.40,40
1145,36.00,27.67,40
1146,35.45,27.67,40
1147,35.45,26.84,40
1148,35.45,27.40,40
1149,35.72,27.12,40
1150,35.45,27.40,40
1151,36.00,27.40,40
1152,36.00,27.40,40
1153,35.72,27.40,40
1154,36.00,26.84,40
1155,36.28,27.40,40
1156,36.28,27.67,40
1157,36.00,27.12,40
1158,36.00,27.40,40
1159,35.72,27.12,40
1160,35.72,27.67,40
1161,36.00,27.40,40
1162,36.00,26.84,40
1163,36.28,27.67,40
1164,36.28,27.40,40
1165,36.28,26.56,40
1166,36.00,27.12,40
1167,36.00,27.67,40
1168,35.72,27.67,40
1169,36.00,27.12,40
1170,36.00,26.84,40
1171,36.00,27.12,40
1172,36.28,27.40,40
1173,36.00,27.67,40
1174,36.00,27.40,40
1175,35.72,26.84,40
1176,35.72,27.67,40
1177,36.00,27.67,40
1178,35.45,27.67,40
1179,36.00,27.40,40
1180,35.72,27.67,40
1181,36.00,27.12,40
1182,36.00,27.12,40
1183,36.00,27.67,40
1184,36.00,27.12,40
1185,36.28,27.12,40
1186,36.00,27.12,40
1187,35.72,27.12,40
1188,35.72,27.12,40
1189,35.45,27.40,40
1190,36.28,27.12,40
1191,35.72,26.84,40
1192,35.72,27.12,40
1193,35.17,27.40,40
1194,36.28,27.40,40
1195,35.72,27.12,40
1196,36.28,27.12,40
1197,36.00,27.40,40
1198,35.72,26.84,40
1199,35.72,27.40,40
1200,35.72,27.12,40
1201,36.00,27.67,40
1202,36.00,27.67,40
1203,35.17,27.67,40
1204,36.00,27.67,40
1205,36.00,27.67,40
1206,36.00,27.67,40
1207,36.00,27.12,40
1208,36.00,27.95,40
1209,36.28,27.67,40
1210,36.00,27.67,40
1211,35.72,27.40,40
1212,36.00,27.40,40
1213,36.28,27.67,40
1214,36.00,27.12,40
1215,35.45,27.40,40
1216,35.72,27.67,40
1217,36.00,27.12,40
1218,36.56,27.12,40
1219,36.00,27.40,40
1220,36.00,27.40,40
1221,36.00,27.12,40
1222,36.00,27.67,40
1223,36.28,27.40,40
1224,36.00,27.12,40
1225,36.00,27.40,40
1226,35.72,27.40,40
1227,35.45,27.40,40
1228,35.72,27.67,40
1229,36.28,26.84,40
1230,36.00,27.12,40
1231,36.00,27.67,40
1232,35.72,27.12,40
1233,36.28,27.67,40
1234,36.00,27.40,40
1235,36.00,26.84,40
1236,36.00,26.84,40
1237,35.72,27.40,40
1238,36.00,27.12,40
1239,36.00,27.12,40
1240,36.28,27.40,40
1241,35.72,27.67,40
1242,35.72,27.40,40
1243,35.72,27.67,40
1244,35.72,27.67,40
1245,36.28,27.12,40
1246,36.00,27.40,40
1247,36.56,27.40,40
1248,36.00,27.12,40
1249,35.45,27.40,40
1250,36.00,27.40,40
1251,36.28,27.12,40
1252,36.00,27.67,40
1253,35.72,27.12,40
1254,36.00,27.67,40
1255,35.72,27.12,40
1256,36.00,27.67,40
1257,36.00,27.40,40
1258,35.45,27.12,40
1259,36.00,27.12,40
1260,36.28,27.40,40
1261,36.00,26.84,40
1262,36.00,27.40,40
1263,36.00,27.12,40
1264,35.72,27.40,40
1265,36.00,26.84,40
1266,36.00,27.12,40
1267,35.72,27.12,40
1268,36.28,27.40,40
1269,36.28,26.84,40
1270,35.72,27.40,40
1271,36.00,27.40,40
1272,35.72,27.12,40
1273,35.45,27.12,40
1274,36.00,27.67,40
1275,36.00,27.12,40
1276,35.45,27.12,40
1277,36.00,27.67,40
1278,36.00,27.67,40
1279,36.56,26.84,40
1280,36.28,27.40,40
1281,36.28,27.40,40
1282,36.28,27.12,40
1283,35.72,27.67,40
1284,35.72,27.40,40
1285,36.00,27.67,40
1286,36.28,27.40,40
1287,36.00,27.40,40
1288,36.28,26.56,40
1289,35.72,27.40,40
1290,36.28,27.12,40
1291,36.00,27.12,40
1292,36.00,27.12,40
1293,36.28,27.12,40
1294,36.28,27.40,40
1295,36.00,27.12,40
1296,36.00,26.84,40
1297,36.00,26.84,40
1298,35.72,27.12,40
1299,36.28,27.12,40
1300,36.28,27.12,40
1302,35.72,27.12,40
1303,36.56,27.12,40
1304,35.72,26.84,40
1305,36.00,27.12,40
1306,36.00,27.67,40
1307,36.00,27.67,40
1308,35.72,26.84,40
1309,36.28,27.67,40
1310,36.00,27.67,40
1311,36.56,27.67,40
1312,35.45,27.40,40
1313,36.28,27.67,40
1314,36.00,27.67,40
1315,35.45,26.84,40
1316,36.00,27.40,40
1317,36.00,26.56,40
1318,36.56,26.56,40
1319,36.00,27.40,40
1320,35.72,27.67,40
1321,35.72,27.12,40
1322,36.56,27.12,40
1323,36.00,26.84,40
1324,35.72,27.67,40
1325,36.28,27.40,40
1326,36.56,27.12,40
1327,36.28,27.40,40
1328,36.28,27.40,40
1329,36.28,26.84,40
1330,36.28,27.40,40
1331,36.00,27.40,40
1332,36.00,27.40,40
1333,36.00,27.12,40
1334,36.00,27.40,40
1335,36.00,27.67,40
1336,36.28,27.40,40
1337,36.00,26.84,40
1338,36.28,27.40,40
1339,36.00,27.12,40
1340,36.28,27.12,40
1341,36.28,27.40,40
1342,36.56,27.12,40
1343,35.45,27.12,40
1344,35.72,27.40,40
1345,36.56,27.40,40
1346,36.28,27.67,40
1347,36.00,27.12,40
1348,36.56,27.40,40
1349,35.72,26.84,40
1350,36.00,27.40,40
1351,36.00,26.56,40
1352,36.00,27.40,40
1353,36.00,27.67,40
1354,36.00,27.67,40
1355,36.28,27.40,40
1356,36.28,27.12,40
1357,36.56,27.12,40
1358,36.00,26.84,40
1359,36.28,27.12,40
1360,36.56,27.40,40
1361,36.28,27.40,40
1362,35.72,26.56,40
1363,36.28,27.40,40
1364,36.00,26.84,40
1365,36.56,27.67,40
1366,36.28,27.67,40
1367,36.00,27.67,40
1368,36.28,27.67,40
1369,36.00,27.40,40
1370,36.28,27.12,40
1371,36.00,27.67,40
1372,36.28,26.84,40
1373,35.72,27.40,40
1374,37.39,26.84,40
1375,36.00,27.12,40
1376,36.28,27.67,40
1377,36.28,27.12,40
1378,35.17,27.40,40
1379,36.00,27.67,40
1380,37.11,26.84,40
1381,36.28,26.84,40
1382,36.00,27.40,40
1383,36.00,27.67,40
1384,36.00,27.67,40
1385,36.28,27.40,40
1386,36.00,27.40,40
1387,35.72,27.40,40
1388,36.00,27.40,40
1389,36.56,27.40,40
1390,36.00,27.67,40
1391,36.28,27.67,40
1392,36.00,27.12,40
1393,36.28,27.67,40
1394,36.00,27.40,40
1395,36.00,27.12,40
1396,36.28,27.40,40
1397,36.28,27.40,40
1398,35.72,27.67,40
1399,36.28,27.67,40
1400,36.56,27.40,40
1401,35.45,27.40,40
1402,36.00,27.12,40
1403,35.72,27.67,40
1404,36.00,27.12,40
1405,36.00,27.40,40
1406,36.56,27.12,40
1407,37.11,27.67,40
1408,36.28,26.84,40
1409,35.72,27.40,40
1410,36.00,27.40,40
1411,36.28,27.12,40
1412,35.72,27.40,40
1413,36.00,27.40,40
1414,36.00,27.67,40
1415,36.00,27.67,40
1416,36.00,27.67,40
1417,36.28,27.12,40
1418,35.72,27.67,40
1419,36.00,27.67,40
1420,36.00,27.67,40
1421,36.00,27.12,40
1422,36.28,27.40,40
1423,35.72,27.67,40
1424,36.56,27.67,40
1425,36.28,27.67,40
1426,35.45,26.84,40
1427,36.00,26.84,40
1428,36.00,27.12,40
1429,36.56,27.12,40
1430,36.28,27.67,40
1431,36.00,27.12,40
1432,36.00,27.12,40
1433,36.56,27.12,40
1434,35.72,27.40,40
1435,36.00,27.67,40
1436,35.72,27.67,40
1437,36.28,27.67,40
1438,35.72,27.67,40
1439,36.00,27.40,40
1440,36.00,27.40,40
1441,36.28,26.84,40
1442,36.28,27.12,40
1443,36.28,27.67,40
1444,36.28,27.67,40
1445,36.28,27.12,40
1446,36.28,26.84,40
1447,36.28,27.12,40
1448,35.45,27.12,40
1449,36.28,27.40,40
1450,36.00,26.84,40
1451,36.28,27.67,40
1452,36.56,27.67,40
1453,36.00,27.40,40
1454,36.28,27.67,40
1455,35.45,27.12,40
1456,35.72,27.40,40
1457,36.00,27.40,40
1458,36.00,27.67,40
1459,36.00,27.40,40
1460,36.00,27.12,40
1461,35.72,27.12,40
1462,36.28,27.67,40
1463,36.28,27.12,40
1464,36.28,27.67,40
1465,36.28,27.67,40
1466,36.00,27.40,40
1467,36.00,27.40,40
1468,36.00,27.40,40
1469,36.56,27.67,40
1470,36.28,27.12,40
1471,36.28,27.40,40
1472,36.28,27.67,40
1473,36.00,27.40,40
1474,35.72,27.12,40
1475,36.28,27.40,40
1476,35.72,27.12,40
1477,36.28,27.40,40
1478,36.00,27.12,40
1479,35.72,27.67,40
1480,36.56,27.12,40
1481,36.28,27.40,40
1482,35.72,27.67,40
1483,36.00,27.67,40
1484,36.28,27.40,40
1485,35.45,27.40,40
1486,36.00,27.40,40
1487,35.45,27.67,40
1488,35.72,27.12,40
1489,36.28,27.40,40
1490,36.28,27.12,40
1491,36.28,27.40,40
1492,35.72,27.12,40
1493,36.28,27.40,40
1494,36.28,27.40,40
1495,36.00,27.12,40
1496,35.72,27.67,40
1497,36.56,27.67,40
1498,35.72,27.12,40
1499,36.00,27.12,40
1500,36.28,27.12,40
1501,36.00,27.40,40
1502,36.56,27.67,40
1503,36.28,27.12,40
1504,36.00,27.12,40
1505,35.72,26.84,40
1506,36.28,27.12,40
1507,36.28,27.67,40
1508,36.56,26.84,40
1509,36.28,27.67,40
1510,36.28,27.40,40
1511,36.28,27.40,40
1512,36.56,27.67,40
1513,36.00,26.84,40
1514,35.72,27.40,40
1515,36.28,27.40,40
1516,36.56,27.12,40
1517,36.28,27.12,40
1518,36.28,27.40,40
1519,36.28,27.12,40
1520,36.28,26.84,40
1521,35.72,27.40,40
1522,36.56,27.67,40
1523,36.28,27.40,40
1524,36.28,27.40,40
1525,36.28,26.84,40
1526,35.72,26.84,40
1527,36.00,27.40,40
1528,36.28,27.12,40
1529,36.56,27.67,40
1530,36.56,27.67,40
1531,36.56,26.84,40
1532,36.28,27.67,40
1533,36.28,27.67,40
1534,35.72,27.40,40
1535,36.00,27.67,40
1536,36.28,27.67,40
1537,36.28,27.12,40
1538,36.28,27.40,40
1539,36.56,26.56,40
1540,36.28,27.95,40
1541,36.00,27.12,40
1542,36.00,27.67,40
1543,35.72,27.40,40
1544,36.56,27.40,40
1545,36.28,27.12,40
1546,36.28,27.67,40
1547,36.56,27.40,40
1548,36.28,27.12,40
1549,35.72,27.67,40
1550,35.45,26.84,40
1551,36.56,26.84,40
1552,36.28,27.67,40
1553,36.28,27.67,40
1554,36.00,27.40,40
1555,36.00,26.56,40
1556,36.56,27.40,40
1557,36.28,26.84,40
1558,36.00,27.40,40
1559,36.56,27.12,40
1560,36.00,27.12,40
1561,36.28,27.67,40
1562,36.00,26.84,40
1563,36.56,27.40,40
1564,35.72,26.84,40
1565,36.28,27.67,40
1566,35.72,27.12,40
1567,36.56,27.95,40
1568,36.28,26.84,40
1569,36.00,27.12,40
1570,36.00,27.67,40
1571,36.28,27.40,40
1572,35.72,27.12,40
1573,36.56,26.84,40
1574,36.28,27.12,40
1575,36.00,27.40,40
1576,36.00,27.67,40
1577,36.56,26.84,40
1578,35.72,27.12,40
1579,36.00,26.84,40
1580,36.28,27.40,40
1581,36.28,27.12,40
1582,36.56,27.40,40
1583,36.00,27.12,40
1584,35.72,27.67,40
1585,36.00,27.67,40
1586,36.28,27.67,40
1587,36.56,27.67,40
1588,36.28,27.40,40
1589,35.72,27.12,40
1590,36.00,27.67,40
1591,36.28,27.12,40
1592,36.00,27.40,40
1593,36.28,27.67,40
1594,36.28,27.12,40
1595,36.28,27.67,40
1596,36.00,27.40,40
1597,36.28,26.84,40
1598,35.72,27.40,40
1599,36.56,26.56,40
1600,36.00,27.67,40
1601,36.28,27.12,40
1602,36.28,26.84,40
1603,36.28,27.67,40
1604,36.00,26.84,40
1605,35.17,27.12,40
1606,36.56,27.40,40
1607,36.28,26.84,40
1608,35.45,27.12,40
1609,35.72,27.40,40
1610,36.28,26.84,40
1611,36.00,27.40,40
1612,36.00,27.67,40
1613,36.00,27.12,40
1614,36.00,27.12,40
1615,36.56,27.40,40
1616,36.28,26.84,40
1617,35.72,27.12,40
1618,36.28,26.84,40
1619,36.28,27.67,40
1620,36.28,26.56,40
1621,35.72,26.84,40
1622,36.28,27.67,40
1623,35.72,27.40,40
1624,36.28,27.40,40
1625,36.28,27.12,40
1626,36.00,27.67,40
1627,36.28,26.84,40
1628,36.28,27.67,40
1629,36.00,27.40,40
1630,35.45,27.40,40
1631,35.72,27.12,40
1632,36.00,27.67,40
1633,36.00,27.67,40
1634,36.00,27.40,40
1635,36.00,27.67,40
1636,36.28,27.12,40
1637,36.00,27.40,40
1638,35.72,27.12,40
1639,36.28,26.84,40
1640,36.28,27.40,40
1641,36.28,27.40,40
1642,36.28,27.12,40
1643,35.72,27.67,40
1644,36.56,27.40,40
1645,36.28,27.40,40
1646,36.28,27.40,40
1647,36.28,27.67,40
1648,36.28,27.40,40
1649,36.28,26.84,40
1650,36.28,27.67,40
1651,35.72,27.67,40
1652,36.28,27.40,40
1653,36.28,27.40,40
1654,36.00,27.40,40
1655,36.00,27.40,40
1656,36.00,26.84,40
1657,36.56,27.67,40
1658,36.28,27.67,40
1659,36.00,27.67,40
1660,36.00,27.12,40
1661,35.72,27.40,40
1662,35.72,27.12,40
1663,35.17,27.12,40
1664,36.28,27.40,40
1665,36.28,27.67,40
1666,36.28,26.84,40
1667,36.28,27.12,40
1668,35.72,27.40,40
1669,36.28,27.12,40
1670,36.00,27.67,40
1671,35.45,27.67,40
1672,36.56,27.12,40
1673,36.28,27.40,40
1674,36.28,26.84,40
1675,36.28,27.12,40
1676,36.28,27.12,40
1677,36.28,27.12,40
1678,36.00,27.67,40
1679,36.28,27.67,40
1680,36.00,26.84,40
1681,36.28,27.67,40
1682,36.00,27.67,40
1683,36.00,27.40,40
1684,36.28,27.67,40
1685,36.28,27.67,40
1686,36.28,27.12,40
1687,35.72,27.40,40
1688,36.28,27.40,40
1689,35.72,26.84,40
1690,36.28,27.12,40
1691,36.28,27.40,40
1692,36.00,26.84,40
1693,36.28,27.40,40
1694,36.28,27.40,40
1695,35.72,27.12,40
1696,36.00,27.12,40
1697,35.72,27.67,40
1698,36.00,27.12,40
1699,36.00,27.12,40
1700,36.00,27.40,40
1701,36.00,27.40,40
1702,36.28,27.40,40
1703,36.28,27.40,40
1704,36.28,27.12,40
1705,36.00,27.12,40
1706,36.56,27.40,40
1707,36.00,27.12,40
1708,36.00,26.84,40
1709,36.28,27.12,40
1710,36.28,27.40,40
1711,36.00,27.67,40
1712,35.72,26.84,40
1713,36.00,27.67,40
1714,36.28,26.84,40
1715,36.00,27.12,40
1716,36.00,27.67,40
1717,35.17,27.40,40
1718,36.00,26.84,40
1719,36.28,27.67,40
1720,35.72,27.40,40
1721,36.00,27.40,40
1722,35.45,27.40,40
1723,36.00,26.84,40
1724,36.00,26.84,40
1725,36.28,27.40,40
1726,36.00,27.12,40
1727,36.00,27.40,40
1729,36.28,27.67,40
1730,36.28,26.84,40
1731,36.00,27.67,40
1732,35.72,27.40,40
1733,36.28,27.12,40
1734,36.28,27.40,40
1735,36.28,26.84,40
1736,36.28,27.40,40
1737,36.00,27.40,40
1738,36.00,27.40,40
1739,36.28,27.67,40
1740,35.45,27.67,40
1741,36.28,27.40,40
1742,36.28,27.40,40
1743,36.56,27.67,40
1744,36.56,27.67,40
1745,36.28,27.67,40
1746,36.28,27.40,40
1747,36.28,27.12,40
1748,36.00,27.40,40
1749,36.00,27.40,40
1750,36.28,27.67,40
1751,35.72,27.67,40
1752,35.72,26.56,40
1753,36.00,27.40,40
1754,36.28,27.67,40
1755,36.00,27.67,40
1756,36.00,27.12,40
1757,35.72,26.84,40
1758,36.00,27.67,40
1759,36.00,27.12,40
1760,36.56,27.67,40
1761,36.28,27.12,40
1762,36.28,27.12,40
1763,36.28,27.12,40
1764,36.56,27.12,40
1765,36.56,27.40,40
1766,35.45,27.40,40
1767,36.00,27.12,40
1768,36.28,27.12,40
1769,36.00,27.67,40
1770,36.56,27.12,40
1771,36.00,27.67,40
1772,36.00,26.84,40
1773,36.28,26.84,40
1774,35.72,27.12,40
1775,36.28,26.56,40
1776,36.00,27.40,40
1777,36.28,27.67,40
1778,36.28,27.40,40
1779,36.28,27.40,40
1780,36.28,27.67,40
1781,35.72,26.84,40
1782,36.00,27.40,40
1783,36.00,27.67,40
1784,35.72,27.67,40
1785,36.56,27.67,40
1786,36.00,27.12,40
1787,36.00,27.67,40
1788,36.28,27.12,40
1789,36.28,27.12,40
1790,36.28,27.67,40
1791,35.72,27.40,40
1792,36.00,27.40,40
1793,36.56,26.56,40
1794,36.28,27.67,40
1795,36.28,27.12,40
1796,35.72,27.67,40
1797,36.28,27.40,40
1798,36.00,27.12,40
1799,35.45,27.67,40
1800,35.72,27.12,40
1801,36.56,27.12,0
1802,36.28,27.40,0
1803,36.28,27.12,0
1804,35.72,27.40,0
1805,36.00,27.12,0
1806,36.00,27.12,0
1807,35.72,27.12,0
1808,35.72,26.84,0
1809,35.72,27.67,0
1810,36.00,27.12,0
1811,36.00,26.84,0
1812,36.00,27.67,0
1813,35.72,27.40,0
1814,36.28,27.40,0
1815,35.72,27.95,0
1816,36.00,27.12,0
1817,35.72,26.84,0
1818,35.45,27.40,0
1819,35.72,26.84,0
1820,35.72,27.40,0
1821,35.72,27.67,0
1822,35.72,27.67,0
1823,36.00,27.67,0
1824,36.00,27.67,0
1825,35.72,27.67,0
1826,35.72,27.12,0
1827,35.72,27.67,0
1828,35.45,26.84,0
1829,35.45,27.67,0
1830,35.45,27.40,0
1831,36.00,27.40,0
1832,35.17,27.67,0
1833,35.72,27.12,0
1834,35.45,27.40,0
1835,35.17,27.67,0
1836,35.45,27.12,0
1837,35.45,27.67,0
1838,35.72,27.67,0
1839,35.45,27.67,0
1840,35.45,27.67,0
1841,35.17,27.40,0
1842,35.45,27.67,0
1843,35.45,27.40,0
1844,35.17,27.40,0
1845,34.89,26.84,0
1846,35.72,27.40,0
1847,35.45,27.40,0
1848,34.61,27.12,0
1849,35.17,27.12,0
1850,35.45,27.67,0
1851,35.45,27.67,0
1852,35.45,26.84,0
1853,34.89,27.67,0
1854,35.17,26.56,0
1855,35.45,27.67,0
1856,35.45,27.40,0
1857,35.45,27.67,0
1858,35.17,27.40,0
1859,34.61,27.40,0
1860,34.61,27.12,0
1861,34.33,27.12,0
1862,34.89,27.12,0
1863,35.45,27.67,0
1864,34.61,27.40,0
1865,34.89,27.12,0
1866,35.45,27.12,0
1867,34.61,26.84,0
1868,34.89,27.67,0
1869,35.17,27.12,0
1870,34.89,27.67,0
1871,35.45,27.67,0
1872,34.61,26.84,0
1873,35.45,27.40,0
1874,35.17,27.12,0
1875,34.89,27.12,0
1876,35.17,26.84,0
1877,34.89,27.12,0
1878,35.17,26.84,0
1879,34.33,27.67,0
1880,34.61,27.67,0
1881,34.89,27.40,0
1882,35.17,27.67,0
1883,34.61,27.40,0
1884,34.61,27.67,0
1885,34.89,27.40,0
1886,35.17,27.12,0
1887,34.89,27.40,0
1888,34.61,26.84,0
1889,35.17,27.12,0
1890,35.17,27.40,0
1891,34.89,27.40,0
1892,34.89,27.40,0
1893,34.61,27.12,0
1894,34.61,27.67,0
1895,34.89,27.12,0
1896,34.89,26.84,0
1897,34.89,27.12,0
1898,34.33,27.40,0
1899,34.89,27.40,0
1900,34.61,26.84,0
1901,34.61,27.12,0
1902,34.89,27.40,0
1903,34.61,27.67,0
1904,35.17,27.67,0
1905,34.89,27.40,0
1906,34.06,26.84,0
1907,34.61,27.67,0
1908,34.61,27.40,0
1909,34.61,27.67,0
1910,34.61,27.40,0
1911,34.89,27.40,0
1912,34.61,27.12,0
1913,34.61,27.67,0
1914,34.61,27.40,0
1915,34.61,27.40,0
1916,34.89,27.40,0
1917,34.61,27.12,0
1918,34.61,27.12,0
1919,34.89,27.40,0
1920,34.61,26.84,0
1921,34.06,27.40,0
1922,34.61,27.40,0
1923,34.61,27.40,0
1924,34.61,27.40,0
1925,34.06,26.84,0
1926,34.33,27.12,0
1927,34.06,27.67,0
1928,34.61,27.40,0
1929,34.61,26.84,0
1930,34.33,26.84,0
1931,34.33,27.12,0
1932,34.61,26.84,0
1933,34.61,27.40,0
1934,34.33,27.40,0
1935,34.33,27.12,0
1936,34.33,27.40,0
1937,34.33,27.67,0
1938,34.33,27.40,0
1939,34.33,27.40,0
1940,34.06,26.56,0
1941,34.06,27.67,0
1942,34.33,27.40,0
1943,34.89,27.40,0
1944,33.78,27.40,0
1945,34.06,27.40,0
1946,34.61,27.40,0
1947,34.33,27.40,0
1948,34.06,27.40,0
1949,33.78,27.40,0
1950,34.06,26.84,0
1951,34.33,26.84,0
1952,34.33,27.40,0
1953,34.06,26.84,0
1954,33.78,27.12,0
1955,34.33,27.12,0
1956,34.61,27.12,0
1957,34.33,27.40,0
1958,34.33,26.84,0
1959,34.06,27.40,0
1960,33.50,27.67,0
1961,34.06,27.40,0
1962,34.06,27.40,0
1963,33.78,27.12,0
1964,33.50,27.67,0
1965,34.06,27.40,0
1966,34.06,27.40,0
1967,34.06,26.84,0
1968,34.06,27.40,0
1969,34.06,27.40,0
1970,34.06,26.84,0
1971,34.33,26.84,0
1972,34.06,27.40,0
1973,34.06,27.12,0
1974,33.78,27.40,0
1975,34.06,26.84,0
1976,34.06,27.12,0
1977,34.06,26.84,0
1978,33.50,26.84,0
1979,34.06,26.56,0
1980,33.78,27.40,0
1981,34.06,27.67,0
1982,34.06,27.40,0
1983,33.22,26.84,0
1984,33.50,26.84,0
1985,34.06,27.12,0
1986,33.50,27.40,0
1987,33.78,27.40,0
1988,33.78,26.84,0
1989,34.06,27.40,0
1990,33.78,27.12,0
1991,33.78,27.40,0
1992,34.06,26.84,0
1993,33.78,27.12,0
1994,33.50,27.12,0
1995,33.50,27.12,0
1996,33.78,27.40,0
1997,34.06,27.12,0
1998,33.78,27.40,0
1999,33.78,27.40,0
2000,32.95,27.40,0
2001,33.78,27.12,0
2002,33.50,26.84,0
2003,33.78,27.40,0
2004,33.50,27.12,0
2005,33.50,27.12,0
2006,33.78,27.12,0
2007,33.50,27.12,0
2008,33.78,27.12,0
2009,33.78,27.40,0
2010,33.78,27.12,0
2011,33.50,27.40,0
2012,34.06,26.84,0
2013,33.50,27.40,0
2014,33.78,27.12,0
2015,33.50,27.40,0
2016,33.50,26.84,0
2017,33.22,27.12,0
2018,33.50,27.12,0
2019,33.22,27.12,0
2020,33.50,27.40,0
2021,32.67,27.40,0
2022,32.95,27.12,0
2023,33.50,27.12,0
2024,34.06,27.67,0
2025,33.50,27.12,0
2026,33.50,26.84,0
2027,33.22,26.84,0
2028,33.50,27.12,0
2029,33.50,27.12,0
2030,33.78,26.84,0
2031,33.50,27.12,0
2032,33.50,26.84,0
2033,33.50,27.40,0
2034,33.50,27.40,0
2035,32.67,27.12,0
2036,33.50,27.40,0
2037,33.50,26.84,0
2038,32.95,27.40,0
2039,33.50,27.40,0
2040,33.50,27.40,0
2041,33.78,27.40,0
2042,32.95,27.40,0
2043,33.22,27.40,0
2044,33.50,26.56,0
2045,33.50,27.12,0
2046,33.22,27.40,0
2047,33.22,27.40,0
2048,32.95,26.84,0
2049,33.22,26.84,0
2050,32.95,26.84,0
2051,32.95,27.40,0
2052,32.95,27.12,0
2053,33.22,27.12,0
2054,32.95,27.40,0
2055,33.22,26.84,0
2056,32.95,26.84,0
2057,33.22,26.56,0
2058,32.95,27.40,0
2059,33.22,27.40,0
2060,33.22,27.40,0
2061,33.22,26.84,0
2062,33.22,27.12,0
2063,33.50,27.12,0
2064,33.22,27.40,0
2065,32.95,26.84,0
2066,32.95,26.84,0
2067,33.22,27.12,0
2068,33.50,27.40,0
2069,33.22,26.84,0
2070,33.22,27.40,0
2071,32.95,26.84,0
2072,33.22,26.84,0
2073,33.22,27.12,0
2074,32.95,27.12,0
2075,32.95,26.84,0
2076,32.95,27.12,0
2077,32.67,27.12,0
2078,32.67,27.12,0
2079,32.67,27.12,0
2080,32.95,27.12,0
2081,32.67,27.12,0
2082,32.67,27.40,0
2083,32.95,26.56,0
2084,32.95,26.56,0
2085,32.67,26.56,0
2086,32.39,27.12,0
2087,32.67,27.12,0
2088,32.67,27.12,0
2089,32.95,27.40,0
2090,33.22,27.40,0
2091,33.22,27.12,0
2092,32.39,27.12,0
2093,32.95,27.12,0
2094,32.95,27.40,0
2095,32.39,26.84,0
2096,32.39,26.84,0
2097,32.95,26.84,0
2098,32.95,26.29,0
2099,32.95,27.12,0
2100,32.95,26.84,0
2101,33.22,27.67,0
2102,32.67,27.40,0
2103,32.67,26.84,0
2104,32.95,26.29,0
2105,32.95,27.12,0
2106,32.67,26.84,0
2107,32.95,27.40,0
2108,32.95,26.84,0
2109,32.39,26.56,0
2110,32.67,27.12,0
2111,32.67,27.12,0
2112,32.67,27.12,0
2113,32.95,27.12,0
2114,32.95,27.12,0
2115,32.95,27.12,0
2116,32.95,27.40,0
2117,32.95,26.84,0
2118,32.67,27.40,0
2119,32.67,26.84,0
2120,32.39,27.40,0
2121,32.95,27.12,0
2122,32.67,27.12,0
2123,32.39,26.84,0
2124,32.67,27.12,0
2125,32.67,27.12,0
2126,32.67,26.84,0
2127,32.67,27.40,0
2128,32.67,27.12,0
2129,32.67,26.84,0
2130,32.95,27.12,0
2131,32.39,27.40,0
2132,32.67,27.12,0
2133,32.67,27.67,0
2134,32.11,26.84,0
2135,32.67,27.40,0
2136,32.11,27.12,0
2137,32.67,26.56,0
2138,32.11,27.12,0
2139,32.67,26.84,0
2140,32.67,26.84,0
2141,32.11,27.12,0
2142,32.67,26.56,0
2143,32.11,26.56,0
2144,32.67,26.84,0
2145,32.11,27.12,0
2146,32.11,27.12,0
2147,32.39,26.84,0
2148,32.39,26.84,0
2149,31.56,26.84,0
2150,32.11,26.56,0
2151,32.39,27.12,0
2152,31.84,26.84,0
2153,32.39,27.12,0
2154,32.39,27.12,0
2155,31.84,26.84,0
2156,32.39,27.12,0
2157,32.67,26.84,0
2158,32.39,27.40,0
2159,32.11,26.84,0
2160,32.67,27.12,0
2162,32.39,27.12,0
2163,32.11,26.56,0
2164,31.84,27.12,0
2165,32.11,26.56,0
2166,32.39,26.56,0
2167,32.11,27.12,0
2168,32.39,27.12,0
2169,32.67,27.12,0
2170,32.67,26.56,0
2171,32.39,27.12,0
2172,32.11,27.12,0
2173,32.11,27.12,0
2174,32.39,27.12,0
2175,32.39,27.12,0
2176,32.11,27.12,0
2177,32.39,27.12,0
2178,32.11,27.12,0
2179,32.39,27.12,0
2180,32.39,26.84,0
2181,32.39,27.40,0
2182,32.39,26.84,0
2183,32.39,27.12,0
2184,32.39,26.56,0
2185,32.11,26.84,0
2186,31.56,26.84,0
2187,31.84,27.12,0
2188,32.11,27.12,0
2189,32.39,27.12,0
2190,32.39,27.12,0
2191,32.11,27.12,0
2192,32.39,26.56,0
2193,31.56,26.56,0
2194,32.39,26.84,0
2195,32.11,27.12,0
2196,32.11,27.12,0
2197,31.84,27.12,0
2198,32.11,27.12,0
2199,32.11,26.84,0
2200,32.11,27.12,0
2201,32.11,27.12,0
2202,32.11,27.12,0
2203,32.11,26.56,0
2204,31.56,27.40,0
2205,32.11,27.12,0
2206,32.11,27.40,0
2207,31.84,26.56,0
2208,32.11,27.12,0
2209,32.11,27.40,0
2210,32.11,27.12,0
2211,31.84,26.56,0
2212,32.11,26.84,0
2213,32.11,27.12,0
2214,32.11,27.12,0
2215,32.11,27.12,0
2216,31.84,27.12,0
2217,32.11,27.12,0
2218,31.56,27.12,0
2219,32.11,27.12,0
2220,32.11,27.12,0
2221,31.56,27.12,0
2222,31.28,26.84,0
2223,32.11,27.12,0
2224,32.11,26.84,0
2225,32.11,27.12,0
2226,32.11,27.12,0
2227,31.56,26.84,0
2228,31.84,26.84,0
2229,31.56,27.67,0
2230,31.28,27.12,0
2231,32.11,27.40,0
2232,31.56,27.12,0
2233,32.11,27.12,0
2234,31.84,27.12,0
2235,31.84,26.56,0
2236,31.84,27.12,0
2237,32.11,26.84,0
2238,31.28,27.12,0
2239,31.84,26.56,0
2240,32.11,26.56,0
2241,31.84,27.12,0
2242,31.28,26.56,0
2243,31.84,27.12,0
2244,31.56,26.84,0
2245,32.11,26.56,0
2246,31.84,27.12,0
2247,31.84,27.12,0
2248,31.84,26.84,0
2249,31.56,27.12,0
2250,31.84,27.12,0
2251,32.11,26.84,0
2252,31.84,26.84,0
2253,31.28,26.84,0
2254,31.84,27.12,0
2255,31.84,27.12,0
2256,31.56,27.12,0
2257,31.28,26.84,0
2258,31.84,26.84,0
2259,31.84,27.12,0
2260,31.84,27.12,0
2261,31.84,27.12,0
2262,31.84,26.56,0
2263,31.84,26.84,0
2264,31.56,27.12,0
2265,31.56,26.84,0
2266,31.28,27.12,0
2267,31.56,27.12,0
2268,31.28,26.84,0
2269,31.84,26.56,0
2270,31.84,27.12,0
2271,31.56,26.84,0
2272,31.28,26.56,0
2273,31.56,26.84,0
2274,31.28,26.84,0
2275,31.84,27.12,0
2276,31.28,26.84,0
2277,31.84,26.84,0
2278,31.56,27.12,0
2279,31.56,26.29,0
2280,31.28,27.12,0
2281,31.56,26.84,0
2282,31.56,27.12,0
2283,31.84,26.56,0
2284,31.28,26.56,0
2285,31.56,27.12,0
2286,31.28,27.12,0
2287,31.00,27.12,0
2288,31.56,27.12,0
2289,31.28,26.84,0
2290,31.84,27.12,0
2291,31.56,26.84,0
2292,31.28,27.40,0
2293,31.56,26.56,0
2294,31.00,26.56,0
2295,31.56,26.29,0
2296,31.56,26.56,0
2297,31.56,27.12,0
2298,31.56,27.12,0
2299,31.84,27.12,0
2300,31.00,27.12,0
2301,31.00,26.84,0
2302,31.56,26.84,0
2303,31.56,27.12,0
2304,31.56,27.12,0
2305,31.00,27.12,0
2306,31.00,26.56,0
2307,31.56,27.40,0
2308,31.56,27.12,0
2309,31.84,27.12,0
2310,31.56,27.12,0
2311,31.56,27.12,0
2312,31.56,27.12,0
2313,31.56,26.84,0
2314,31.00,27.40,0
2315,31.56,27.12,0
2316,31.56,27.12,0
2317,31.56,26.56,0
2318,31.56,26.29,0
2319,31.56,27.12,0
2320,31.56,26.56,0
2321,31.56,26.84,0
2322,31.56,27.12,0
2323,31.28,26.56,0
2324,31.56,27.12,0
2325,31.00,26.84,0
2326,31.56,26.84,0
2327,31.56,27.12,0
2328,31.56,27.12,0
2329,31.56,27.12,0
2330,31.56,27.12,0
2331,31.56,27.40,0
2332,31.28,26.56,0
2333,31.28,26.84,0
2334,31.28,27.12,0
2335,31.56,26.56,0
2336,31.00,27.40,0
2337,31.00,26.84,0
2338,31.28,27.12,0
2339,31.00,26.56,0
2340,31.28,26.84,0
2341,31.56,26.84,0
2342,31.56,26.84,0
2343,31.28,27.12,0
2344,31.28,26.56,0
2345,31.28,27.12,0
2346,30.73,27.12,0
2347,31.28,26.84,0
2348,30.73,26.29,0
2349,31.00,26.01,0
2350,31.28,27.40,0
2351,31.56,26.84,0
2352,31.56,26.56,0
2353,31.56,26.56,0
2354,30.73,26.56,0
2355,31.00,27.12,0
2356,31.28,27.12,0
2357,31.00,26.56,0
2358,31.28,26.56,0
2359,31.28,27.12,0
2360,31.56,26.84,0
2361,31.28,26.56,0
2362,30.73,26.56,0
2363,31.28,27.12,0
2364,31.00,27.12,0
2365,31.28,27.12,0
2366,31.28,27.12,0
2367,31.00,27.12,0
2368,31.28,27.12,0
2369,31.56,26.56,0
2370,31.28,26.56,0
2371,31.00,27.12,0
2372,31.28,26.84,0
2373,31.56,26.84,0
2374,30.17,26.84,0
2375,31.00,26.84,0
2376,31.00,26.56,0
2377,31.56,26.84,0
2378,31.28,27.12,0
2379,30.73,26.84,0
2380,31.28,27.12,0
2381,30.73,27.12,0
2382,30.17,26.84,0
2383,30.73,26.56,0
2384,30.73,27.12,0
2385,31.28,27.12,0
2386,31.00,27.12,0
2387,31.28,27.12,0
2388,31.00,26.56,0
2389,31.28,26.84,0
2390,31.28,27.12,0
2391,30.45,27.12,0
2392,30.73,27.12,0
2393,31.00,26.84,0
2394,31.28,26.84,0
2395,30.17,27.12,0
2396,31.28,26.84,0
2397,31.00,27.12,0
2398,30.73,26.84,0
2399,31.28,26.56,0
2400,31.00,26.84,0
2401,31.00,26.56,0
2402,30.73,27.12,0
2403,31.28,26.84,0
2404,31.00,26.84,0
2405,31.00,27.12,0
2406,31.28,27.12,0
2407,30.73,27.12,0
2408,31.00,27.12,0
2409,30.45,26.84,0
2410,31.00,26.84,0
2411,31.00,26.84,0
2412,31.28,27.12,0
2413,30.73,27.12,0
2414,31.28,26.84,0
2415,30.45,26.56,0
2416,31.00,26.29,0
2417,31.00,26.84,0
2418,30.73,27.12,0
2419,31.00,26.84,0
2420,31.00,27.12,0
2421,31.00,27.12,0
2422,30.73,26.84,0
2423,31.00,26.84,0
2424,31.00,27.12,0
2425,31.00,27.12,0
2426,31.00,26.56,0
2427,31.28,27.12,0
2428,31.00,27.12,0
2429,31.00,27.12,0
2430,31.00,26.56,0
2431,30.45,27.12,0
2432,30.45,26.56,0
2433,31.00,26.84,0
2434,31.00,27.12,0
2435,29.89,27.12,0
2436,31.00,27.12,0
2437,31.00,27.12,0
2438,30.45,27.12,0
2439,31.00,27.12,0
2440,30.45,26.56,0
2441,30.73,27.12,0
2442,31.00,26.84,0
2443,30.73,27.40,0
2444,30.73,27.12,0
2445,31.28,27.12,0
2446,31.00,26.84,0
2447,30.73,26.84,0
2448,30.73,27.12,0
2449,30.45,27.12,0
2450,31.00,27.12,0
2451,30.45,26.84,0
2452,30.45,27.12,0
2453,29.89,27.12,0
2454,30.73,26.84,0
2455,31.00,27.12,0
2456,30.73,27.12,0
2457,30.73,27.12,0
2458,30.73,26.84,0
2459,30.45,27.12,0
2460,30.45,26.84,0
2461,30.73,26.56,0
2462,31.00,26.84,0
2463,30.73,27.12,0
2464,30.73,26.56,0
2465,30.73,26.56,0
2466,31.00,26.84,0
2467,30.45,27.12,0
2468,31.00,26.56,0
2469,30.73,26.01,0
2470,30.73,27.40,0
2471,30.45,26.56,0
2472,31.00,26.56,0
2473,30.73,27.12,0
2474,31.00,27.12,0
2475,30.45,26.56,0
2476,30.17,26.56,0
2477,30.73,26.84,0
2478,30.73,26.84,0
2479,30.73,27.12,0
2480,30.73,27.12,0
2481,30.45,27.12,0
2482,30.73,27.12,0
2483,31.00,26.56,0
2484,30.73,26.56,0
2485,30.45,26.84,0
2486,30.73,27.12,0
2487,30.45,26.56,0
2488,30.45,26.56,0
2489,30.17,26.56,0
2490,30.45,27.12,0
2491,30.73,27.12,0
2492,30.45,26.29,0
2493,30.73,27.12,0
2494,30.45,26.56,0
2495,30.45,26.84,0
2496,30.73,26.56,0
2497,30.45,26.84,0
2498,30.45,26.56,0
2499,30.17,26.84,0
2500,30.45,26.84,0
2501,30.73,27.12,0
2502,30.73,27.12,0
2503,30.73,27.12,0
2504,30.73,26.56,0
2505,30.73,27.12,0
2506,30.45,27.12,0
2507,30.73,26.84,0
2508,30.73,26.29,0
2509,30.45,26.84,0
2510,30.73,26.84,0
2511,30.73,26.56,0
2512,30.73,26.56,0
2513,30.73,27.12,0
2514,30.45,27.12,0
2515,30.17,26.56,0
2516,30.17,27.12,0
2517,30.73,27.12,0
2518,30.73,26.84,0
2519,30.73,26.84,0
2520,30.17,26.56,0
2521,30.17,26.56,0
2522,30.73,26.84,0
2523,30.45,27.12,0
2524,30.73,26.56,0
2525,30.73,27.12,0
2526,30.17,27.12,0
2527,30.73,26.56,0
2528,30.73,26.56,0
2529,30.45,26.84,0
2530,30.17,27.12,0
2531,30.73,26.56,0
2532,30.17,26.84,0
2533,30.45,26.56,0
2534,30.45,26.56,0
2535,30.17,26.84,0
2536,30.73,26.56,0
2537,30.73,26.84,0
2538,30.73,27.12,0
2539,30.17,26.56,0
2540,30.17,27.12,0
2541,30.17,26.84,0
2542,30.73,26.56,0
2543,30.17,27.12,0
2544,30.45,27.12,0
2545,30.73,26.84,0
2546,29.89,27.12,0
2547,29.89,26.56,0
2548,29.89,26.84,0
2549,29.89,27.12,0
2550,30.73,27.12,0
2551,30.73,26.84,0
2552,29.89,26.56,0
2553,30.45,26.29,0
2554,30.17,26.29,0
2555,29.89,26.56,0
2556,30.73,26.56,0
2557,31.00,26.56,0
2558,30.73,26.84,0
2559,30.73,26.56,0
2560,30.45,27.12,0
2561,30.45,27.12,0
2562,30.45,27.12,0
2563,30.45,26.56,0
2564,30.45,27.12,0
2565,30.45,26.56,0
2566,30.73,27.12,0
2567,30.17,26.29,0
2568,30.45,27.12,0
2569,30.17,27.12,0
2570,30.45,26.56,0
2571,30.17,27.12,0
2572,30.17,26.84,0
2573,30.17,27.12,0
2574,30.45,27.12,0
2575,30.45,26.84,0
2576,30.45,27.12,0
2577,30.17,27.12,0
2578,30.45,27.12,0
2579,30.17,27.12,0
2580,30.45,27.12,0
2581,29.89,26.56,0
2582,30.17,27.12,0
2583,29.89,26.84,0
2584,30.17,27.12,0
2585,30.45,27.12,0
2586,30.45,27.12,0
2587,29.89,26.56,0
2588,29.89,26.01,0
2589,30.17,26.56,0
2590,30.45,26.84,0
2591,30.45,26.56,0
2592,29.89,27.12,0
2593,29.89,27.12,0
2594,30.73,26.56,0
2596,30.45,26.29,0
2597,29.89,26.29,0
2598,30.45,26.84,0
2599,30.45,27.12,0
2600,30.17,26.84,0
2601,30.17,26.84,0
2602,30.17,26.84,0
2603,29.89,26.84,0
2604,29.62,26.84,0
2605,30.45,26.56,0
2606,30.17,26.84,0
2607,30.17,26.84,0
2608,30.17,26.84,0
2609,30.45,26.56,0
2610,30.45,27.12,0
2611,29.89,27.12,0
2612,30.45,27.12,0
2613,29.89,27.12,0
2614,29.89,27.12,0
2615,30.17,27.12,0
2616,29.34,27.12,0
2617,29.89,26.29,0
2618,30.45,26.56,0
2619,30.73,27.12,0
2620,30.17,26.29,0
2621,30.45,26.56,0
2622,30.45,26.56,0
2623,30.17,27.12,0
2624,29.89,26.56,0
2625,30.17,26.84,0
2626,30.45,27.12,0
2627,29.89,27.12,0
2628,30.17,26.84,0
2629,29.89,26.84,0
2630,30.17,26.56,0
2631,30.17,26.84,0
2632,29.89,27.12,0
2633,30.45,26.84,0
2634,30.17,26.84,0
2635,30.17,26.84,0
2636,30.17,27.12,0
2637,30.45,27.40,0
2638,29.89,26.56,0
2639,29.62,26.56,0
2640,29.89,27.12,0
2641,30.45,26.56,0
2642,30.17,26.84,0
2643,30.17,26.56,0
2644,29.89,26.56,0
2645,29.62,26.84,0
2646,30.45,26.84,0
2647,30.17,26.56,0
2648,29.62,26.29,0
2649,30.45,26.84,0
2650,29.89,27.12,0
2651,29.34,26.56,0
2652,29.89,26.84,0
2653,29.62,26.56,0
2654,30.17,26.84,0
2655,30.17,26.56,0
2656,30.17,26.84,0
2657,29.89,26.56,0
2658,30.17,26.56,0
2659,30.17,26.29,0
2660,30.17,26.56,0
2661,30.17,26.56,0
2662,30.17,26.84,0
2663,30.17,26.29,0
2664,29.89,26.84,0
2665,29.89,26.84,0
2666,29.89,26.84,0
2667,29.62,27.12,0
2668,30.17,26.84,0
2669,30.17,26.56,0
2670,29.89,26.84,0
2671,30.17,26.84,0
2672,30.17,26.84,0
2673,30.17,26.84,0
2674,29.89,26.84,0
2675,29.89,27.12,0
2676,29.89,26.56,0
2677,30.17,26.84,0
2678,30.17,26.84,0
2679,29.89,26.84,0
2680,29.89,26.84,0
2681,30.17,26.84,0
2682,29.89,26.56,0
2683,30.17,26.29,0
2684,30.17,26.84,0
2685,30.17,26.84,0
2686,29.06,26.84,0
2687,29.89,26.84,0
2688,29.62,26.29,0
2689,29.62,26.84,0
2690,29.89,26.84,0
2691,29.89,26.84,0
2692,29.62,27.12,0
2693,29.34,26.29,0
2694,29.62,26.29,0
2695,29.89,26.84,0
2696,30.17,26.84,0
2697,29.89,26.84,0
2698,29.89,26.56,0
2699,30.17,26.84,0
2700,29.89,27.12,0
2701,29.89,26.56,0
2702,29.89,26.29,0
2703,29.89,26.56,0
2704,29.89,27.12,0
2705,30.17,26.84,0
2706,29.89,26.56,0
2707,29.89,26.56,0
2708,29.62,26.56,0
2709,29.06,26.84,0
2710,29.89,26.56,0
2711,29.89,26.56,0
2712,29.89,26.84,0
2713,30.17,26.56,0
2714,29.89,26.56,0
2715,29.89,26.84,0
2716,29.89,26.56,0
2717,30.17,26.56,0
2718,29.89,26.56,0
2719,29.62,27.12,0
2720,29.89,26.56,0
2721,30.17,26.56,0
2722,29.89,26.84,0
2723,29.89,26.84,0
2724,29.62,27.12,0
2725,29.89,26.01,0
2726,29.89,26.84,0
2727,30.17,26.84,0
2728,29.89,26.56,0
2729,29.89,27.12,0
2730,30.17,26.84,0
2731,29.62,26.01,0
2732,30.17,26.84,0
2733,29.89,26.01,0
2734,29.34,26.56,0
2735,30.17,26.56,0
2736,29.89,27.12,0
2737,29.89,26.84,0
2738,29.89,27.12,0
2739,29.89,27.12,0
2740,29.89,26.84,0
2741,30.17,27.12,0
2742,29.34,26.01,0
2743,30.17,26.84,0
2744,30.17,27.12,0
2745,29.89,26.84,0
2746,29.89,26.84,0
2747,29.62,26.56,0
2748,29.34,26.84,0
2749,29.89,26.56,0
2750,29.34,27.12,0
2751,29.34,27.12,0
2752,29.89,26.84,0
2753,28.78,26.84,0
