0,28.51,25.73,27
1,29.06,26.56,27
2,29.06,26.56,27
3,29.06,27.12,27
4,29.62,26.56,27
5,29.34,27.40,27
6,29.34,27.40,27
7,29.62,27.40,27
8,29.62,27.40,27
9,29.89,26.84,27
10,29.89,27.40,27
11,29.89,27.40,27
12,29.62,27.40,27
13,29.89,27.67,27
14,29.89,27.67,27
15,29.89,27.67,27
16,29.89,27.67,27
17,29.62,27.12,27
18,30.17,27.95,27
19,30.17,27.67,27
20,30.17,27.67,27
21,30.17,27.12,27
22,29.62,27.40,27
23,30.45,27.40,27
24,29.89,27.40,27
25,30.45,27.67,27
26,29.89,27.67,27
27,30.17,27.40,27
28,30.73,27.12,27
29,30.17,27.67,27
30,29.89,27.40,27
31,29.89,27.67,27
32,30.17,27.95,27
33,30.17,27.67,27
34,30.45,27.40,27
35,30.17,27.67,27
36,30.73,27.67,27
37,29.89,27.67,27
38,29.89,27.67,27
39,30.45,27.67,27
40,30.73,27.67,27
41,30.73,27.40,27
42,30.45,27.67,27
43,30.17,27.67,27
44,30.73,27.12,27
45,30.17,27.67,27
46,30.73,27.40,27
47,30.17,27.12,27
48,30.73,27.67,27
49,30.45,27.67,27
50,30.17,27.67,27
51,31.00,26.84,27
52,30.73,27.67,27
53,30.45,27.67,27
54,30.73,27.67,27
55,31.00,27.67,27
56,30.45,27.95,27
57,30.73,27.40,27
58,30.45,27.40,27
59,30.45,27.40,27
60,30.73,27.40,27
61,30.73,27.12,27
62,30.73,27.12,27
63,31.00,27.67,27
64,31.00,27.40,27
65,31.28,27.40,27
66,30.73,27.67,27
67,31.00,27.67,27
68,30.73,27.67,27
69,31.00,27.67,27
70,31.28,27.67,27
71,31.00,27.40,27
72,31.00,28.23,27
73,31.28,27.67,27
74,31.00,27.40,27
75,31.00,27.67,27
76,31.28,27.67,27
77,31.28,27.40,27
78,31.28,27.12,27
79,31.28,27.40,27
80,31.28,27.40,27
81,31.00,27.67,27
82,31.28,27.67,27
83,31.28,27.95,27
84,31.28,27.67,27
85,31.28,27.67,27
86,31.28,27.95,27
87,31.28,27.95,27
88,30.73,27.40,27
89,31.56,27.67,27
90,31.28,27.95,27
91,31.56,27.40,27
92,31.28,27.67,27
93,31.56,27.95,27
94,31.28,27.95,27
95,31.28,27.95,27
96,31.28,27.67,27
97,31.28,27.95,27
98,31.00,27.95,27
99,31.28,27.67,27
100,31.28,27.40,27
101,31.00,27.67,27
102,31.56,27.95,27
103,31.56,27.95,27
104,31.00,27.95,27
105,31.56,28.23,27
106,31.56,27.95,27
107,31.56,27.95,27
108,31.56,27.40,27
109,31.56,27.40,27
110,31.84,27.67,27
111,31.56,27.95,27
112,31.56,27.95,27
113,32.11,27.95,27
114,31.28,27.67,27
115,31.84,27.95,27
116,31.56,27.67,27
117,31.28,27.67,27
118,31.84,27.95,27
119,31.84,27.95,27
120,31.84,27.95,27
121,31.84,27.67,27
122,31.84,27.40,27
123,31.56,27.95,27
124,31.84,27.67,27
125,32.39,28.23,27
126,31.84,27.67,27
127,32.11,27.95,27
128,31.56,27.67,27
129,31.84,28.23,27
130,32.11,28.23,27
131,31.56,27.40,27
132,31.84,27.67,27
133,32.11,27.67,27
134,31.84,27.67,27
135,32.11,27.95,27
136,31.84,27.95,27
137,32.11,27.95,27
138,31.84,28.23,27
139,32.11,27.40,27
140,31.84,27.40,27
141,31.56,27.67,27
142,31.56,27.67,27
143,32.11,27.95,27
144,32.11,28.23,27
145,32.39,27.67,27
146,32.11,27.40,27
147,32.67,27.95,27
148,31.84,27.67,27
149,31.84,27.67,27
150,32.67,27.95,27
151,31.84,27.95,27
152,32.11,27.40,27
153,32.39,27.40,27
154,32.11,27.95,27
155,32.11,27.67,27
156,32.11,27.67,27
157,32.67,27.67,27
158,32.11,27.95,27
159,32.39,28.23,27
160,32.67,28.23,27
161,31.84,27.95,27
162,32.39,27.40,27
163,31.84,27.95,27
164,32.11,27.40,27
165,32.39,28.23,27
166,32.11,27.95,27
167,32.11,27.67,27
168,32.39,27.67,27
169,32.39,28.23,27
170,32.67,27.95,27
171,31.84,27.67,27
172,32.39,27.95,27
173,32.11,27.95,27
174,32.11,28.23,27
175,32.39,27.95,27
176,32.11,27.67,27
177,32.39,27.67,27
178,31.84,27.67,27
179,32.67,27.67,27
180,32.39,27.95,27
181,32.11,27.95,27
182,32.39,27.95,27
183,32.67,27.95,27
184,32.39,27.40,27
185,32.67,27.95,27
186,32.67,28.23,27
187,32.67,27.40,27
188,32.39,27.67,27
189,32.39,27.95,27
190,32.11,27.40,27
191,32.95,28.23,27
192,32.39,28.23,27
193,32.67,27.67,27
194,32.95,27.95,27
195,32.67,28.23,27
196,32.67,28.23,27
197,32.95,28.23,27
198,32.67,28.23,27
199,32.39,27.95,27
200,32.39,28.23,27
201,32.67,27.95,27
202,32.95,27.95,27
203,32.95,27.95,27
204,32.95,27.95,27
205,32.95,27.95,27
206,32.95,27.95,27
207,32.67,27.95,27
208,32.95,28.23,27
209,32.95,27.95,27
210,32.95,27.67,27
211,32.95,27.95,27
212,32.95,27.95,27
213,32.95,27.95,27
214,33.22,27.95,27
215,32.67,27.95,27
216,32.67,27.67,27
217,32.95,28.23,27
218,33.22,27.95,27
219,32.95,28.23,27
220,32.67,27.95,27
221,33.22,27.67,27
222,33.50,27.95,27
223,33.22,27.67,27
224,32.67,27.95,27
225,32.95,28.23,27
226,33.22,28.23,27
227,33.22,27.95,27
228,33.22,27.95,27
229,33.50,28.23,27
230,33.22,28.23,27
231,33.22,28.23,27
232,32.95,27.95,27
233,33.22,28.23,27
234,32.95,27.95,27
235,32.67,27.95,27
236,33.22,28.23,27
237,32.95,28.23,27
238,33.50,27.95,27
239,33.50,27.67,27
240,33.50,27.67,27
241,33.22,28.23,27
242,33.50,28.23,27
243,32.95,28.23,27
244,33.22,27.67,27
245,33.50,28.23,27
246,32.95,28.23,27
247,33.50,28.23,27
248,33.22,27.95,27
249,33.22,27.95,27
250,33.50,28.23,27
251,33.50,28.23,27
252,33.78,28.23,27
253,33.22,27.95,27
254,32.95,28.23,27
255,33.50,27.95,27
256,33.22,27.67,27
257,33.50,28.23,27
258,33.22,28.23,27
259,33.50,28.23,27
260,33.22,28.51,27
261,32.95,27.95,27
262,33.22,28.23,27
263,32.95,28.23,27
264,33.50,28.23,27
265,32.95,28.51,27
266,33.78,28.23,27
267,33.50,28.51,27
268,33.22,28.23,27
269,33.50,27.95,27
270,33.50,28.23,27
271,32.95,28.23,27
272,33.78,28.51,27
273,33.78,28.23,27
274,33.50,27.95,27
275,33.78,27.67,27
276,33.78,28.23,27
277,33.50,28.23,27
278,33.50,28.23,27
279,33.50,28.23,27
280,33.50,27.67,27
281,33.78,28.23,27
282,33.78,28.23,27
283,33.78,27.67,27
284,34.06,28.51,27
285,34.06,27.95,27
286,33.50,28.23,27
287,33.22,28.51,27
288,33.78,27.95,27
289,33.50,27.95,27
290,34.06,27.95,27
291,33.78,27.67,27
292,33.78,28.23,27
293,33.78,28.23,27
294,33.50,27.95,27
295,33.78,27.95,27
296,33.78,28.51,27
297,33.78,27.95,27
298,34.06,27.95,27
299,33.50,28.23,27
300,33.78,27.95,27
301,33.78,28.51,27
302,34.61,28.23,27
303,33.50,28.23,27
304,34.06,27.95,27
305,33.78,27.95,27
306,34.06,28.23,27
307,34.06,28.51,27
308,33.78,28.51,27
309,34.06,28.51,27
310,33.78,28.51,27
311,34.06,28.23,27
312,34.06,28.23,27
313,33.50,27.95,27
314,34.06,27.95,27
315,34.06,28.23,27
316,33.78,27.95,27
317,34.33,28.23,27
318,34.06,28.23,27
319,33.78,28.23,27
320,34.89,27.67,27
321,34.06,28.23,27
322,34.06,28.23,27
323,33.78,28.51,27
324,33.50,27.95,27
325,34.33,28.51,27
326,34.33,27.95,27
327,34.06,28.23,27
328,34.33,27.67,27
329,34.06,28.23,27
330,33.78,28.23,27
331,34.33,28.23,27
332,34.33,27.95,27
333,34.06,28.23,27
334,34.33,28.23,27
335,34.33,28.51,27
336,34.06,28.78,27
337,34.33,27.95,27
338,34.06,28.23,27
339,34.33,28.51,27
340,34.33,28.23,27
341,34.06,28.78,27
342,34.33,28.23,27
343,34.61,27.95,27
344,34.33,27.95,27
345,34.06,27.95,27
346,34.33,28.51,27
347,33.78,28.51,27
348,34.33,28.23,27
349,34.33,27.40,27
350,34.33,28.51,27
351,34.06,28.23,27
352,34.06,28.51,27
353,34.33,28.51,27
354,33.78,28.23,27
355,34.33,28.51,27
356,34.33,28.51,27
357,34.33,28.51,27
358,34.33,28.51,27
359,34.33,28.23,27
360,34.89,28.78,27
361,34.61,28.51,27
362,34.33,28.51,27
363,34.06,28.51,27
364,34.33,28.51,27
365,34.61,28.23,27
366,34.33,27.95,27
367,34.06,28.78,27
368,34.61,28.23,27
369,34.33,28.51,27
370,34.61,28.78,27
371,34.61,27.95,27
372,34.89,28.23,27
373,34.06,27.95,27
374,34.33,27.67,27
375,34.89,28.51,27
376,34.61,28.51,27
377,34.33,28.51,27
378,34.89,28.23,27
379,34.89,28.51,27
380,34.89,28.23,27
381,34.33,28.51,27
382,34.33,28.51,27
383,34.61,28.51,27
384,34.33,28.51,27
385,34.61,27.95,27
386,34.61,28.51,27
387,35.17,28.51,27
388,34.89,28.51,27
389,35.17,28.51,27
390,34.61,28.51,27
391,34.61,28.51,27
392,34.61,28.51,27
393,34.61,28.51,27
394,34.33,28.23,27
395,34.61,28.78,27
396,34.89,27.95,27
397,34.61,28.51,27
398,34.89,27.95,27
399,35.17,27.95,27
400,35.17,28.51,27
401,34.89,28.51,27
402,34.61,28.51,27
403,34.61,28.51,27
404,34.89,28.78,27
405,34.89,28.51,27
406,34.33,28.51,27
407,34.61,28.51,27
408,35.17,28.51,27
409,34.89,28.51,27
410,35.45,28.51,27
411,34.89,28.78,27
412,34.61,28.78,27
413,34.89,28.51,27
414,34.89,28.51,27
415,34.61,28.78,27
416,34.89,28.51,27
417,34.61,28.23,27
418,35.17,28.78,27
419,34.89,28.51,27
420,35.17,28.51,27
421,34.33,28.78,27
422,35.17,28.23,27
423,34.33,28.51,27
424,35.17,28.23,27
425,34.89,28.23,27
426,34.89,28.23,27
427,34.61,27.95,27
428,34.89,28.51,27
429,34.89,27.95,27
430,34.89,28.78,27
431,35.45,28.51,27
432,34.89,28.51,27
433,34.61,28.23,27
434,34.89,28.23,27
435,34.89,28.78,27
437,34.89,29.06,27
438,35.45,27.40,27
439,34.89,28.51,27
440,34.89,28.51,27
441,34.61,28.78,27
442,35.45,28.51,27
443,35.17,28.23,27
444,35.45,28.78,27
445,34.89,28.51,27
446,35.17,28.23,27
447,34.89,28.51,27
448,35.17,28.51,27
449,34.89,28.23,27
450,35.17,27.67,27
451,34.89,28.51,27
452,35.17,27.67,27
453,35.45,28.51,27
454,35.17,28.51,27
455,35.45,28.78,27
456,35.45,28.23,27
457,35.17,28.78,27
458,34.89,28.51,27
459,35.45,28.51,27
460,35.17,28.23,27
461,35.45,28.51,27
462,35.17,28.51,27
463,35.72,28.51,27
464,35.45,28.78,27
465,35.17,28.51,27
466,35.17,28.78,27
467,35.17,28.78,27
468,35.45,28.51,27
469,35.72,28.23,27
470,35.45,28.51,27
471,35.45,28.51,27
472,35.17,28.78,27
473,34.89,28.23,27
474,35.17,28.23,27
475,35.17,28.23,27
476,34.61,27.95,27
477,35.72,28.78,27
478,35.17,28.51,27
479,35.72,28.78,27
480,35.17,28.78,27
481,35.17,28.51,27
482,35.72,27.95,27
483,34.61,28.51,27
484,35.45,28.51,27
485,35.72,28.51,27
486,34.89,28.51,27
487,35.45,28.23,27
488,35.45,28.78,27
489,34.89,28.78,27
490,35.45,28.51,27
491,35.17,28.78,27
492,34.89,28.51,27
493,35.17,28.78,27
494,35.45,28.51,27
495,35.72,27.67,27
496,35.72,28.78,27
497,35.72,28.23,27
498,35.45,29.06,27
499,34.61,27.95,27
500,35.72,27.95,27
501,35.72,28.51,27
502,34.89,28.78,27
503,34.89,28.78,27
504,35.72,28.78,27
505,35.45,28.78,27
506,35.45,28.78,27
507,36.00,28.23,27
508,35.45,28.23,27
509,35.45,28.51,27
510,35.17,28.78,27
511,35.17,28.51,27
512,35.17,28.23,27
513,35.17,28.23,27
514,35.72,28.78,27
515,35.72,28.78,27
516,35.45,28.78,27
517,35.72,28.78,27
518,35.72,28.23,27
519,35.17,28.51,27
520,35.72,28.51,27
521,35.72,28.51,27
522,35.72,28.23,27
523,35.72,28.23,27
524,35.17,27.95,27
525,35.72,28.23,27
526,35.17,28.78,27
527,35.72,28.51,27
528,35.45,28.51,27
529,35.45,28.78,27
530,35.17,28.51,27
531,35.45,28.51,27
532,35.72,28.51,27
533,35.72,28.51,27
534,35.72,28.51,27
535,36.00,28.23,27
536,35.72,28.51,27
537,36.00,28.78,27
538,35.72,28.51,27
539,35.45,28.78,27
540,36.00,27.95,27
541,35.72,28.78,27
542,35.72,28.78,27
543,35.17,28.78,27
544,35.45,28.78,27
545,35.72,28.23,27
546,35.72,28.23,27
547,36.00,28.23,27
548,35.72,28.51,27
549,35.17,28.51,27
550,36.00,28.23,27
551,36.00,28.78,27
552,35.72,28.78,27
553,36.28,28.78,27
554,35.45,28.51,27
555,36.00,28.51,27
556,35.17,28.78,27
557,35.45,28.78,27
558,35.45,28.78,27
559,36.00,28.23,27
560,36.00,28.23,27
561,35.72,28.51,27
562,35.45,28.51,27
563,35.72,28.78,27
564,34.89,27.95,27
565,36.00,28.78,27
566,35.72,28.51,27
567,36.00,28.78,27
568,35.72,28.78,27
569,36.00,28.78,27
570,36.00,27.95,27
571,36.00,28.51,27
572,35.72,28.51,27
573,35.72,28.23,27
574,36.28,28.51,27
575,35.72,27.95,27
576,36.00,28.51,27
577,36.00,28.78,27
578,36.00,28.78,27
579,36.00,28.51,27
580,35.45,28.78,27
581,35.45,28.78,27
582,36.00,28.23,27
583,35.72,28.78,27
584,35.72,28.78,27
585,36.00,27.95,27
586,35.72,28.51,27
587,36.00,28.51,27
588,36.28,28.78,27
589,36.00,28.78,27
590,36.00,28.78,27
591,35.45,28.78,27
592,36.00,28.51,27
593,36.28,28.78,27
594,36.00,28.78,27
595,36.00,28.78,27
596,35.72,27.95,27
597,35.72,28.51,27
598,36.28,28.78,27
599,36.28,28.23,27
600,36.00,28.78,27
601,36.28,28.23,27
602,36.00,28.78,27
603,36.00,28.78,27
604,36.00,29.06,27
605,36.00,28.78,27
606,35.72,28.78,27
607,36.00,28.78,27
608,36.28,28.78,27
609,36.28,27.95,27
610,36.00,28.78,27
611,36.00,28.78,27
612,36.28,28.23,27
613,36.00,28.51,27
614,35.72,28.23,27
615,36.28,28.78,27
616,36.28,28.51,27
617,36.28,28.78,27
618,36.00,28.51,27
619,36.28,28.78,27
620,36.00,28.51,27
621,36.00,28.23,27
622,35.72,28.78,27
623,36.00,28.23,27
624,36.00,28.23,27
625,36.00,28.78,27
626,36.00,28.78,27
627,36.00,28.51,27
628,36.28,28.51,27
629,36.00,28.51,27
630,36.28,28.51,27
631,35.72,27.95,27
632,36.28,28.23,27
633,36.28,28.78,27
634,35.72,28.78,27
635,36.00,28.51,27
636,36.28,28.78,27
637,35.72,28.78,27
638,36.28,28.78,27
639,36.28,28.51,27
640,36.28,28.78,27
641,36.28,28.51,27
642,36.00,28.78,27
643,35.45,28.78,27
644,36.00,28.78,27
645,36.00,28.51,27
646,36.00,28.78,27
647,36.28,27.95,27
648,35.72,28.51,27
649,36.56,27.95,27
650,36.28,28.78,27
651,36.28,28.78,27
652,36.00,28.23,27
653,36.28,28.51,27
654,36.28,27.95,27
655,35.72,28.78,27
656,36.28,28.51,27
657,36.28,28.78,27
658,36.28,28.51,27
659,36.56,28.51,27
660,36.56,27.95,27
661,36.28,28.51,27
662,36.28,28.51,27
663,36.28,28.51,27
664,36.28,28.51,27
665,36.56,28.51,27
666,36.56,28.51,27
667,36.00,28.51,27
668,36.83,28.23,27
669,36.28,28.78,27
670,36.00,28.51,27
671,36.28,28.78,27
672,36.00,28.78,27
673,36.28,28.78,27
674,36.28,28.23,27
675,36.56,28.51,27
676,36.28,28.78,27
677,36.56,28.51,27
678,36.00,28.23,27
679,36.00,28.51,27
680,36.56,28.23,27
681,36.28,28.78,27
682,36.56,28.51,27
683,36.28,28.78,27
684,36.56,28.78,27
685,36.28,28.78,27
686,36.00,28.51,27
687,36.28,28.23,27
688,36.56,28.78,27
689,36.83,28.51,27
690,36.28,28.51,27
691,35.72,28.51,27
692,36.28,28.51,27
693,36.00,28.51,27
694,36.56,28.51,27
695,36.56,28.51,27
696,36.56,28.78,27
697,36.28,28.51,27
698,36.28,28.23,27
699,36.56,28.23,27
700,36.56,28.51,27
701,36.00,28.78,27
702,36.00,28.51,27
703,36.00,28.51,27
704,36.56,28.51,27
705,36.28,29.06,27
706,36.00,28.51,27
707,36.56,28.78,27
708,36.28,28.51,27
709,36.56,28.23,27
710,36.28,28.51,27
711,36.56,28.51,27
712,35.72,28.51,27
713,36.00,28.78,27
714,36.56,27.95,27
715,36.00,28.51,27
716,35.72,28.23,27
717,36.83,28.51,27
718,37.11,28.51,27
719,36.56,28.23,27
720,36.83,28.78,27
721,36.28,28.51,27
722,36.56,28.51,27
723,36.83,28.51,27
724,36.00,28.51,27
725,36.28,28.78,27
726,36.00,28.51,27
727,36.56,28.23,27
728,36.56,28.51,27
729,36.56,27.95,27
730,36.83,28.51,27
731,36.56,28.78,27
732,36.56,28.78,27
733,36.28,28.78,27
734,36.28,28.51,27
735,36.28,28.78,27
736,36.56,28.78,27
737,36.56,28.51,27
738,36.56,28.78,27
739,36.56,27.95,27
740,36.56,28.23,27
741,36.28,28.78,27
742,36.28,28.51,27
743,36.83,28.51,27
744,36.56,28.23,27
745,36.56,28.78,27
746,36.28,28.78,27
747,36.56,28.78,27
748,36.28,28.51,27
749,36.83,28.23,27
750,36.56,28.51,27
751,36.28,28.51,27
752,36.56,28.51,27
753,36.83,28.23,27
754,36.83,28.51,27
755,36.00,28.51,27
756,36.28,28.51,27
757,36.00,28.78,27
758,36.56,28.51,27
759,36.56,28.51,27
760,36.56,28.51,27
761,36.56,28.23,27
762,36.28,28.23,27
763,36.28,28.51,27
764,36.28,28.78,27
765,36.28,28.78,27
766,36.28,28.78,27
767,36.00,28.51,27
768,36.56,28.78,27
769,36.28,28.78,27
770,36.83,28.78,27
771,36.56,28.51,27
772,36.56,28.23,27
773,35.72,28.78,27
774,36.83,28.23,27
775,36.56,28.51,27
776,36.83,28.51,27
777,37.11,28.51,27
778,36.56,28.78,27
779,36.56,28.23,27
780,36.28,28.78,27
781,36.83,28.23,27
782,36.83,28.51,27
783,36.56,28.51,27
784,36.83,28.51,27
785,36.56,28.51,27
786,36.28,28.23,27
787,36.83,28.23,27
788,36.83,28.51,27
789,36.56,28.51,27
790,36.83,28.51,27
791,36.56,29.06,27
792,36.83,28.78,27
793,36.83,28.51,27
794,36.83,28.78,27
795,36.28,28.51,27
796,36.83,28.51,27
797,36.28,28.51,27
798,36.83,28.78,27
799,36.56,28.51,27
800,36.83,28.78,27
801,36.28,28.78,27
802,36.56,28.23,27
803,36.83,28.23,27
804,36.56,28.51,27
805,36.56,28.51,27
806,37.11,28.78,27
807,36.56,28.51,27
808,36.56,28.51,27
809,36.56,28.23,27
810,36.83,28.23,27
811,36.28,28.51,27
812,37.11,28.23,27
813,36.00,28.51,27
814,36.83,28.51,27
815,36.83,28.78,27
816,36.83,28.51,27
817,36.56,28.78,27
818,36.56,28.23,27
819,36.83,28.51,27
820,36.83,28.78,27
821,36.28,28.23,27
822,36.56,28.23,27
823,36.56,28.51,27
824,37.11,28.51,27
825,36.83,28.51,27
826,36.56,28.51,27
827,36.56,28.51,27
828,36.83,28.51,27
829,36.00,28.23,27
830,36.56,28.51,27
831,36.83,28.51,27
832,36.83,28.51,27
833,36.83,28.78,27
834,36.83,28.78,27
835,36.83,27.95,27
836,36.56,28.51,27
837,37.11,28.23,27
838,36.83,28.23,27
839,36.56,27.95,27
840,36.83,28.51,27
841,36.56,28.23,27
842,36.56,27.95,27
843,36.83,28.51,27
844,36.83,28.78,27
845,37.11,28.51,27
846,36.28,28.78,27
847,37.11,28.78,27
848,36.83,28.78,27
849,36.83,28.51,27
850,36.83,28.78,27
851,36.56,28.51,27
852,36.83,28.78,27
853,36.56,28.23,27
854,36.56,28.23,27
855,36.83,28.78,27
856,36.56,27.95,27
857,36.83,28.23,27
858,36.83,28.78,27
859,36.83,28.51,27
860,36.83,28.51,27
861,36.83,28.23,27
862,36.83,28.78,27
863,36.83,28.51,27
864,36.83,28.51,27
865,36.56,28.51,27
866,36.56,28.23,27
867,36.83,28.51,27
868,36.83,28.78,27
869,37.11,27.67,27
870,36.83,28.23,27
872,36.28,28.78,27
873,36.83,28.51,27
874,36.83,28.51,27
875,36.28,27.95,27
876,36.83,28.51,27
877,36.83,28.51,27
878,36.56,28.78,27
879,37.39,28.51,27
880,37.11,28.51,27
881,36.83,28.51,27
882,37.11,28.51,27
883,36.28,28.78,27
884,37.11,28.51,27
885,36.83,28.23,27
886,37.11,28.51,27
887,36.83,28.51,27
888,36.83,28.51,27
889,36.56,28.51,27
890,36.83,28.51,27
891,36.83,28.78,27
892,36.83,28.51,27
893,37.11,28.78,27
894,36.83,28.51,27
895,37.11,28.23,27
896,37.11,28.23,27
897,36.56,29.06,27
898,37.11,28.51,27
899,36.56,28.78,27
900,37.11,28.51,27
901,36.83,28.23,27
902,36.56,28.51,27
903,36.56,28.23,27
904,37.11,28.51,27
905,36.83,28.51,27
906,36.56,29.06,27
907,36.83,28.78,27
908,36.83,28.51,27
909,36.83,28.51,27
910,36.56,28.78,27
911,36.56,28.51,27
912,37.11,28.51,27
913,36.83,28.78,27
914,36.56,28.51,27
915,36.56,28.23,27
916,36.56,28.51,27
917,36.56,28.51,27
918,36.83,28.51,27
919,36.83,28.51,27
920,36.83,27.95,27
921,36.83,28.51,27
922,36.56,28.51,27
923,37.11,28.51,27
924,37.11,28.78,27
925,36.83,28.51,27
926,36.83,28.51,27
927,36.83,28.23,27
928,37.11,28.51,27
929,36.83,29.06,27
930,37.11,28.51,27
931,36.83,28.23,27
932,36.83,28.51,27
933,36.83,28.51,27
934,37.39,29.06,27
935,37.11,28.51,27
936,37.11,28.23,27
937,36.83,28.78,27
938,36.83,28.51,27
939,36.83,28.23,27
940,37.11,28.78,27
941,37.39,28.78,27
942,37.11,28.23,27
943,36.83,28.51,27
944,36.83,28.78,27
945,36.83,29.06,27
946,37.11,28.51,27
947,37.11,28.51,27
948,37.11,28.23,27
949,36.56,28.78,27
950,36.83,28.23,27
951,37.39,28.51,27
952,36.83,28.23,27
953,36.56,28.78,27
954,36.83,28.51,27
955,36.83,28.23,27
956,37.11,28.78,27
957,36.28,28.78,27
958,37.11,28.51,27
959,37.11,28.51,27
960,36.56,29.06,27
961,37.11,28.51,27
962,36.83,28.78,27
963,36.83,28.51,27
964,36.83,27.95,27
965,37.39,28.78,27
966,36.28,28.78,27
967,36.56,27.95,27
968,36.56,28.23,27
969,37.11,28.78,27
970,36.83,28.51,27
971,37.11,28.51,27
972,36.83,28.51,27
973,36.56,27.95,27
974,36.83,28.51,27
975,37.11,28.51,27
976,37.11,28.78,27
977,36.28,28.78,27
978,36.83,28.51,27
979,37.11,28.78,27
980,37.39,28.78,27
981,37.11,28.51,27
982,37.11,28.51,27
983,36.83,28.51,27
984,37.11,27.95,27
985,37.11,28.78,27
986,37.11,28.51,27
987,36.83,28.23,27
988,36.56,28.23,27
989,37.11,28.23,27
990,36.56,28.78,27
991,37.11,28.78,27
992,36.56,28.51,27
993,37.11,28.23,27
994,36.83,29.06,27
995,36.83,28.51,27
996,37.11,28.51,27
997,37.39,28.51,27
998,37.11,28.78,27
999,36.83,28.78,27
1000,36.83,28.78,27
1001,37.11,28.23,27
1002,37.11,28.51,27
1003,37.11,27.95,27
1004,36.83,28.51,27
1005,37.11,28.51,27
1006,36.83,28.51,27
1007,37.11,28.23,27
1008,37.11,27.95,27
1009,37.11,28.51,27
1010,37.11,28.78,27
1011,36.83,27.95,27
1012,37.11,27.95,27
1013,37.39,28.23,27
1014,36.83,28.51,27
1015,36.56,28.51,27
1016,37.11,28.78,27
1017,36.56,27.67,27
1018,37.39,27.95,27
1019,37.11,27.95,27
1020,37.67,28.78,27
1021,37.11,28.23,27
1022,37.39,28.23,27
1023,37.11,28.51,27
1024,37.11,28.23,27
1025,36.56,28.23,27
1026,36.83,28.51,27
1027,37.11,27.67,27
1028,37.11,28.23,27
1029,37.39,28.23,27
1030,36.83,28.51,27
1031,37.39,27.95,27
1032,37.11,28.51,27
1033,36.83,28.78,27
1034,37.39,28.23,27
1035,36.83,28.78,27
1036,37.11,28.78,27
1037,36.83,28.51,27
1038,36.83,28.51,27
1039,36.83,28.23,27
1040,37.11,27.67,27
1041,37.11,27.95,27
1042,37.39,28.23,27
1043,37.39,27.95,27
1044,37.11,28.23,27
1045,37.39,28.51,27
1046,37.11,28.23,27
1047,36.83,28.51,27
1048,37.67,28.23,27
1049,37.11,27.95,27
1050,37.39,28.78,27
1051,36.56,28.23,27
1052,36.56,28.78,27
1053,37.11,28.78,27
1054,37.11,28.78,27
1055,36.83,28.23,27
1056,37.11,28.51,27
1057,37.39,27.95,27
1058,37.11,27.95,27
1059,37.11,28.78,27
1060,37.39,27.95,27
1061,36.83,28.51,27
1062,36.83,28.78,27
1063,37.39,28.51,27
1064,37.39,28.78,27
1065,37.11,27.67,27
1066,36.83,28.23,27
1067,36.83,27.95,27
1068,36.56,28.51,27
1069,37.39,28.51,27
1070,37.67,27.67,27
1071,37.11,28.78,27
1072,37.11,28.51,27
1073,37.11,28.78,27
1074,37.11,27.95,27
1075,37.11,28.51,27
1076,37.39,28.51,27
1077,37.11,28.23,27
1078,37.11,28.78,27
1079,36.56,28.51,27
1080,37.39,28.51,27
1081,37.67,27.95,27
1082,36.83,28.51,27
1083,37.11,28.23,27
1084,36.83,28.51,27
1085,37.11,27.95,27
1086,36.56,28.51,27
1087,36.83,28.23,27
1088,37.11,27.95,27
1089,37.39,28.78,27
1090,37.39,28.51,27
1091,37.39,28.23,27
1092,37.67,28.51,27
1093,36.83,28.23,27
1094,37.39,28.78,27
1095,37.39,28.51,27
1096,37.11,28.78,27
1097,37.11,28.51,27
1098,37.39,28.51,27
1099,37.39,28.23,27
1100,37.39,28.78,27
1101,37.11,28.51,27
1102,37.39,28.23,27
1103,36.83,27.95,27
1104,37.39,28.23,27
1105,37.39,28.78,27
1106,37.39,27.67,27
1107,37.11,28.51,27
1108,37.67,28.23,27
1109,37.39,28.78,27
1110,37.11,28.23,27
1111,37.39,28.51,27
1112,37.39,28.51,27
1113,37.11,28.23,27
1114,37.39,28.51,27
1115,37.39,27.67,27
1116,37.11,28.23,27
1117,37.39,28.51,27
1118,37.11,28.51,27
1119,37.39,27.95,27
1120,37.39,28.23,27
1121,37.11,28.23,27
1122,37.11,28.78,27
1123,36.83,28.78,27
1124,37.11,28.23,27
1125,37.39,28.51,27
1126,37.11,27.95,27
1127,37.11,28.23,27
1128,37.39,28.78,27
1129,37.67,28.23,27
1130,37.11,28.78,27
1131,36.83,28.23,27
1132,37.11,28.23,27
1133,36.83,27.95,27
1134,37.39,27.67,27
1135,37.11,28.23,27
1136,37.67,28.23,27
1137,37.39,28.23,27
1138,36.56,28.23,27
1139,37.39,28.23,27
1140,37.39,28.51,27
1141,37.39,28.51,27
1142,37.39,27.67,27
1143,37.94,27.95,27
1144,36.56,28.23,27
1145,37.39,28.23,27
1146,36.83,28.23,27
1147,37.39,28.78,27
1148,36.83,28.23,27
1149,37.11,28.78,27
1150,37.11,28.23,27
1151,37.39,28.51,27
1152,37.39,28.51,27
1153,37.11,28.51,27
1154,37.11,28.51,27
1155,37.11,28.51,27
1156,36.83,28.23,27
1157,37.39,28.23,27
1158,37.67,28.78,27
1159,37.67,28.23,27
1160,37.11,28.51,27
1161,37.67,28.51,27
1162,37.39,28.51,27
1163,37.39,28.51,27
1164,37.11,28.78,27
1165,37.39,28.23,27
1166,37.67,28.23,27
1167,37.39,28.51,27
1168,37.11,28.23,27
1169,37.11,27.67,27
1170,37.39,28.51,27
1171,37.39,28.51,27
1172,37.39,28.51,27
1173,37.11,28.78,27
1174,37.39,28.78,27
1175,37.11,28.51,27
1176,37.39,27.95,27
1177,37.11,28.78,27
1178,37.11,28.51,27
1179,36.83,28.78,27
1180,37.39,28.51,27
1181,37.11,28.51,27
1182,37.39,27.67,27
1183,37.39,28.78,27
1184,37.39,28.78,27
1185,37.39,28.78,27
1186,36.83,28.51,27
1187,37.67,28.78,27
1188,37.67,29.06,27
1189,37.39,28.23,27
1190,36.83,29.06,27
1191,37.67,28.23,27
1192,37.67,28.51,27
1193,37.39,28.23,27
1194,37.67,27.95,27
1195,37.39,27.95,27
1196,36.83,28.23,27
1197,37.39,28.23,27
1198,37.11,28.78,27
1199,37.11,28.51,27
1200,37.11,27.67,27
1201,37.39,28.78,27
1202,37.11,28.78,27
1203,37.11,28.51,27
1204,37.39,28.23,27
1205,37.39,28.51,27
1206,37.11,28.78,27
1207,37.67,28.78,27
1208,36.83,28.23,27
1209,37.39,28.51,27
1210,37.11,28.78,27
1211,36.83,28.51,27
1212,37.11,28.78,27
1213,37.11,28.23,27
1214,37.11,28.51,27
1215,37.39,27.95,27
1216,36.83,28.23,27
1217,37.39,27.67,27
1218,37.39,28.78,27
1219,37.67,28.51,27
1220,37.67,28.51,27
1221,37.39,27.67,27
1222,37.39,27.67,27
1223,37.39,28.23,27
1224,37.39,28.51,27
1225,37.39,28.23,27
1226,36.83,28.23,27
1227,37.11,28.78,27
1228,37.39,28.78,27
1229,37.67,28.51,27
1230,37.39,28.51,27
1231,37.67,28.78,27
1232,37.39,28.23,27
1233,37.39,28.78,27
1234,37.94,28.51,27
1235,37.94,28.51,27
1236,37.11,27.95,27
1237,37.67,28.51,27
1238,37.67,28.78,27
1239,37.39,28.51,27
1240,37.39,27.67,27
1241,37.39,27.95,27
1242,37.67,28.51,27
1243,37.11,28.51,27
1244,37.39,28.78,27
1245,37.39,28.23,27
1246,37.39,27.95,27
1247,37.39,28.51,27
1248,37.94,28.51,27
1249,37.39,28.51,27
1250,37.39,28.23,27
1251,37.67,28.23,27
1252,37.11,28.51,27
1253,36.83,28.51,27
1254,37.11,28.23,27
1255,37.67,28.23,27
1256,37.67,28.51,27
1257,37.67,28.51,27
1258,37.11,28.23,27
1259,37.39,28.23,27
1260,37.67,28.23,27
1261,37.39,28.51,27
1262,37.11,28.51,27
1263,37.11,28.78,27
1264,37.39,28.23,27
1265,37.11,28.23,27
1266,37.11,28.78,27
1267,37.67,28.78,27
1268,37.94,28.51,27
1269,37.11,28.51,27
1270,37.11,28.78,27
1271,37.67,28.23,27
1272,37.39,28.23,27
1273,37.67,28.51,27
1274,37.11,28.78,27
1275,37.67,28.51,27
1276,37.11,28.23,27
1277,37.39,28.23,27
1278,37.67,28.78,27
1279,37.39,28.51,27
1280,37.11,28.51,27
1281,37.39,28.23,27
1282,37.67,27.95,27
1283,37.11,28.51,27
1284,37.39,28.51,27
1285,37.39,28.51,27
1286,37.39,28.23,27
1287,37.39,28.23,27
1288,37.39,28.51,27
1289,37.39,28.78,27
1290,37.67,28.78,27
1291,37.67,28.23,27
1292,36.56,28.51,27
1293,37.67,28.51,27
1294,37.11,28.51,27
1295,37.39,28.23,27
1296,37.39,28.23,27
1297,37.39,27.95,27
1298,37.39,28.78,27
1300,36.83,28.51,27
1301,37.39,28.78,27
1302,37.39,27.95,27
1303,37.39,28.78,27
1304,37.39,28.23,27
1305,37.39,28.78,27
1306,37.39,28.51,27
1307,37.94,28.23,27
1308,36.56,28.23,27
1309,37.67,28.23,27
1310,37.94,28.78,27
1311,37.39,28.51,27
1312,37.39,27.95,27
1313,37.67,27.95,27
1314,37.67,27.95,27
1315,37.94,28.78,27
1316,36.83,28.23,27
1317,37.11,28.51,27
1318,37.39,28.78,27
1319,37.39,28.51,27
1320,37.67,28.51,27
1321,37.94,28.51,27
1322,37.11,28.23,27
1323,37.39,28.51,27
1324,36.83,27.95,27
1325,37.11,27.95,27
1326,36.83,28.51,27
1327,37.39,28.51,27
1328,37.11,28.51,27
1329,37.11,28.23,27
1330,37.39,28.51,27
1331,37.39,28.51,27
1332,37.39,27.67,27
1333,37.11,28.51,27
1334,37.67,28.51,27
1335,37.39,28.51,27
1336,37.67,28.51,27
1337,37.94,28.51,27
1338,37.39,28.51,27
1339,37.67,28.23,27
1340,37.39,28.51,27
1341,37.67,28.78,27
1342,38.22,27.95,27
1343,37.39,28.51,27
1344,37.39,28.23,27
1345,37.39,28.78,27
1346,37.94,28.51,27
1347,37.11,28.51,27
1348,37.67,28.51,27
1349,37.67,28.51,27
1350,37.67,28.78,27
1351,37.67,28.78,27
1352,37.94,27.95,27
1353,37.67,28.78,27
1354,37.67,28.51,27
1355,37.11,28.78,27
1356,37.67,27.95,27
1357,37.94,28.78,27
1358,37.11,28.23,27
1359,37.39,28.51,27
1360,37.39,28.23,27
1361,37.39,28.78,27
1362,37.39,28.51,27
1363,37.67,28.51,27
1364,37.11,28.51,27
1365,37.11,28.78,27
1366,37.11,28.23,27
1367,37.11,28.78,27
1368,37.39,28.51,27
1369,37.39,28.51,27
1370,37.39,28.51,27
1371,37.39,27.95,27
1372,37.39,28.51,27
1373,37.67,28.51,27
1374,37.39,27.95,27
1375,37.67,28.78,27
1376,37.39,27.95,27
1377,37.39,28.51,27
1378,37.67,28.51,27
1379,37.39,28.51,27
1380,37.67,27.95,27
1381,36.56,27.95,27
1382,37.11,28.51,27
1383,37.11,28.51,27
1384,37.11,28.23,27
1385,37.39,28.51,27
1386,37.39,27.67,27
1387,37.67,27.95,27
1388,37.39,27.95,27
1389,37.67,27.95,27
1390,37.11,27.95,27
1391,37.39,28.23,27
1392,37.39,28.23,27
1393,37.39,28.23,27
1394,37.11,28.23,27
1395,37.67,28.51,27
1396,37.11,28.23,27
1397,37.39,28.51,27
1398,37.39,28.51,27
1399,37.11,28.23,27
1400,37.11,28.51,27
1401,37.67,28.51,27
1402,36.83,28.78,27
1403,36.83,28.78,27
1404,37.39,27.95,27
1405,37.11,28.51,27
1406,37.11,28.23,27
1407,37.94,28.23,27
1408,37.39,27.95,27
1409,37.67,28.23,27
1410,37.39,28.51,27
1411,36.83,28.23,27
1412,37.39,27.95,27
1413,37.39,28.23,27
1414,36.83,27.95,27
1415,37.11,28.51,27
1416,37.11,28.51,27
1417,37.67,27.67,27
1418,37.39,28.51,27
1419,37.39,27.67,27
1420,37.11,28.23,27
1421,37.39,27.95,27
1422,37.67,27.95,27
1423,37.67,28.51,27
1424,37.11,28.51,27
1425,37.67,27.95,27
1426,37.39,28.78,27
1427,37.11,28.51,27
1428,37.39,27.95,27
1429,37.67,27.95,27
1430,37.39,28.51,27
1431,37.67,28.23,27
1432,37.39,28.51,27
1433,37.39,28.51,27
1434,37.11,28.23,27
1435,37.94,28.51,27
1436,37.67,28.51,27
1437,37.67,28.51,27
1438,37.94,28.23,27
1439,37.11,28.51,27
1440,37.67,28.51,27
1441,37.11,28.51,27
1442,37.67,28.51,27
1443,37.11,27.95,27
1444,37.67,28.51,27
1445,37.67,28.51,27
1446,37.11,28.51,27
1447,37.39,28.51,27
1448,37.39,28.51,27
1449,37.94,28.23,27
1450,37.94,28.51,27
1451,37.11,28.51,27
1452,37.67,28.51,27
1453,37.67,28.78,27
1454,37.39,28.23,27
1455,37.39,27.95,27
1456,37.94,28.51,27
1457,37.94,28.51,27
1458,37.11,28.51,27
1459,37.67,28.51,27
1460,37.39,28.51,27
1461,37.39,28.23,27
1462,37.11,28.51,27
1463,36.83,27.95,27
1464,37.11,27.67,27
1465,37.94,28.23,27
1466,37.67,27.95,27
1467,37.67,27.95,27
1468,37.39,28.51,27
1469,37.11,28.51,27
1470,37.94,28.51,27
1471,37.67,28.23,27
1472,37.11,28.23,27
1473,37.94,28.51,27
1474,37.94,28.51,27
1475,37.67,28.51,27
1476,37.67,28.51,27
1477,37.67,28.51,27
1478,37.11,28.51,27
1479,37.67,28.51,27
1480,37.67,28.51,27
1481,37.67,28.51,27
1482,37.94,27.95,27
1483,37.94,27.95,27
1484,37.67,28.51,27
1485,37.39,28.78,27
1486,37.39,28.51,27
1487,37.11,28.51,27
1488,37.39,27.95,27
1489,37.67,28.23,27
1490,37.39,28.23,27
1491,37.67,28.51,27
1492,37.67,27.95,27
1493,37.94,28.51,27
1494,37.11,28.51,27
1495,37.11,28.51,27
1496,37.94,28.51,27
1497,37.39,27.95,27
1498,37.67,28.78,27
1499,37.39,28.51,27
1500,37.67,27.95,27
1501,36.83,27.95,27
1502,37.94,27.95,27
1503,37.39,28.51,27
1504,37.11,28.51,27
1505,37.39,28.51,27
1506,37.67,28.51,27
1507,36.83,28.78,27
1508,37.67,28.51,27
1509,37.94,28.78,27
1510,37.67,28.23,27
1511,37.39,27.95,27
1512,37.67,28.51,27
1513,36.83,28.23,27
1514,37.39,28.51,27
1515,36.83,27.95,27
1516,37.67,27.95,27
1517,37.39,28.23,27
1518,37.67,28.51,27
1519,37.67,28.23,27
1520,37.39,28.78,27
1521,37.67,27.95,27
1522,37.39,28.23,27
1523,37.39,28.51,27
1524,37.11,28.51,27
1525,37.39,27.95,27
1526,37.39,27.95,27
1527,37.67,28.51,27
1528,37.94,28.51,27
1529,37.11,28.51,27
1530,37.94,28.51,27
1531,37.67,28.51,27
1532,37.67,28.23,27
1533,37.67,27.95,27
1534,37.39,27.95,27
1535,37.39,28.51,27
1536,37.39,28.51,27
1537,37.67,28.51,27
1538,37.39,28.23,27
1539,37.94,28.23,27
1540,37.39,28.78,27
1541,36.83,28.51,27
1542,37.11,28.51,27
1543,37.67,27.95,27
1544,37.39,28.51,27
1545,37.39,28.23,27
1546,37.67,28.51,27
1547,37.67,28.51,27
1548,37.39,28.51,27
1549,37.39,28.78,27
1550,37.94,27.95,27
1551,37.39,28.23,27
1552,37.94,28.51,27
1553,37.67,28.51,27
1554,37.67,28.51,27
1555,37.94,28.51,27
1556,37.94,28.23,27
1557,37.94,28.23,27
1558,37.94,28.51,27
1559,37.67,28.51,27
1560,37.67,27.95,27
1561,37.39,28.51,27
1562,37.67,28.51,27
1563,37.39,28.51,27
1564,37.67,28.51,27
1565,37.39,27.95,27
1566,37.11,28.51,27
1567,37.94,28.23,27
1568,37.67,27.95,27
1569,37.39,28.51,27
1570,36.83,27.67,27
1571,37.67,28.51,27
1572,37.67,28.51,27
1573,37.39,27.95,27
1574,37.94,28.51,27
1575,37.67,28.51,27
1576,37.94,28.51,27
1577,37.94,27.95,27
1578,37.11,28.23,27
1579,37.39,28.51,27
1580,37.67,28.78,27
1581,37.94,28.51,27
1582,37.67,28.78,27
1583,37.39,28.51,27
1584,37.11,28.51,27
1585,37.11,28.51,27
1586,37.67,28.51,27
1587,37.39,28.51,27
1588,37.39,27.95,27
1589,37.11,28.51,27
1590,37.11,28.51,27
1591,37.11,28.23,27
1592,37.94,27.95,27
1593,37.39,28.23,27
1594,37.67,28.51,27
1595,37.67,28.51,27
1596,37.67,28.23,27
1597,37.94,29.06,27
1598,37.67,27.95,27
1599,37.39,27.95,27
1600,37.11,27.67,27
1601,37.94,27.95,27
1602,37.67,28.23,27
1603,37.67,27.67,27
1604,37.39,28.23,27
1605,37.39,28.51,27
1606,36.83,28.23,27
1607,37.67,28.51,27
1608,37.39,28.51,27
1609,36.83,28.51,27
1610,37.67,28.51,27
1611,37.11,27.67,27
1612,37.39,27.95,27
1613,37.67,28.78,27
1614,37.11,28.23,27
1615,37.67,28.23,27
1616,37.67,28.78,27
1617,37.39,27.95,27
1618,37.39,28.23,27
1619,37.67,28.51,27
1620,37.67,27.95,27
1621,37.67,28.51,27
1622,37.67,28.23,27
1623,37.11,28.78,27
1624,37.39,28.23,27
1625,37.67,27.95,27
1626,37.67,28.23,27
1627,37.94,28.51,27
1628,37.67,27.95,27
1629,37.39,28.23,27
1630,37.67,28.78,27
1631,37.39,27.95,27
1632,37.11,28.51,27
1633,37.67,28.51,27
1634,37.39,28.51,27
1635,37.67,27.95,27
1636,37.94,28.23,27
1637,37.39,28.51,27
1638,37.94,28.51,27
1639,37.39,28.23,27
1640,37.67,28.23,27
1641,37.39,28.51,27
1642,37.11,28.51,27
1643,37.67,28.51,27
1644,37.67,28.51,27
1645,37.67,27.95,27
1646,37.94,28.23,27
1647,37.11,28.23,27
1648,37.11,28.23,27
1649,37.67,28.23,27
1650,37.39,28.78,27
1651,37.94,27.95,27
1652,37.67,28.51,27
1653,36.83,28.51,27
1654,37.94,27.95,27
1655,37.94,28.51,27
1656,37.39,28.23,27
1657,37.67,28.51,27
1658,37.94,28.23,27
1659,37.94,28.51,27
1660,37.39,27.95,27
1661,36.83,28.51,27
1662,37.67,28.51,27
1663,37.67,28.51,27
1664,37.94,28.51,27
1665,37.39,28.78,27
1666,37.67,28.51,27
1667,38.22,28.78,27
1668,37.67,27.95,27
1669,37.39,27.95,27
1670,38.22,28.51,27
1671,37.67,28.51,27
1672,37.67,28.23,27
1673,37.39,28.51,27
1674,37.94,28.51,27
1675,37.67,28.23,27
1676,37.67,28.51,27
1677,36.83,28.23,27
1678,37.94,28.23,27
1679,37.39,27.67,27
1680,37.11,28.51,27
1681,37.67,28.51,27
1682,37.39,28.51,27
1683,37.94,28.51,27
1684,37.94,28.51,27
1685,37.67,27.95,27
1686,37.67,28.78,27
1687,37.94,28.23,27
1688,37.39,28.51,27
1689,37.67,28.23,27
1690,37.67,28.51,27
1691,37.39,28.23,27
1692,37.67,28.51,27
1693,37.67,28.51,27
1694,37.94,28.51,27
1695,37.39,28.51,27
1696,37.67,28.23,27
1697,37.67,28.23,27
1698,37.11,28.23,27
1699,37.94,28.51,27
1700,37.67,28.51,27
1701,37.94,28.23,27
1702,37.11,27.95,27
1703,37.39,27.67,27
1704,37.94,28.23,27
1705,37.67,28.23,27
1706,37.94,28.51,27
1707,37.67,28.23,27
1708,37.39,28.51,27
1709,37.94,28.23,27
1710,37.11,28.51,27
1711,37.94,28.23,27
1712,37.67,28.23,27
1713,37.94,28.51,27
1714,37.67,28.23,27
1715,37.67,28.51,27
1716,37.94,27.95,27
1717,38.22,28.51,27
1718,37.11,28.23,27
1719,37.67,28.51,27
1720,37.67,28.78,27
1721,37.11,28.51,27
1722,37.94,28.23,27
1723,37.11,28.23,27
1724,37.94,28.51,27
1726,37.67,27.95,27
1727,37.39,28.51,27
1728,37.67,27.95,27
1729,37.67,28.51,27
1730,37.67,27.95,27
1731,37.67,28.51,27
1732,37.67,27.95,27
1733,37.67,28.51,27
1734,37.67,28.78,27
1735,37.94,28.51,27
1736,37.67,28.23,27
1737,37.94,28.51,27
1738,37.39,28.51,27
1739,37.67,28.51,27
1740,37.67,27.95,27
1741,37.39,28.78,27
1742,37.67,28.51,27
1743,37.94,28.23,27
1744,37.94,28.78,27
1745,37.67,28.23,27
1746,37.11,28.51,27
1747,37.67,28.51,27
1748,37.94,28.23,27
1749,37.67,28.78,27
1750,37.39,28.51,27
1751,37.39,28.78,27
1752,37.11,28.78,27
1753,37.94,28.51,27
1754,37.67,28.51,27
1755,37.67,28.23,27
1756,37.39,28.51,27
1757,37.39,28.51,27
1758,37.39,28.51,27
1759,37.39,28.51,27
1760,37.11,28.51,27
1761,37.67,28.23,27
1762,37.94,28.51,27
1763,37.94,28.51,27
1764,37.67,28.23,27
1765,37.67,28.78,27
1766,37.39,28.23,27
1767,37.67,28.51,27
1768,37.94,28.51,27
1769,37.94,28.51,27
1770,37.94,28.51,27
1771,37.67,28.51,27
1772,37.67,28.51,27
1773,37.67,28.51,27
1774,37.39,28.51,27
1775,37.67,28.78,27
1776,37.11,28.51,27
1777,37.94,28.51,27
1778,37.67,28.51,27
1779,37.94,28.78,27
1780,37.94,28.78,27
1781,37.67,28.78,27
1782,37.39,28.23,27
1783,37.94,28.78,27
1784,37.67,28.51,27
1785,37.39,28.51,27
1786,38.22,28.51,27
1787,37.39,28.23,27
1788,37.39,28.51,27
1789,37.94,28.23,27
1790,37.94,27.95,27
1791,37.39,28.23,27
1792,37.67,28.78,27
1793,37.39,28.51,27
1794,37.67,28.23,27
1795,37.94,28.78,27
1796,37.39,28.51,27
1797,37.94,28.51,27
1798,37.67,28.51,27
1799,37.67,28.23,27
1800,37.67,28.51,27
1801,37.94,28.51,0
1802,37.94,28.78,0
1803,37.94,28.23,0
1804,37.67,28.78,0
1805,37.67,27.67,0
1806,37.94,28.23,0
1807,37.67,28.51,0
1808,37.39,27.40,0
1809,37.39,28.23,0
1810,37.39,28.51,0
1811,37.39,28.51,0
1812,37.94,28.51,0
1813,36.83,28.78,0
1814,37.39,28.51,0
1815,37.11,28.51,0
1816,37.67,28.51,0
1817,37.67,28.23,0
1818,37.39,28.51,0
1819,37.39,27.95,0
1820,36.56,28.51,0
1821,37.39,28.51,0
1822,37.11,28.51,0
1823,37.39,28.78,0
1824,37.11,28.78,0
1825,37.11,28.51,0
1826,36.83,28.23,0
1827,37.39,28.51,0
1828,37.11,27.95,0
1829,37.11,28.51,0
1830,37.39,28.51,0
1831,37.11,28.78,0
1832,36.83,28.51,0
1833,37.11,28.78,0
1834,37.39,28.23,0
1835,37.11,28.51,0
1836,36.83,28.78,0
1837,37.11,28.51,0
1838,37.11,28.51,0
1839,37.39,28.23,0
1840,37.11,28.51,0
1841,36.56,28.23,0
1842,37.11,27.95,0
1843,36.56,28.51,0
1844,36.56,27.95,0
1845,36.56,28.51,0
1846,36.83,28.51,0
1847,36.83,28.23,0
1848,36.83,28.23,0
1849,36.28,28.51,0
1850,36.56,27.95,0
1851,36.56,27.95,0
1852,36.56,27.40,0
1853,36.83,28.51,0
1854,36.56,28.51,0
1855,36.56,28.23,0
1856,36.83,28.51,0
1857,36.56,28.78,0
1858,36.56,28.51,0
1859,36.56,28.23,0
1860,36.83,27.95,0
1861,36.56,28.51,0
1862,36.28,27.95,0
1863,36.00,28.51,0
1864,36.56,28.51,0
1865,35.72,28.51,0
1866,36.28,28.78,0
1867,36.56,28.51,0
1868,36.56,27.95,0
1869,36.56,28.23,0
1870,36.56,28.78,0
1871,36.56,28.51,0
1872,36.28,28.23,0
1873,36.00,28.51,0
1874,36.56,27.95,0
1875,36.56,27.95,0
1876,36.00,28.23,0
1877,36.28,28.51,0
1878,36.00,28.23,0
1879,36.28,28.23,0
1880,36.56,27.95,0
1881,36.28,28.51,0
1882,35.45,28.51,0
1883,35.72,27.95,0
1884,36.28,28.51,0
1885,36.28,28.23,0
1886,36.28,28.23,0
1887,36.28,27.95,0
1888,36.28,28.23,0
1889,36.28,28.51,0
1890,36.28,28.51,0
1891,36.00,28.51,0
1892,36.28,27.67,0
1893,36.00,27.95,0
1894,36.28,27.95,0
1895,36.28,27.95,0
1896,35.72,27.95,0
1897,36.00,28.78,0
1898,35.17,28.51,0
1899,35.72,27.67,0
1900,36.00,27.95,0
1901,36.00,27.95,0
1902,35.17,28.23,0
1903,36.28,27.95,0
1904,36.00,27.67,0
1905,35.72,28.23,0
1906,36.28,27.95,0
1907,35.45,28.23,0
1908,36.00,28.51,0
1909,36.28,28.51,0
1910,35.45,28.51,0
1911,35.72,28.23,0
1912,35.72,27.95,0
1913,35.72,28.23,0
1914,35.72,28.23,0
1915,35.72,28.23,0
1916,35.72,27.95,0
1917,36.00,28.23,0
1918,36.00,27.95,0
1919,36.00,27.67,0
1920,35.45,27.67,0
1921,36.28,28.23,0
1922,35.72,28.51,0
1923,35.45,27.67,0
1924,35.72,28.78,0
1925,36.00,28.51,0
1926,35.72,28.23,0
1927,35.45,27.95,0
1928,36.28,27.95,0
1929,35.17,27.95,0
1930,35.72,28.51,0
1931,35.45,28.23,0
1932,35.17,28.51,0
1933,36.00,27.95,0
1934,35.45,28.23,0
1935,35.45,28.51,0
1936,35.17,27.95,0
1937,35.17,27.95,0
1938,34.89,28.51,0
1939,36.00,28.23,0
1940,35.17,27.67,0
1941,35.45,28.51,0
1942,35.17,27.67,0
1943,34.89,27.95,0
1944,35.45,27.67,0
1945,35.17,28.23,0
1946,35.45,27.95,0
1947,35.45,28.23,0
1948,35.17,28.23,0
1949,35.17,28.23,0
1950,35.17,28.23,0
1951,35.17,27.67,0
1952,35.45,27.67,0
1953,35.17,28.23,0
1954,35.72,28.51,0
1955,35.45,27.95,0
1956,35.17,28.23,0
1957,34.89,27.95,0
1958,35.17,28.23,0
1959,35.17,28.23,0
1960,35.17,27.95,0
1961,35.17,27.95,0
1962,35.45,27.67,0
1963,35.17,28.23,0
1964,35.45,28.23,0
1965,35.17,27.67,0
1966,35.45,27.95,0
1967,35.17,28.23,0
1968,35.17,28.23,0
1969,35.17,27.67,0
1970,35.17,27.95,0
1971,35.45,27.67,0
1972,35.45,27.67,0
1973,35.17,27.95,0
1974,34.61,27.95,0
1975,34.89,28.23,0
1976,35.17,27.95,0
1977,35.45,27.95,0
1978,34.61,27.95,0
1979,35.17,27.95,0
1980,34.61,28.51,0
1981,34.61,28.23,0
1982,34.61,27.95,0
1983,34.61,27.95,0
1984,34.89,27.95,0
1985,34.61,27.40,0
1986,35.17,28.23,0
1987,34.89,28.51,0
1988,34.89,28.51,0
1989,34.89,28.23,0
1990,35.17,28.23,0
1991,34.61,27.95,0
1992,34.61,27.95,0
1993,34.33,28.51,0
1994,34.61,27.95,0
1995,34.89,28.23,0
1996,34.61,28.23,0
1997,34.06,28.23,0
1998,34.89,27.95,0
1999,34.89,28.23,0
2000,34.33,27.95,0
2001,34.61,27.95,0
2002,34.61,27.95,0
2003,34.33,27.95,0
2004,34.89,27.67,0
2005,34.33,27.95,0
2006,34.61,27.95,0
2007,34.33,27.95,0
2008,34.61,27.95,0
2009,34.61,28.23,0
2010,34.89,27.95,0
2011,34.61,27.95,0
2012,34.61,27.95,0
2013,34.61,27.67,0
2014,34.61,27.67,0
2015,34.33,27.95,0
2016,34.61,27.40,0
2017,34.61,28.23,0
2018,34.33,28.23,0
2019,34.61,27.95,0
2020,34.61,27.40,0
2021,34.33,27.95,0
2022,34.33,27.95,0
2023,34.61,27.95,0
2024,34.61,27.95,0
2025,34.06,27.95,0
2026,34.33,27.95,0
2027,34.33,27.95,0
2028,34.33,27.40,0
2029,34.33,27.95,0
2030,34.61,28.23,0
2031,34.33,28.23,0
2032,33.78,27.95,0
2033,33.78,28.23,0
2034,34.33,27.67,0
2035,34.33,27.40,0
2036,34.61,27.95,0
2037,34.06,27.40,0
2038,34.06,28.23,0
2039,34.33,27.95,0
2040,34.33,27.95,0
2041,34.06,27.95,0
2042,34.33,27.67,0
2043,34.33,27.67,0
2044,33.78,27.95,0
2045,34.33,28.23,0
2046,33.78,27.67,0
2047,34.33,27.95,0
2048,34.33,27.40,0
2049,34.33,27.95,0
2050,33.78,27.67,0
2051,34.33,27.95,0
2052,34.33,27.95,0
2053,34.06,27.40,0
2054,34.33,27.67,0
2055,34.33,27.67,0
2056,34.06,27.95,0
2057,34.06,28.23,0
2058,34.33,27.40,0
2059,34.33,27.12,0
2060,34.33,27.40,0
2061,33.78,27.95,0
2062,33.78,27.95,0
2063,34.33,27.95,0
2064,32.95,27.95,0
2065,34.06,27.67,0
2066,34.33,27.95,0
2067,34.06,27.95,0
2068,33.78,27.67,0
2069,33.78,27.95,0
2070,34.06,27.67,0
2071,34.06,27.95,0
2072,34.06,27.95,0
2073,34.06,27.95,0
2074,34.06,27.95,0
2075,34.06,27.95,0
2076,33.78,27.95,0
2077,33.50,27.95,0
2078,33.50,27.95,0
2079,33.78,27.95,0
2080,34.06,28.23,0
2081,33.78,27.95,0
2082,34.06,28.23,0
2083,33.50,27.95,0
2084,34.06,27.67,0
2085,33.50,27.12,0
2086,33.78,27.12,0
2087,33.50,27.67,0
2088,33.50,27.95,0
2089,34.06,27.67,0
2090,33.50,27.67,0
2091,33.78,27.67,0
2092,34.06,27.95,0
2093,33.22,27.95,0
2094,34.06,27.67,0
2095,34.06,27.67,0
2096,33.78,27.95,0
2097,33.22,27.95,0
2098,33.78,27.40,0
2099,34.06,27.40,0
2100,33.78,27.67,0
2101,33.22,27.95,0
2102,33.78,27.40,0
2103,33.78,27.67,0
2104,33.22,27.67,0
2105,33.50,27.67,0
2106,33.78,26.84,0
2107,33.78,27.40,0
2108,33.78,27.67,0
2109,34.06,27.67,0
2110,33.50,27.67,0
2111,33.78,27.67,0
2112,33.78,27.12,0
2113,33.50,27.40,0
2114,33.22,27.67,0
2115,33.50,27.40,0
2116,33.50,27.95,0
2117,33.50,27.67,0
2118,33.78,27.40,0
2119,33.78,27.95,0
2120,33.50,27.67,0
2121,33.22,27.40,0
2122,33.50,27.67,0
2123,33.78,27.67,0
2124,33.78,27.40,0
2125,33.78,27.12,0
2126,33.22,27.67,0
2127,33.50,27.67,0
2128,33.50,27.40,0
2129,32.67,27.67,0
2130,33.50,27.67,0
2131,32.95,27.95,0
2132,33.22,27.67,0
2133,33.50,27.67,0
2134,33.50,27.67,0
2135,33.22,27.40,0
2136,33.50,27.40,0
2137,33.50,27.40,0
2138,33.50,27.40,0
2139,32.95,27.67,0
2140,33.22,27.67,0
2141,33.50,27.40,0
2142,33.50,27.67,0
2143,33.50,27.67,0
2144,32.67,27.40,0
2145,33.50,27.67,0
2146,33.50,27.67,0
2147,33.50,28.23,0
2148,33.50,27.67,0
2149,32.95,27.12,0
2150,33.22,27.12,0
2151,33.50,27.67,0
2152,32.95,27.40,0
2153,33.50,27.67,0
2154,33.50,27.67,0
2155,33.22,27.40,0
2156,33.22,27.40,0
2157,33.22,27.95,0
2159,33.22,26.84,0
2160,33.22,27.40,0
2161,32.11,27.12,0
2162,33.22,27.12,0
2163,32.95,27.67,0
2164,32.67,27.67,0
2165,33.22,27.12,0
2166,33.22,27.67,0
2167,33.22,27.67,0
2168,32.95,27.12,0
2169,33.22,27.40,0
2170,33.22,27.12,0
2171,33.22,27.40,0
2172,32.67,27.67,0
2173,32.95,27.67,0
2174,32.95,27.67,0
2175,33.22,27.12,0
2176,33.22,27.40,0
2177,32.95,27.12,0
2178,33.22,27.67,0
2179,33.22,27.67,0
2180,32.95,27.67,0
2181,32.95,27.67,0
2182,33.22,27.40,0
2183,33.22,27.67,0
2184,33.22,27.67,0
2185,33.22,27.40,0
2186,33.22,27.12,0
2187,32.95,27.67,0
2188,32.95,27.67,0
2189,32.67,27.67,0
2190,33.22,27.12,0
2191,33.22,27.67,0
2192,33.22,27.67,0
2193,33.22,27.67,0
2194,32.39,27.40,0
2195,32.95,27.67,0
2196,32.67,27.67,0
2197,33.22,27.67,0
2198,33.22,27.67,0
2199,32.67,27.67,0
2200,32.95,27.12,0
2201,32.67,27.67,0
2202,32.95,27.12,0
2203,32.39,27.40,0
2204,32.95,27.67,0
2205,32.67,27.67,0
2206,33.22,27.12,0
2207,32.95,27.40,0
2208,32.39,27.67,0
2209,32.67,27.67,0
2210,33.22,27.67,0
2211,32.67,27.67,0
2212,33.22,27.12,0
2213,32.95,27.12,0
2214,32.39,27.40,0
2215,33.22,27.67,0
2216,32.95,27.67,0
2217,32.67,27.67,0
2218,32.95,27.12,0
2219,32.95,27.67,0
2220,32.67,27.67,0
2221,32.95,27.12,0
2222,32.67,27.67,0
2223,32.95,27.40,0
2224,32.39,27.67,0
2225,32.95,27.67,0
2226,32.95,27.67,0
2227,32.39,27.12,0
2228,32.67,27.12,0
2229,32.95,27.67,0
2230,32.67,27.67,0
2231,32.67,27.67,0
2232,32.39,27.12,0
2233,32.95,27.67,0
2234,32.11,27.67,0
2235,32.95,26.56,0
2236,32.67,27.40,0
2237,32.39,27.67,0
2238,32.67,27.67,0
2239,32.67,27.67,0
2240,32.67,27.67,0
2241,32.67,27.12,0
2242,32.67,27.67,0
2243,32.67,27.67,0
2244,32.67,27.67,0
2245,32.39,27.40,0
2246,32.67,27.12,0
2247,32.39,27.40,0
2248,33.22,27.40,0
2249,32.67,27.12,0
2250,32.11,27.12,0
2251,32.67,27.67,0
2252,32.67,27.67,0
2253,32.67,27.67,0
2254,32.67,27.40,0
2255,32.95,27.12,0
2256,32.11,27.40,0
2257,32.67,27.67,0
2258,31.56,27.67,0
2259,32.39,27.67,0
2260,32.67,27.40,0
2261,32.39,26.84,0
2262,32.67,27.12,0
2263,32.39,27.67,0
2264,32.11,27.40,0
2265,32.67,27.40,0
2266,32.67,27.67,0
2267,32.39,27.12,0
2268,32.39,27.67,0
2269,32.11,27.67,0
2270,32.39,27.40,0
2271,32.39,27.67,0
2272,32.67,27.40,0
2273,32.11,26.56,0
2274,32.39,27.40,0
2275,32.39,27.12,0
2276,32.11,27.12,0
2277,32.11,26.84,0
2278,32.67,27.67,0
2279,31.84,27.12,0
2280,32.39,27.67,0
2281,32.39,27.67,0
2282,31.56,27.40,0
2283,32.67,27.40,0
2284,32.39,27.67,0
2285,32.39,26.84,0
2286,32.39,27.67,0
2287,32.67,27.40,0
2288,32.39,27.67,0
2289,32.67,27.67,0
2290,32.39,26.56,0
2291,32.39,27.67,0
2292,31.84,27.67,0
2293,32.11,27.67,0
2294,31.84,27.67,0
2295,31.84,27.12,0
2296,32.11,27.67,0
2297,31.84,27.40,0
2298,31.56,27.12,0
2299,32.39,27.40,0
2300,32.39,27.67,0
2301,32.39,27.67,0
2302,32.11,27.67,0
2303,32.39,27.67,0
2304,32.11,27.67,0
2305,32.39,27.40,0
2306,32.39,27.12,0
2307,31.84,27.12,0
2308,31.84,27.40,0
2309,32.67,26.56,0
2310,32.11,27.12,0
2311,32.11,27.12,0
2312,32.11,27.67,0
2313,32.39,27.67,0
2314,32.39,27.95,0
2315,31.84,27.12,0
2316,31.84,27.40,0
2317,32.11,27.12,0
2318,31.84,27.40,0
2319,31.84,27.40,0
2320,32.39,27.12,0
2321,32.11,27.40,0
2322,32.11,27.67,0
2323,32.39,26.84,0
2324,32.11,27.67,0
2325,31.56,27.12,0
2326,32.11,27.67,0
2327,31.56,27.12,0
2328,32.11,27.40,0
2329,31.84,27.12,0
2330,32.11,27.12,0
2331,32.11,27.40,0
2332,31.84,27.12,0
2333,31.84,27.12,0
2334,31.84,27.67,0
2335,31.84,27.67,0
2336,31.84,27.40,0
2337,31.84,27.12,0
2338,32.11,27.67,0
2339,32.11,26.84,0
2340,31.56,27.40,0
2341,31.84,27.40,0
2342,31.84,27.12,0
2343,31.84,27.12,0
2344,32.11,27.12,0
2345,32.11,27.40,0
2346,31.56,27.12,0
2347,32.39,27.40,0
2348,31.84,27.40,0
2349,31.84,27.40,0
2350,32.39,27.67,0
2351,31.56,27.40,0
2352,31.56,26.56,0
2353,31.28,27.40,0
2354,31.56,27.12,0
2355,31.84,27.40,0
2356,32.11,27.40,0
2357,31.28,26.84,0
2358,32.11,27.40,0
2359,32.11,27.12,0
2360,32.11,27.12,0
2361,31.84,27.12,0
2362,31.84,27.40,0
2363,31.56,27.40,0
2364,31.56,27.12,0
2365,31.84,27.40,0
2366,31.84,27.12,0
2367,31.84,27.12,0
2368,31.28,27.67,0
2369,31.84,27.67,0
2370,31.84,26.84,0
2371,32.11,27.12,0
2372,31.84,26.84,0
2373,31.84,27.12,0
2374,31.84,27.40,0
2375,31.56,27.40,0
2376,32.11,27.40,0
2377,31.00,26.84,0
2378,31.56,26.56,0
2379,31.28,27.40,0
2380,31.84,27.67,0
2381,31.84,27.40,0
2382,31.84,27.40,0
2383,31.84,27.12,0
2384,32.11,27.12,0
2385,31.28,27.12,0
2386,31.56,27.40,0
2387,31.84,27.40,0
2388,31.84,27.12,0
2389,31.56,27.40,0
2390,31.00,27.12,0
2391,31.84,27.40,0
2392,31.84,27.12,0
2393,31.28,27.67,0
2394,31.84,27.40,0
2395,31.56,27.12,0
2396,31.56,27.40,0
2397,31.56,27.95,0
2398,31.28,26.84,0
2399,31.28,26.84,0
2400,31.56,27.40,0
2401,31.84,27.40,0
2402,31.28,27.12,0
2403,31.84,27.40,0
2404,31.28,27.40,0
2405,31.84,27.40,0
2406,31.56,26.84,0
2407,31.28,27.12,0
2408,31.00,27.40,0
2409,31.84,27.12,0
2410,31.56,27.40,0
2411,31.28,27.40,0
2412,31.84,27.40,0
2413,31.00,27.40,0
2414,31.84,27.40,0
2415,31.56,26.84,0
2416,31.84,27.40,0
2417,30.73,27.67,0
2418,31.56,27.40,0
2419,31.56,26.84,0
2420,31.28,26.56,0
2421,31.56,27.12,0
2422,31.84,27.67,0
2423,31.84,27.40,0
2424,31.28,27.40,0
2425,31.56,27.12,0
2426,31.56,27.40,0
2427,31.28,27.40,0
2428,31.56,27.40,0
2429,31.56,27.40,0
2430,31.56,27.12,0
2431,31.56,27.40,0
2432,31.28,27.12,0
2433,31.56,26.84,0
2434,31.28,27.12,0
2435,31.28,27.12,0
2436,31.56,27.40,0
2437,31.28,26.29,0
2438,31.00,27.40,0
2439,31.00,27.40,0
2440,31.56,27.40,0
2441,31.28,27.40,0
2442,31.56,27.12,0
2443,31.28,27.40,0
2444,31.00,27.40,0
2445,31.28,26.84,0
2446,31.56,27.40,0
2447,31.56,26.29,0
2448,31.00,26.84,0
2449,31.00,27.40,0
2450,31.56,27.40,0
2451,31.28,27.40,0
2452,31.56,27.40,0
2453,30.73,27.40,0
2454,31.28,27.12,0
2455,31.28,27.40,0
2456,31.56,26.84,0
2457,30.73,27.40,0
2458,31.56,27.40,0
2459,31.00,27.40,0
2460,31.28,26.56,0
2461,31.28,27.40,0
2462,30.45,26.84,0
2463,31.56,27.40,0
2464,31.28,27.12,0
2465,31.00,27.40,0
2466,31.28,27.40,0
2467,30.45,27.12,0
2468,30.73,26.84,0
2469,31.56,26.84,0
2470,31.56,27.12,0
2471,31.28,26.84,0
2472,31.28,27.40,0
2473,31.56,27.40,0
2474,31.56,27.40,0
2475,31.56,27.40,0
2476,31.28,27.67,0
2477,31.00,27.40,0
2478,30.73,26.84,0
2479,31.56,26.84,0
2480,31.56,26.56,0
2481,31.28,27.40,0
2482,31.56,27.40,0
2483,31.28,26.84,0
2484,31.28,27.12,0
2485,30.73,27.40,0
2486,31.56,27.40,0
2487,30.73,26.84,0
2488,31.00,26.84,0
2489,31.28,27.40,0
2490,30.73,27.40,0
2491,30.45,27.12,0
2492,31.00,27.40,0
2493,30.73,27.12,0
2494,30.73,27.40,0
2495,31.28,26.84,0
2496,30.45,26.84,0
2497,31.00,27.40,0
2498,31.28,26.56,0
2499,30.73,26.84,0
2500,30.73,27.12,0
2501,31.56,26.56,0
2502,30.73,27.40,0
2503,30.45,26.84,0
2504,30.45,26.84,0
2505,31.28,27.40,0
2506,31.00,27.12,0
2507,31.28,26.84,0
2508,31.28,27.40,0
2509,31.56,27.12,0
2510,30.45,27.40,0
2511,31.28,26.84,0
2512,31.00,27.12,0
2513,30.73,26.56,0
2514,31.00,27.40,0
2515,30.45,26.84,0
2516,30.73,27.40,0
2517,30.73,27.40,0
2518,31.28,27.12,0
2519,31.00,27.40,0
2520,31.00,26.29,0
2521,30.73,27.40,0
2522,31.28,26.84,0
2523,31.00,27.40,0
2524,30.45,27.40,0
2525,31.00,26.84,0
2526,30.73,27.40,0
2527,31.28,27.40,0
2528,31.56,26.84,0
2529,30.73,27.40,0
2530,31.00,26.84,0
2531,30.45,27.12,0
2532,31.28,27.12,0
2533,30.73,27.40,0
2534,31.00,26.29,0
2535,31.28,26.84,0
2536,31.28,27.12,0
2537,30.17,27.40,0
2538,30.45,27.40,0
2539,31.00,27.12,0
2540,31.00,26.84,0
2541,31.00,27.40,0
2542,31.00,27.40,0
2543,31.00,26.84,0
2544,30.45,27.40,0
2545,31.00,27.40,0
2546,30.45,27.40,0
2547,31.00,27.12,0
2548,31.00,26.84,0
2549,31.28,27.40,0
2550,31.00,26.84,0
2551,30.73,27.40,0
2552,30.73,27.12,0
2553,31.00,27.40,0
2554,31.28,26.84,0
2555,31.28,27.12,0
2556,30.73,27.40,0
2557,31.00,27.40,0
2558,31.00,27.40,0
2559,31.00,27.12,0
2560,30.73,26.56,0
2561,31.00,26.84,0
2562,31.00,27.12,0
2563,30.45,27.40,0
2564,31.00,27.12,0
2565,30.73,27.40,0
2566,30.73,27.12,0
2567,31.28,27.40,0
2568,30.45,27.12,0
2569,30.73,27.12,0
2570,31.00,27.40,0
2571,31.00,26.56,0
2572,31.00,27.40,0
2573,30.73,27.40,0
2574,31.00,26.29,0
2575,30.73,27.12,0
2576,31.28,27.12,0
2577,31.00,27.12,0
2578,30.45,27.12,0
2579,30.45,27.12,0
2580,30.45,27.40,0
2581,31.00,26.84,0
2582,30.73,27.40,0
2583,30.45,27.12,0
2584,30.73,26.84,0
2585,30.73,27.40,0
2586,31.00,26.84,0
2587,31.00,27.40,0
2588,31.00,27.40,0
2589,30.45,26.84,0
2590,30.73,27.40,0
2592,30.73,26.84,0
2593,30.45,27.40,0
2594,30.73,26.56,0
2595,30.17,26.84,0
2596,30.73,26.84,0
2597,30.45,27.12,0
2598,30.73,26.84,0
2599,30.73,26.84,0
2600,31.00,27.40,0
2601,30.73,26.84,0
2602,30.45,27.40,0
2603,30.73,27.12,0
2604,30.73,26.84,0
2605,30.17,27.67,0
2606,31.00,26.56,0
2607,30.73,26.84,0
2608,29.89,27.40,0
2609,30.45,26.84,0
2610,30.45,26.84,0
2611,31.00,27.40,0
2612,30.73,27.40,0
2613,30.45,27.12,0
2614,30.73,27.12,0
2615,30.45,27.40,0
2616,30.17,27.12,0
2617,31.00,27.40,0
2618,31.00,27.40,0
2619,30.73,26.84,0
2620,30.73,27.40,0
2621,30.73,27.12,0
2622,30.17,27.12,0
2623,30.17,26.84,0
2624,30.45,26.84,0
2625,30.45,26.84,0
2626,30.73,26.29,0
2627,30.73,27.12,0
2628,30.73,26.84,0
2629,30.45,26.56,0
2630,30.73,27.12,0
2631,30.73,26.84,0
2632,30.73,27.40,0
2633,30.45,27.40,0
2634,30.73,27.12,0
2635,30.17,27.12,0
2636,30.45,26.84,0
2637,30.73,27.12,0
2638,30.45,26.84,0
2639,30.45,27.12,0
2640,30.73,26.84,0
2641,30.17,27.40,0
2642,30.45,27.12,0
2643,30.17,27.40,0
2644,31.00,26.56,0
2645,30.17,27.12,0
2646,30.17,27.12,0
2647,30.73,27.12,0
2648,30.73,27.12,0
2649,30.45,26.84,0
2650,30.45,27.12,0
2651,30.73,26.84,0
2652,30.73,27.40,0
2653,30.45,26.84,0
2654,30.45,27.12,0
2655,31.00,26.56,0
2656,30.45,27.12,0
2657,30.73,26.84,0
2658,30.73,26.84,0
2659,30.45,26.84,0
2660,30.17,27.12,0
2661,30.73,26.84,0
2662,30.45,27.12,0
2663,30.45,27.12,0
2664,30.45,27.12,0
2665,30.45,27.12,0
2666,29.89,27.40,0
2667,30.45,27.12,0
2668,30.17,27.40,0
2669,30.17,27.12,0
2670,30.45,26.84,0
2671,30.73,27.40,0
2672,30.45,27.67,0
2673,30.17,26.56,0
2674,30.17,27.12,0
2675,30.73,27.12,0
2676,30.45,27.12,0
2677,30.73,27.12,0
2678,30.45,26.84,0
2679,29.89,27.12,0
2680,30.45,27.40,0
2681,30.17,26.84,0
2682,30.45,27.40,0
2683,30.73,27.40,0
2684,30.45,26.56,0
2685,30.45,27.40,0
2686,29.89,27.40,0
2687,30.45,26.84,0
2688,30.45,26.84,0
2689,30.45,27.12,0
2690,30.45,27.40,0
2691,30.17,27.40,0
2692,30.17,27.40,0
2693,30.45,26.84,0
2694,30.17,27.40,0
2695,30.45,26.56,0
2696,30.45,27.12,0
2697,30.17,27.67,0
2698,29.89,27.12,0
2699,30.45,26.56,0
2700,30.17,27.12,0
2701,30.45,27.12,0
2702,29.89,27.12,0
2703,30.17,26.56,0
2704,30.45,26.84,0
2705,30.45,27.40,0
2706,30.17,27.40,0
2707,30.45,27.12,0
2708,30.45,27.40,0
2709,30.45,27.12,0
2710,30.17,27.12,0
2711,29.34,27.12,0
2712,30.45,27.12,0
2713,29.89,27.12,0
2714,30.17,26.84,0
2715,30.17,26.56,0
2716,30.45,27.12,0
2717,30.45,27.12,0
2718,30.45,26.84,0
2719,30.45,27.12,0
2720,30.17,27.12,0
2721,30.45,27.12,0
2722,30.45,27.12,0
2723,30.17,27.12,0
2724,30.17,27.40,0
2725,30.45,26.84,0
2726,30.45,26.84,0
2727,30.45,26.84,0
2728,30.45,27.12,0
2729,29.89,27.40,0
2730,30.45,27.12,0
2731,29.89,26.56,0
2732,30.45,26.84,0
2733,30.73,26.84,0
2734,30.17,27.12,0
2735,29.34,26.84,0
2736,30.45,27.12,0
2737,30.17,26.56,0
2738,30.45,27.12,0
2739,30.45,27.12,0
2740,30.45,27.12,0
2741,30.17,27.12,0
2742,30.45,27.12,0
2743,30.17,27.12,0
2744,30.45,27.12,0
2745,29.62,26.84,0
2746,30.17,26.84,0
2747,30.45,27.12,0
2748,30.17,27.12,0
2749,30.17,27.12,0
2750,29.89,27.40,0
2751,30.17,27.12,0
2752,30.45,27.12,0
2753,30.45,27.12,0
2754,30.45,27.40,0
2755,29.34,27.12,0
2756,29.89,27.12,0
2757,29.62,27.12,0
2758,30.17,26.84,0
2759,29.89,26.84,0
2760,30.17,26.56,0
2761,29.89,27.12,0
2762,30.45,27.12,0
2763,30.17,26.84,0
2764,30.45,26.56,0
2765,29.89,27.12,0
2766,29.89,26.84,0
2767,30.45,27.12,0
2768,30.45,26.29,0
2769,30.17,27.12,0
2770,30.17,27.12,0
2771,30.17,27.12,0
2772,30.45,27.12,0
2773,30.17,27.12,0
2774,30.17,26.56,0
2775,29.89,27.12,0
2776,30.45,26.56,0
2777,30.45,26.84,0
2778,29.89,26.84,0
2779,30.45,26.84,0
2780,29.89,27.12,0
2781,30.45,27.12,0
2782,29.89,27.12,0
2783,30.17,27.12,0
2784,30.17,27.12,0
2785,30.17,26.56,0
2786,29.62,27.12,0
2787,30.45,27.12,0
2788,30.17,27.40,0
2789,30.45,27.12,0
2790,30.17,26.84,0
2791,29.62,27.12,0
2792,30.17,26.29,0
2793,30.45,26.56,0
2794,29.62,27.12,0
2795,29.62,27.12,0
2796,30.45,27.12,0
2797,29.89,27.12,0
2798,30.17,26.84,0
2799,29.89,27.12,0
2800,30.17,27.40,0
2801,30.17,27.12,0
2802,29.89,26.56,0
2803,30.45,27.12,0
2804,30.17,26.84,0
2805,30.45,27.12,0
2806,30.17,27.12,0
2807,30.17,26.56,0
2808,30.45,27.12,0
2809,29.89,27.12,0
2810,29.62,27.12,0
2811,30.17,26.84,0
2812,30.17,26.84,0
2813,29.89,26.56,0
2814,30.45,26.84,0
2815,29.89,27.12,0
2816,29.89,27.12,0
2817,29.62,27.12,0
2818,30.17,27.12,0
2819,29.89,27.12,0
2820,29.89,26.84,0
2821,30.17,26.84,0
2822,29.62,27.12,0
2823,29.89,27.12,0
2824,29.89,27.12,0
2825,30.17,27.12,0
2826,29.62,27.12,0
2827,29.62,27.12,0
2828,30.17,27.12,0
2829,30.17,27.40,0
2830,29.89,27.12,0
2831,30.17,27.12,0
2832,29.89,26.84,0
2833,29.62,27.12,0
2834,30.17,27.12,0
2835,30.17,26.84,0
2836,29.62,26.84,0
2837,30.17,27.12,0
2838,29.89,27.40,0
2839,29.89,27.12,0
2840,30.17,26.84,0
2841,30.45,26.56,0
2842,29.89,26.56,0
2843,30.17,26.84,0
2844,30.17,27.12,0
2845,29.62,26.29,0
2846,30.17,27.12,0
2847,29.89,26.56,0
2848,30.17,27.12,0
2849,30.17,27.40,0
2850,30.17,26.56,0
2851,30.17,27.12,0
2852,29.62,26.29,0
2853,30.17,27.12,0
2854,30.17,27.12,0
2855,29.89,27.40,0
2856,30.45,27.12,0
2857,29.62,27.40,0
2858,29.62,27.12,0
2859,30.17,27.40,0
2860,29.06,26.84,0
2861,29.06,27.12,0
2862,29.89,27.40,0
2863,30.45,27.12,0
2864,29.06,27.12,0
2865,29.89,26.56,0
2866,30.17,27.12,0
2867,29.62,27.12,0
2868,29.62,27.40,0
2869,29.34,26.56,0
2870,30.17,26.84,0
2871,29.62,26.84,0
2872,30.17,26.84,0
2873,29.62,27.12,0
2874,29.34,26.56,0
2875,30.17,27.40,0
2876,30.17,27.12,0
2877,29.62,27.12,0
2878,29.62,27.40,0
2879,29.62,26.84,0
2880,29.89,27.12,0
2881,30.17,26.84,0
2882,30.17,26.84,0
2883,30.17,27.12,0
2884,29.34,27.40,0
2885,29.89,26.84,0
2886,30.17,27.40,0
2887,29.89,26.84,0
2888,30.17,27.12,0
2889,30.17,26.84,0
2890,29.89,26.84,0
2891,30.17,27.12,0
2892,30.17,27.40,0
2893,29.62,26.56,0
2894,30.17,27.12,0
2895,29.89,27.12,0
2896,29.89,26.56,0
2897,30.17,26.56,0
2898,29.62,26.84,0
2899,29.62,27.40,0
2900,29.89,27.12,0
2901,29.89,27.12,0
2902,29.89,26.84,0
2903,30.17,27.12,0
2904,30.17,27.40,0
2905,29.89,26.84,0
2906,29.89,26.84,0
2907,30.17,27.12,0
2908,29.89,26.56,0
2909,29.62,27.12,0
2910,30.17,27.12,0
2911,29.89,26.56,0
2912,29.89,27.12,0
2913,29.06,27.12,0
2914,29.89,26.84,0
2915,30.17,27.12,0
2916,29.06,27.40,0
2917,29.89,26.84,0
2918,29.89,26.56,0
2919,30.17,26.84,0
2920,30.17,27.40,0
2921,29.89,26.84,0
2922,29.34,27.40,0
2923,29.34,27.12,0
2924,29.34,26.84,0
2925,30.17,27.12,0
2926,29.89,27.40,0
2927,29.62,26.84,0
2928,29.89,26.84,0
2929,29.62,27.12,0
2930,29.89,26.84,0
2931,29.62,27.40,0
2932,29.89,27.12,0
2933,29.62,26.84,0
2934,29.06,27.12,0
2935,29.89,27.40,0
2936,29.62,26.84,0
2937,29.62,26.84,0
2938,29.06,27.12,0
2939,29.89,27.40,0
2940,29.89,26.56,0
2941,30.17,26.84,0
2942,29.89,27.40,0
2943,29.62,26.84,0
2944,30.17,26.84,0
2945,29.89,26.84,0
2946,29.62,26.84,0
2947,29.62,27.12,0
2948,29.89,27.12,0
2949,30.17,27.40,0
2950,29.06,27.12,0
2951,29.06,26.84,0
2952,29.89,27.40,0
2953,29.89,27.12,0
2954,29.89,27.12,0
2955,29.34,26.84,0
2956,29.89,26.84,0
2957,30.17,27.12,0
2958,29.62,27.40,0
2959,29.89,27.40,0
2960,29.62,27.12,0
2961,29.89,27.12,0
2962,29.34,27.40,0
2963,29.62,26.84,0
2964,29.34,27.40,0
2965,29.34,26.84,0
2966,29.89,27.40,0
2967,29.89,26.56,0
2968,29.62,27.12,0
2969,30.17,26.84,0
2970,29.89,26.84,0
2971,29.89,27.12,0
2972,29.34,26.84,0
2973,29.62,27.40,0
2974,29.89,27.12,0
2975,29.89,27.12,0
2976,29.34,27.40,0
2977,29.06,26.84,0
2978,29.34,27.12,0
2979,30.17,26.84,0
2980,29.89,27.12,0
2981,29.34,27.12,0
2982,29.62,26.29,0
2983,29.62,26.84,0
2984,29.34,26.56,0
2985,29.89,27.12,0
2986,29.62,27.12,0
2987,29.34,27.40,0
2988,29.34,27.12,0
2989,30.17,27.40,0
2990,29.89,26.29,0
2991,29.06,26.29,0
2992,29.62,26.84,0
2993,29.34,26.84,0
2994,29.89,26.56,0
2995,29.89,26.84,0
2996,29.89,26.84,0
2997,29.89,27.40,0
2998,29.34,27.12,0
2999,29.06,27.12,0
3000,29.62,26.56,0
3001,29.34,27.12,0
3002,29.89,26.29,0
3003,29.34,27.40,0
3004,29.62,27.12,0
3005,29.06,27.12,0
3006,29.89,26.84,0
3007,29.06,27.12,0
3008,29.62,26.84,0
3009,29.89,27.40,0
3010,29.89,27.40,0
3011,29.62,27.12,0
3012,29.62,27.40,0
3013,29.62,26.84,0
3014,29.62,27.40,0
3015,29.62,26.84,0
3016,29.89,27.40,0
3017,29.34,27.12,0
3018,29.89,26.84,0
3019,29.34,26.56,0
3020,29.89,26.56,0
3021,29.89,26.84,0
3022,29.34,27.12,0
3023,29.62,27.40,0
3024,29.62,27.40,0
3025,29.89,27.40,0
3027,29.89,27.40,0
3028,29.62,27.12,0
3029,29.62,26.29,0
3030,29.62,27.40,0
3031,29.62,27.12,0
3032,29.62,26.29,0
3033,29.89,27.12,0
3034,29.34,26.56,0
3035,29.06,27.12,0
3036,29.89,26.56,0
3037,30.17,26.56,0
3038,29.89,26.84,0
3039,29.62,27.12,0
3040,29.62,27.12,0
3041,29.62,26.84,0
3042,29.06,27.12,0
3043,29.62,26.84,0
3044,29.06,26.84,0
3045,29.62,27.12,0
3046,29.34,26.84,0
3047,29.62,26.84,0
3048,29.34,27.12,0
3049,29.34,26.84,0
3050,29.89,26.56,0
3051,29.62,26.56,0
3052,29.62,26.84,0
3053,29.89,26.84,0
3054,29.89,26.84,0
3055,29.34,26.56,0
3056,29.62,26.84,0
3057,29.89,26.84,0
3058,29.34,27.12,0
3059,29.62,26.84,0
3060,29.34,27.12,0
3061,29.62,26.84,0
3062,29.62,27.40,0
3063,29.34,27.40,0
3064,29.62,27.12,0
3065,29.89,27.12,0
3066,29.62,26.84,0
3067,29.89,27.40,0
3068,29.34,27.40,0
3069,29.34,27.12,0
3070,29.89,26.84,0
3071,29.62,27.12,0
3072,29.89,26.84,0
3073,29.34,27.40,0
3074,29.34,26.56,0
3075,29.89,26.29,0
3076,29.34,26.56,0
3077,29.89,27.12,0
3078,29.89,26.56,0
3079,29.06,26.56,0
3080,29.89,27.12,0
3081,29.34,26.56,0
3082,29.89,26.56,0
3083,28.78,26.56,0
3084,29.06,27.12,0
3085,29.34,26.84,0
3086,29.89,27.12,0
3087,29.62,27.40,0
3088,29.62,26.56,0
3089,29.62,26.56,0
3090,29.62,26.29,0
3091,29.34,27.12,0
3092,29.06,26.84,0
3093,29.34,26.84,0
3094,29.89,26.56,0
3095,29.89,27.12,0
3096,29.34,27.12,0
3097,29.34,26.84,0
3098,29.34,27.12,0
3099,29.89,27.40,0
3100,29.62,27.12,0
3101,29.34,27.12,0
3102,29.34,26.56,0
3103,29.89,27.12,0
3104,29.89,26.84,0
3105,29.89,27.12,0
3106,29.62,26.56,0
3107,29.62,27.40,0
3108,29.06,27.12,0
3109,29.62,26.84,0
3110,29.62,27.12,0
3111,29.34,27.12,0
3112,29.34,26.84,0
3113,29.62,27.40,0
3114,29.62,27.12,0
3115,29.62,27.40,0
3116,29.62,27.12,0
3117,28.78,26.84,0
3118,29.34,26.84,0
3119,29.34,27.12,0
3120,29.62,27.12,0
3121,29.62,27.40,0
3122,29.06,26.84,0
3123,29.89,27.40,0
3124,29.06,26.84,0
3125,29.34,27.12,0
3126,29.62,26.84,0
3127,29.34,27.12,0
3128,29.34,26.84,0
3129,29.62,26.56,0
3130,29.06,26.84,0
3131,29.89,27.12,0
3132,29.62,27.12,0
3133,29.89,26.84,0
3134,28.78,27.12,0
3135,29.62,27.40,0
3136,29.34,26.84,0
3137,29.89,27.12,0
3138,29.06,27.12,0
3139,29.89,26.84,0
3140,29.34,26.84,0
3141,29.34,27.40,0
3142,28.78,26.56,0
3143,29.34,26.84,0
3144,29.62,27.12,0
3145,29.06,27.40,0
3146,29.62,27.12,0
3147,29.34,27.40,0
3148,29.62,26.56,0
3149,29.06,26.84,0
3150,29.62,27.12,0
3151,29.62,27.12,0
3152,29.89,27.40,0
3153,29.62,27.12,0
3154,29.89,27.12,0
3155,29.06,27.40,0
3156,29.06,27.12,0
3157,29.34,27.12,0
3158,29.34,26.84,0
3159,29.34,27.12,0
3160,29.34,26.84,0
3161,29.62,27.12,0
3162,29.89,27.12,0
3163,29.62,27.12,0
3164,29.62,26.56,0
3165,29.62,26.84,0
3166,29.89,27.40,0
