0 , 32.11 , 20.00 , 0.00 , 0
1 , 31.56 , 20.00 , 0.00 , 0
2 , 32.39 , 20.00 , 0.00 , 0
3 , 32.67 , 20.00 , 0.00 , 0
4 , 32.39 , 20.00 , 0.00 , 0
5 , 32.67 , 20.00 , 0.00 , 0
6 , 33.22 , 20.00 , 0.00 , 0
7 , 34.61 , 20.00 , 0.00 , 0
8 , 36.83 , 20.00 , 0.00 , 0
9 , 38.78 , 20.00 , 0.00 , 0
10 , 40.44 , 20.00 , 0.00 , 0
11 , 42.38 , 20.00 , 0.00 , 0
12 , 44.33 , 20.00 , 0.00 , 0
13 , 45.72 , 20.00 , 0.00 , 0
14 , 47.10 , 20.00 , 0.00 , 0
15 , 48.49 , 20.00 , 0.00 , 0
16 , 50.16 , 20.00 , 0.00 , 0
17 , 51.82 , 20.00 , 0.00 , 0
18 , 52.93 , 20.00 , 0.00 , 0
19 , 54.04 , 20.00 , 0.00 , 0
20 , 54.88 , 20.00 , 0.00 , 0
21 , 56.54 , 20.00 , 0.00 , 0
22 , 57.10 , 20.00 , 0.00 , 0
23 , 58.21 , 20.00 , 0.00 , 0
24 , 59.59 , 20.00 , 0.00 , 0
25 , 61.54 , 20.00 , 0.00 , 0
26 , 62.65 , 20.00 , 0.00 , 0
27 , 64.04 , 20.00 , 0.00 , 0
28 , 65.15 , 20.00 , 0.00 , 0
29 , 65.70 , 20.00 , 0.00 , 0
30 , 66.26 , 20.00 , 0.00 , 0
31 , 67.92 , 20.00 , 0.00 , 0
32 , 68.75 , 20.00 , 0.00 , 0
33 , 69.87 , 20.00 , 0.00 , 0
34 , 70.70 , 20.00 , 0.00 , 0
35 , 71.53 , 20.00 , 0.00 , 0
36 , 72.09 , 20.00 , 0.00 , 0
37 , 73.75 , 20.00 , 0.00 , 0
38 , 74.31 , 20.00 , 0.00 , 0
39 , 75.42 , 20.00 , 0.00 , 0
40 , 75.97 , 20.00 , 0.00 , 0
41 , 77.08 , 20.00 , 0.00 , 0
42 , 77.36 , 20.00 , 0.00 , 0
43 , 78.47 , 20.00 , 0.00 , 0
44 , 78.47 , 20.00 , 0.00 , 0
45 , 80.14 , 20.00 , 0.00 , 0
46 , 80.14 , 20.00 , 0.00 , 0
47 , 81.52 , 20.00 , 0.00 , 0
48 , 82.08 , 20.00 , 0.00 , 0
49 , 82.91 , 20.00 , 0.00 , 0
50 , 83.47 , 20.00 , 0.00 , 0
51 , 83.74 , 20.00 , 0.00 , 0
52 , 84.85 , 20.00 , 0.00 , 0
53 , 85.41 , 20.00 , 0.00 , 0
54 , 85.69 , 20.00 , 0.00 , 0
55 , 85.69 , 20.00 , 0.00 , 0
56 , 86.80 , 20.00 , 0.00 , 0
57 , 87.35 , 20.00 , 0.00 , 0
58 , 87.91 , 20.00 , 0.00 , 0
59 , 88.46 , 20.00 , 0.00 , 0
60 , 89.02 , 20.00 , 0.00 , 0
61 , 89.02 , 20.00 , 0.00 , 0
62 , 89.85 , 20.00 , 0.00 , 0
63 , 90.41 , 20.00 , 0.00 , 0
64 , 90.13 , 20.00 , 0.00 , 0
65 , 91.24 , 20.00 , 0.00 , 0
66 , 91.52 , 20.00 , 0.00 , 0
67 , 91.79 , 20.00 , 0.00 , 0
68 , 92.07 , 20.00 , 0.00 , 0
69 , 92.63 , 20.00 , 0.00 , 0
70 , 93.18 , 20.00 , 0.00 , 0
71 , 93.46 , 20.00 , 0.00 , 0
72 , 94.29 , 20.00 , 0.00 , 0
73 , 94.57 , 20.00 , 0.00 , 0
74 , 95.12 , 20.00 , 0.00 , 0
75 , 95.12 , 19.36 , 0.00 , 0
76 , 95.12 , 19.35 , 0.00 , 0
77 , 95.96 , 19.34 , 0.00 , 0
78 , 96.79 , 15.08 , 0.00 , 0
79 , 96.24 , 10.74 , 0.00 , 0
80 , 95.68 , 13.39 , 0.00 , 0
81 , 95.68 , 16.10 , 0.00 , 0
82 , 94.85 , 16.03 , 0.00 , 0
83 , 95.68 , 20.00 , 0.00 , 0
84 , 95.68 , 15.98 , 0.00 , 0
85 , 95.40 , 15.91 , 0.00 , 0
86 , 95.12 , 17.26 , 0.00 , 0
87 , 95.96 , 18.63 , 0.00 , 0
88 , 95.68 , 14.37 , 0.00 , 0
89 , 95.40 , 15.69 , 0.00 , 0
90 , 95.12 , 17.04 , 0.00 , 0
91 , 94.57 , 18.41 , 0.00 , 0
92 , 94.85 , 20.00 , 0.00 , 0
93 , 94.57 , 19.86 , 0.00 , 0
94 , 94.85 , 20.00 , 0.00 , 0
95 , 94.85 , 19.92 , 0.00 , 0
96 , 95.40 , 19.93 , 0.00 , 0
97 , 95.40 , 17.12 , 0.00 , 0
98 , 94.85 , 17.08 , 0.00 , 0
99 , 95.96 , 19.87 , 0.00 , 0
100 , 95.40 , 14.22 , 0.00 , 0
101 , 95.12 , 16.96 , 0.00 , 0
102 , 95.12 , 18.33 , 0.00 , 0
103 , 94.85 , 18.32 , 0.00 , 0
104 , 95.40 , 19.72 , 0.00 , 0
105 , 94.85 , 16.91 , 0.00 , 0
106 , 94.57 , 19.70 , 0.00 , 0
107 , 94.85 , 20.00 , 0.00 , 0
108 , 94.57 , 19.76 , 0.00 , 0
109 , 95.12 , 20.00 , 0.00 , 0
110 , 95.12 , 18.40 , 0.00 , 0
111 , 95.40 , 18.39 , 0.00 , 0
112 , 95.96 , 16.96 , 0.00 , 0
113 , 95.96 , 14.09 , 0.00 , 0
114 , 95.12 , 13.99 , 0.00 , 0
115 , 94.85 , 18.14 , 0.00 , 0
116 , 94.85 , 19.55 , 0.00 , 0
117 , 95.12 , 19.56 , 0.00 , 0
118 , 94.85 , 18.16 , 0.00 , 0
119 , 94.57 , 19.56 , 0.00 , 0
120 , 94.57 , 20.00 , 0.00 , 0
121 , 95.12 , 20.00 , 0.00 , 0
122 , 95.40 , 18.25 , 0.00 , 0
123 , 95.96 , 16.82 , 0.00 , 0
124 , 95.68 , 13.95 , 0.00 , 0
125 , 95.12 , 15.27 , 0.00 , 0
126 , 95.12 , 18.03 , 0.00 , 0
127 , 94.85 , 18.02 , 0.00 , 0
128 , 95.68 , 19.42 , 0.00 , 0
129 , 95.40 , 15.19 , 0.00 , 0
130 , 95.12 , 16.54 , 0.00 , 0
131 , 95.68 , 17.91 , 0.00 , 0
132 , 95.12 , 15.07 , 0.00 , 0
133 , 95.12 , 17.83 , 0.00 , 0
134 , 94.85 , 17.82 , 0.00 , 0
135 , 94.85 , 19.23 , 0.00 , 0
136 , 95.40 , 19.24 , 0.00 , 0
137 , 95.40 , 16.42 , 0.00 , 0
138 , 95.12 , 16.38 , 0.00 , 0
139 , 95.12 , 17.76 , 0.00 , 0
140 , 94.85 , 17.75 , 0.00 , 0
141 , 94.85 , 19.15 , 0.00 , 0
142 , 94.57 , 19.17 , 0.00 , 0
143 , 94.01 , 20.00 , 0.00 , 0
144 , 94.57 , 20.00 , 0.00 , 0
145 , 95.40 , 20.00 , 0.00 , 0
146 , 94.85 , 16.53 , 0.00 , 0
147 , 95.40 , 19.33 , 0.00 , 0
148 , 95.68 , 16.51 , 0.00 , 0
149 , 95.40 , 15.05 , 0.00 , 0
150 , 95.12 , 16.40 , 0.00 , 0
151 , 94.85 , 17.78 , 0.00 , 0
152 , 95.12 , 19.18 , 0.00 , 0
153 , 95.40 , 17.78 , 0.00 , 0
154 , 95.12 , 16.35 , 0.00 , 0
155 , 95.40 , 17.73 , 0.00 , 0
156 , 95.12 , 16.30 , 0.00 , 0
157 , 95.96 , 17.67 , 0.00 , 0
158 , 95.40 , 13.41 , 0.00 , 0
159 , 95.40 , 16.15 , 0.00 , 0
160 , 95.96 , 16.11 , 0.00 , 0
161 , 95.40 , 13.24 , 0.00 , 0
162 , 95.12 , 15.97 , 0.00 , 0
163 , 94.57 , 17.35 , 0.00 , 0
164 , 94.29 , 20.00 , 0.00 , 0
165 , 94.29 , 20.00 , 0.00 , 0
166 , 95.12 , 20.00 , 0.00 , 0
167 , 95.40 , 17.52 , 0.00 , 0
168 , 95.12 , 16.09 , 0.00 , 0
169 , 95.68 , 17.47 , 0.00 , 0
170 , 94.85 , 14.62 , 0.00 , 0
171 , 95.40 , 18.80 , 0.00 , 0
172 , 94.85 , 15.99 , 0.00 , 0
173 , 95.12 , 18.78 , 0.00 , 0
174 , 94.85 , 17.38 , 0.00 , 0
175 , 94.57 , 18.78 , 0.00 , 0
176 , 94.57 , 20.00 , 0.00 , 0
177 , 94.85 , 20.00 , 0.00 , 0
178 , 95.40 , 18.88 , 0.00 , 0
179 , 95.96 , 16.07 , 0.00 , 0
180 , 96.24 , 13.19 , 0.00 , 0
181 , 95.68 , 11.68 , 0.00 , 0
182 , 95.40 , 14.39 , 0.00 , 0
183 , 95.40 , 15.74 , 0.00 , 0
184 , 95.12 , 15.70 , 0.00 , 0
185 , 95.40 , 17.07 , 0.00 , 0
186 , 94.85 , 15.65 , 0.00 , 0
187 , 94.85 , 18.44 , 0.00 , 0
188 , 94.85 , 18.45 , 0.00 , 0
189 , 94.29 , 18.47 , 0.00 , 0
190 , 94.57 , 20.00 , 0.00 , 0
191 , 94.85 , 19.97 , 0.00 , 0
192 , 94.57 , 18.60 , 0.00 , 0
193 , 94.85 , 20.00 , 0.00 , 0
194 , 94.85 , 18.66 , 0.00 , 0
195 , 95.12 , 18.67 , 0.00 , 0
196 , 94.85 , 17.27 , 0.00 , 1
197 , 95.40 , 18.67 , 0.00 , 1
198 , 95.40 , 15.86 , 0.00 , 1
199 , 95.40 , 15.82 , 0.00 , 1
200 , 94.57 , 15.78 , 0.00 , 1
201 , 95.40 , 15.78 , 0.00 , 1
202 , 95.12 , 15.78 , 0.00 , 1
203 , 94.29 , 15.78 , 0.00 , 1
204 , 92.90 , 15.78 , 0.00 , 1
205 , 90.68 , 15.78 , 0.00 , 1
206 , 88.74 , 15.78 , 0.00 , 1
207 , 85.69 , 15.78 , 0.00 , 1
208 , 84.02 , 15.78 , 0.00 , 1
209 , 81.80 , 15.78 , 0.00 , 1
210 , 79.86 , 15.78 , 0.00 , 1
211 , 77.36 , 15.78 , 0.00 , 1
212 , 75.69 , 15.78 , 0.00 , 1
213 , 73.75 , 15.78 , 0.00 , 1
214 , 72.09 , 15.78 , 0.00 , 1
215 , 69.59 , 15.78 , 0.00 , 1
216 , 67.92 , 15.78 , 0.00 , 1
217 , 65.70 , 15.78 , 0.00 , 1
218 , 64.31 , 15.78 , 0.00 , 1
219 , 62.93 , 15.78 , 0.00 , 1
220 , 61.26 , 15.78 , 0.00 , 1
221 , 59.87 , 15.78 , 3.70 , 1
222 , 58.21 , 15.78 , 10.00 , 1
223 , 57.37 , 15.78 , 10.00 , 1
224 , 56.82 , 15.78 , 10.00 , 1
225 , 56.82 , 15.78 , 10.00 , 1
226 , 57.37 , 15.78 , 10.00 , 1
227 , 57.37 , 15.78 , 10.00 , 1
228 , 57.10 , 15.78 , 10.00 , 1
229 , 57.65 , 15.78 , 10.00 , 1
230 , 57.65 , 15.78 , 10.00 , 1
231 , 57.93 , 15.78 , 10.00 , 1
232 , 57.65 , 15.78 , 10.00 , 1
233 , 57.93 , 15.78 , 10.00 , 1
234 , 58.48 , 15.78 , 10.00 , 1
235 , 59.04 , 15.78 , 10.00 , 1
236 , 59.04 , 15.78 , 10.00 , 1
237 , 59.32 , 15.78 , 10.00 , 1
238 , 59.04 , 15.78 , 10.00 , 1
239 , 59.59 , 15.78 , 10.00 , 1
240 , 60.15 , 15.78 , 10.00 , 1
241 , 60.43 , 15.78 , 9.24 , 1
242 , 59.59 , 15.78 , 7.81 , 1
243 , 60.43 , 15.78 , 10.00 , 1
244 , 60.70 , 15.78 , 7.80 , 1
245 , 59.87 , 15.78 , 6.34 , 1
246 , 60.15 , 15.78 , 10.00 , 1
247 , 59.87 , 15.78 , 9.12 , 1
248 , 60.15 , 15.78 , 10.00 , 1
249 , 59.87 , 15.78 , 9.12 , 1
250 , 60.70 , 15.78 , 10.00 , 1
251 , 60.43 , 15.78 , 10.00 , 1
252 , 59.87 , 20.00 , 10.00 , 2
253 , 60.98 , 20.00 , 10.00 , 2
254 , 62.65 , 20.00 , 10.00 , 2
255 , 63.48 , 20.00 , 10.00 , 2
256 , 64.59 , 20.00 , 10.00 , 2
257 , 66.53 , 20.00 , 10.00 , 2
258 , 67.37 , 20.00 , 10.00 , 2
259 , 67.64 , 20.00 , 10.00 , 2
260 , 69.03 , 20.00 , 10.00 , 2
261 , 69.59 , 20.00 , 10.00 , 2
262 , 70.70 , 20.00 , 10.00 , 2
263 , 70.42 , 20.00 , 10.00 , 2
264 , 71.53 , 20.00 , 10.00 , 2
265 , 72.09 , 20.00 , 10.00 , 2
266 , 73.20 , 20.00 , 10.00 , 2
267 , 73.47 , 20.00 , 10.00 , 2
268 , 75.14 , 20.00 , 10.00 , 2
269 , 75.14 , 20.00 , 10.00 , 2
270 , 76.25 , 20.00 , 10.00 , 2
271 , 77.08 , 20.00 , 10.00 , 2
272 , 78.19 , 20.00 , 10.00 , 2
273 , 79.30 , 20.00 , 10.00 , 2
274 , 80.14 , 20.00 , 10.00 , 2
275 , 80.14 , 20.00 , 10.00 , 2
276 , 81.52 , 20.00 , 10.00 , 2
277 , 81.80 , 20.00 , 10.00 , 2
278 , 82.36 , 20.00 , 10.00 , 2
279 , 82.91 , 20.00 , 10.00 , 2
280 , 83.74 , 20.00 , 10.00 , 2
281 , 84.58 , 20.00 , 10.00 , 2
282 , 85.13 , 20.00 , 10.00 , 2
283 , 85.69 , 20.00 , 10.00 , 2
284 , 85.96 , 20.00 , 10.00 , 2
285 , 86.80 , 20.00 , 10.00 , 2
286 , 87.63 , 20.00 , 10.00 , 2
287 , 87.63 , 20.00 , 10.00 , 2
288 , 88.74 , 20.00 , 10.00 , 2
289 , 89.30 , 20.00 , 10.00 , 2
290 , 89.30 , 20.00 , 10.00 , 2
291 , 90.41 , 20.00 , 10.00 , 2
292 , 90.68 , 20.00 , 10.00 , 2
293 , 90.68 , 20.00 , 10.00 , 2
294 , 91.79 , 20.00 , 10.00 , 2
295 , 91.79 , 20.00 , 10.00 , 2
296 , 92.63 , 20.00 , 10.00 , 2
297 , 93.18 , 20.00 , 10.00 , 2
298 , 93.18 , 20.00 , 10.00 , 2
299 , 93.46 , 20.00 , 10.00 , 2
300 , 93.46 , 20.00 , 10.00 , 2
301 , 94.01 , 20.00 , 10.00 , 2
302 , 94.57 , 20.00 , 10.00 , 2
303 , 95.40 , 20.00 , 10.00 , 2
304 , 94.85 , 17.95 , 10.00 , 2
305 , 95.40 , 20.00 , 10.00 , 2
306 , 95.68 , 17.92 , 10.00 , 2
307 , 95.68 , 16.47 , 10.00 , 2
308 , 96.24 , 16.40 , 10.00 , 2
309 , 95.68 , 16.40 , 10.00 , 2
310 , 95.68 , 16.40 , 10.00 , 2
311 , 94.85 , 16.40 , 10.00 , 2
312 , 92.07 , 16.40 , 10.00 , 2
313 , 90.68 , 16.40 , 10.00 , 2
314 , 88.74 , 16.40 , 10.00 , 2
315 , 86.52 , 16.40 , 10.00 , 2
316 , 84.58 , 16.40 , 10.00 , 2
317 , 82.08 , 16.40 , 10.00 , 2
318 , 79.86 , 16.40 , 10.00 , 2
319 , 78.47 , 16.40 , 10.00 , 2
320 , 75.69 , 16.40 , 10.00 , 2
321 , 73.75 , 16.40 , 10.00 , 2
322 , 71.53 , 16.40 , 10.00 , 2
323 , 69.87 , 16.40 , 10.00 , 2
324 , 67.92 , 16.40 , 10.00 , 2
325 , 66.53 , 16.40 , 10.00 , 2
326 , 64.31 , 16.40 , 10.00 , 2
327 , 62.93 , 16.40 , 10.00 , 2
328 , 61.82 , 16.40 , 10.00 , 2
329 , 59.59 , 16.40 , 0.92 , 2
330 , 58.21 , 16.40 , 10.00 , 2
331 , 57.65 , 16.40 , 10.00 , 2
332 , 57.10 , 16.40 , 10.00 , 2
333 , 56.54 , 16.40 , 10.00 , 2
334 , 56.26 , 16.40 , 10.00 , 2
335 , 57.10 , 16.40 , 10.00 , 2
336 , 56.54 , 16.40 , 10.00 , 2
337 , 56.82 , 16.40 , 10.00 , 2
338 , 57.10 , 16.40 , 10.00 , 2
339 , 57.37 , 16.40 , 10.00 , 2
340 , 56.82 , 16.40 , 10.00 , 2
341 , 56.82 , 16.40 , 10.00 , 2
342 , 57.10 , 16.40 , 10.00 , 2
343 , 58.48 , 16.40 , 10.00 , 2
344 , 57.93 , 16.40 , 10.00 , 2
345 , 58.76 , 16.40 , 10.00 , 2
346 , 58.48 , 16.40 , 10.00 , 2
347 , 58.48 , 16.40 , 10.00 , 2
348 , 59.04 , 16.40 , 10.00 , 2
349 , 59.32 , 16.40 , 10.00 , 2
350 , 59.87 , 16.40 , 10.00 , 2
351 , 59.87 , 16.40 , 10.00 , 2
352 , 59.59 , 16.40 , 10.00 , 2
353 , 60.15 , 16.40 , 10.00 , 2
354 , 60.43 , 16.40 , 9.24 , 2
355 , 60.43 , 16.40 , 7.81 , 2
356 , 59.87 , 16.40 , 7.76 , 2
357 , 60.43 , 16.40 , 10.00 , 2
358 , 59.87 , 16.40 , 7.73 , 2
359 , 60.43 , 16.40 , 7.73 , 2
360 , 60.15 , 20.00 , 7.73 , 3
361 , 60.43 , 20.00 , 7.73 , 3
362 , 62.09 , 20.00 , 7.73 , 3
363 , 62.65 , 20.00 , 7.73 , 3
364 , 64.59 , 20.00 , 7.73 , 3
365 , 65.42 , 20.00 , 7.73 , 3
366 , 65.98 , 20.00 , 7.73 , 3
367 , 67.37 , 20.00 , 7.73 , 3
368 , 68.48 , 20.00 , 7.73 , 3
369 , 68.20 , 20.00 , 7.73 , 3
370 , 69.03 , 20.00 , 7.73 , 3
371 , 70.42 , 20.00 , 7.73 , 3
372 , 70.70 , 20.00 , 7.73 , 3
373 , 72.09 , 20.00 , 7.73 , 3
374 , 72.36 , 20.00 , 7.73 , 3
375 , 73.47 , 20.00 , 7.73 , 3
376 , 74.31 , 20.00 , 7.73 , 3
377 , 75.42 , 20.00 , 7.73 , 3
378 , 76.25 , 20.00 , 7.73 , 3
379 , 76.53 , 20.00 , 7.73 , 3
380 , 77.91 , 20.00 , 7.73 , 3
381 , 79.03 , 20.00 , 7.73 , 3
382 , 79.30 , 20.00 , 7.73 , 3
383 , 79.58 , 20.00 , 7.73 , 3
384 , 80.41 , 20.00 , 7.73 , 3
385 , 81.80 , 20.00 , 7.73 , 3
386 , 82.63 , 20.00 , 7.73 , 3
387 , 83.19 , 20.00 , 7.73 , 3
388 , 84.02 , 20.00 , 7.73 , 3
389 , 84.58 , 20.00 , 7.73 , 3
390 , 84.30 , 20.00 , 7.73 , 3
391 , 85.96 , 20.00 , 7.73 , 3
392 , 85.69 , 20.00 , 7.73 , 3
393 , 86.24 , 20.00 , 7.73 , 3
394 , 87.35 , 20.00 , 7.73 , 3
395 , 88.19 , 20.00 , 7.73 , 3
396 , 87.91 , 20.00 , 7.73 , 3
397 , 89.02 , 20.00 , 7.73 , 3
398 , 89.57 , 20.00 , 7.73 , 3
399 , 90.13 , 20.00 , 7.73 , 3
400 , 90.41 , 20.00 , 7.73 , 3
401 , 90.96 , 20.00 , 7.73 , 3
402 , 90.68 , 20.00 , 7.73 , 3
403 , 91.24 , 20.00 , 7.73 , 3
404 , 92.35 , 20.00 , 7.73 , 3
405 , 92.63 , 20.00 , 7.73 , 3
406 , 92.90 , 20.00 , 7.73 , 3
407 , 93.46 , 20.00 , 7.73 , 3
408 , 94.01 , 20.00 , 7.73 , 3
409 , 93.46 , 20.00 , 7.73 , 3
410 , 94.01 , 20.00 , 7.73 , 3
411 , 94.85 , 20.00 , 7.73 , 3
412 , 95.12 , 20.00 , 7.73 , 3
413 , 95.12 , 19.36 , 7.73 , 3
414 , 95.96 , 19.35 , 7.73 , 3
415 , 96.51 , 15.09 , 7.73 , 3
416 , 96.51 , 12.16 , 7.73 , 3
417 , 95.68 , 12.01 , 7.73 , 3
418 , 95.68 , 12.01 , 7.73 , 3
419 , 95.40 , 12.01 , 7.73 , 3
420 , 94.01 , 12.01 , 7.73 , 3
421 , 92.07 , 12.01 , 7.73 , 3
422 , 89.85 , 12.01 , 7.73 , 3
423 , 88.19 , 12.01 , 7.73 , 3
424 , 86.24 , 12.01 , 7.73 , 3
425 , 84.02 , 12.01 , 7.73 , 3
426 , 81.80 , 12.01 , 7.73 , 3
427 , 79.58 , 12.01 , 7.73 , 3
428 , 77.08 , 12.01 , 7.73 , 3
429 , 75.69 , 12.01 , 7.73 , 3
430 , 73.47 , 12.01 , 7.73 , 3
431 , 71.25 , 12.01 , 7.73 , 3
432 , 69.59 , 12.01 , 7.73 , 3
433 , 68.20 , 12.01 , 7.73 , 3
434 , 65.98 , 12.01 , 7.73 , 3
435 , 64.87 , 12.01 , 7.73 , 3
436 , 63.20 , 12.01 , 7.73 , 3
437 , 60.98 , 12.01 , 7.73 , 3
438 , 60.43 , 12.01 , 5.09 , 3
439 , 57.93 , 12.01 , 7.82 , 3
440 , 57.37 , 12.01 , 10.00 , 3
441 , 56.54 , 12.01 , 10.00 , 3
442 , 56.82 , 12.01 , 10.00 , 3
443 , 55.71 , 12.01 , 10.00 , 3
444 , 57.10 , 12.01 , 10.00 , 3
445 , 56.54 , 12.01 , 10.00 , 3
446 , 56.82 , 12.01 , 10.00 , 3
447 , 57.37 , 12.01 , 10.00 , 3
448 , 57.10 , 12.01 , 10.00 , 3
449 , 57.37 , 12.01 , 10.00 , 3
450 , 57.65 , 12.01 , 10.00 , 3
451 , 57.65 , 12.01 , 10.00 , 3
452 , 58.21 , 12.01 , 10.00 , 3
453 , 58.48 , 12.01 , 10.00 , 3
454 , 58.48 , 12.01 , 10.00 , 3
455 , 58.48 , 12.01 , 10.00 , 3
456 , 59.04 , 12.01 , 10.00 , 3
457 , 59.04 , 12.01 , 10.00 , 3
458 , 59.87 , 12.01 , 10.00 , 3
459 , 60.15 , 12.01 , 10.00 , 3
460 , 59.59 , 12.01 , 9.24 , 3
461 , 60.43 , 12.01 , 10.00 , 3
462 , 60.15 , 12.01 , 7.82 , 3
463 , 60.15 , 12.01 , 9.19 , 3
464 , 60.15 , 12.01 , 9.18 , 3
465 , 60.43 , 12.01 , 9.16 , 3
466 , 60.70 , 12.01 , 7.73 , 3
467 , 60.43 , 12.01 , 6.27 , 3
468 , 59.87 , 12.01 , 6.27 , 3
469 , 60.15 , 20.00 , 6.27 , 4
470 , 60.70 , 20.00 , 6.27 , 4
471 , 62.65 , 20.00 , 6.27 , 4
472 , 62.93 , 20.00 , 6.27 , 4
473 , 64.87 , 20.00 , 6.27 , 4
474 , 65.70 , 20.00 , 6.27 , 4
475 , 66.81 , 20.00 , 6.27 , 4
476 , 67.92 , 20.00 , 6.27 , 4
477 , 69.03 , 20.00 , 6.27 , 4
479 , 69.31 , 20.00 , 6.27 , 4
480 , 70.42 , 20.00 , 6.27 , 4
481 , 70.98 , 20.00 , 6.27 , 4
482 , 71.81 , 20.00 , 6.27 , 4
483 , 72.64 , 20.00 , 6.27 , 4
484 , 74.03 , 20.00 , 6.27 , 4
485 , 75.14 , 20.00 , 6.27 , 4
486 , 75.42 , 20.00 , 6.27 , 4
487 , 75.97 , 20.00 , 6.27 , 4
488 , 77.64 , 20.00 , 6.27 , 4
489 , 78.47 , 20.00 , 6.27 , 4
490 , 79.30 , 20.00 , 6.27 , 4
491 , 79.86 , 20.00 , 6.27 , 4
492 , 80.41 , 20.00 , 6.27 , 4
493 , 80.97 , 20.00 , 6.27 , 4
494 , 81.52 , 20.00 , 6.27 , 4
495 , 82.36 , 20.00 , 6.27 , 4
496 , 83.19 , 20.00 , 6.27 , 4
497 , 84.02 , 20.00 , 6.27 , 4
498 , 84.58 , 20.00 , 6.27 , 4
499 , 84.85 , 20.00 , 6.27 , 4
500 , 85.13 , 20.00 , 6.27 , 4
501 , 85.96 , 20.00 , 6.27 , 4
502 , 86.52 , 20.00 , 6.27 , 4
503 , 87.08 , 20.00 , 6.27 , 4
504 , 87.35 , 20.00 , 6.27 , 4
505 , 88.19 , 20.00 , 6.27 , 4
506 , 89.02 , 20.00 , 6.27 , 4
507 , 89.57 , 20.00 , 6.27 , 4
508 , 89.85 , 20.00 , 6.27 , 4
509 , 89.85 , 20.00 , 6.27 , 4
510 , 90.68 , 20.00 , 6.27 , 4
511 , 90.96 , 20.00 , 6.27 , 4
512 , 92.07 , 20.00 , 6.27 , 4
513 , 92.35 , 20.00 , 6.27 , 4
514 , 92.63 , 20.00 , 6.27 , 4
515 , 93.74 , 20.00 , 6.27 , 4
516 , 93.74 , 20.00 , 6.27 , 4
517 , 93.46 , 20.00 , 6.27 , 4
518 , 95.12 , 20.00 , 6.27 , 4
519 , 95.40 , 19.36 , 6.27 , 4
520 , 95.68 , 17.94 , 6.27 , 4
521 , 96.24 , 16.48 , 6.27 , 4
522 , 95.96 , 13.58 , 6.27 , 4
523 , 96.51 , 14.87 , 6.27 , 4
524 , 95.96 , 14.87 , 6.27 , 4
525 , 95.68 , 14.87 , 6.27 , 4
526 , 94.85 , 14.87 , 6.27 , 4
527 , 93.18 , 14.87 , 6.27 , 4
528 , 91.24 , 14.87 , 6.27 , 4
529 , 89.02 , 14.87 , 6.27 , 4
530 , 87.08 , 14.87 , 6.27 , 4
531 , 85.13 , 14.87 , 6.27 , 4
532 , 83.19 , 14.87 , 6.27 , 4
533 , 80.41 , 14.87 , 6.27 , 4
534 , 77.91 , 14.87 , 6.27 , 4
535 , 76.25 , 14.87 , 6.27 , 4
536 , 74.58 , 14.87 , 6.27 , 4
537 , 72.09 , 14.87 , 6.27 , 4
538 , 70.42 , 14.87 , 6.27 , 4
539 , 68.75 , 14.87 , 6.27 , 4
540 , 66.53 , 14.87 , 6.27 , 4
541 , 64.87 , 14.87 , 6.27 , 4
542 , 63.48 , 14.87 , 6.27 , 4
543 , 62.09 , 14.87 , 6.27 , 4
544 , 60.43 , 14.87 , 6.27 , 4
545 , 59.04 , 14.87 , 7.86 , 4
546 , 57.65 , 14.87 , 10.00 , 4
547 , 56.26 , 14.87 , 10.00 , 4
548 , 56.54 , 14.87 , 10.00 , 4
549 , 56.26 , 14.87 , 10.00 , 4
550 , 55.99 , 14.87 , 10.00 , 4
551 , 56.26 , 14.87 , 10.00 , 4
552 , 56.54 , 14.87 , 10.00 , 4
553 , 55.99 , 14.87 , 10.00 , 4
554 , 56.26 , 14.87 , 10.00 , 4
555 , 56.82 , 14.87 , 10.00 , 4
556 , 57.10 , 14.87 , 10.00 , 4
557 , 57.37 , 14.87 , 10.00 , 4
558 , 56.82 , 14.87 , 10.00 , 4
559 , 57.93 , 14.87 , 10.00 , 4
560 , 57.37 , 14.87 , 10.00 , 4
561 , 57.10 , 14.87 , 10.00 , 4
562 , 57.93 , 14.87 , 10.00 , 4
563 , 57.93 , 14.87 , 10.00 , 4
564 , 58.76 , 14.87 , 10.00 , 4
565 , 58.48 , 14.87 , 10.00 , 4
566 , 58.21 , 14.87 , 10.00 , 4
567 , 59.32 , 14.87 , 10.00 , 4
568 , 58.48 , 14.87 , 10.00 , 4
569 , 59.59 , 14.87 , 10.00 , 4
570 , 59.87 , 14.87 , 10.00 , 4
571 , 59.59 , 14.87 , 10.00 , 4
572 , 60.15 , 14.87 , 10.00 , 4
573 , 60.15 , 14.87 , 9.24 , 4
574 , 60.70 , 14.87 , 9.22 , 4
575 , 59.87 , 14.87 , 9.22 , 4
576 , 60.70 , 20.00 , 9.22 , 5
577 , 61.26 , 20.00 , 9.22 , 5
578 , 62.09 , 20.00 , 9.22 , 5
579 , 63.20 , 20.00 , 9.22 , 5
580 , 64.04 , 20.00 , 9.22 , 5
581 , 65.42 , 20.00 , 9.22 , 5
582 , 65.70 , 20.00 , 9.22 , 5
583 , 67.37 , 20.00 , 9.22 , 5
584 , 67.64 , 20.00 , 9.22 , 5
585 , 68.48 , 20.00 , 9.22 , 5
586 , 69.31 , 20.00 , 9.22 , 5
587 , 69.87 , 20.00 , 9.22 , 5
588 , 70.98 , 20.00 , 9.22 , 5
589 , 71.53 , 20.00 , 9.22 , 5
590 , 72.64 , 20.00 , 9.22 , 5
591 , 73.20 , 20.00 , 9.22 , 5
592 , 73.75 , 20.00 , 9.22 , 5
593 , 74.86 , 20.00 , 9.22 , 5
594 , 74.58 , 20.00 , 9.22 , 5
595 , 75.97 , 20.00 , 9.22 , 5
596 , 75.69 , 20.00 , 9.22 , 5
597 , 77.36 , 20.00 , 9.22 , 5
598 , 77.91 , 20.00 , 9.22 , 5
599 , 77.91 , 20.00 , 9.22 , 5
600 , 79.30 , 20.00 , 9.22 , 5
601 , 80.14 , 20.00 , 9.22 , 5
602 , 80.69 , 20.00 , 9.22 , 5
603 , 80.69 , 20.00 , 9.22 , 5
604 , 81.25 , 20.00 , 9.22 , 5
605 , 82.63 , 20.00 , 9.22 , 5
606 , 83.19 , 20.00 , 9.22 , 5
607 , 84.30 , 20.00 , 9.22 , 5
608 , 84.30 , 20.00 , 9.22 , 5
609 , 85.13 , 20.00 , 9.22 , 5
610 , 85.69 , 20.00 , 9.22 , 5
611 , 86.52 , 20.00 , 9.22 , 5
612 , 86.24 , 20.00 , 9.22 , 5
613 , 87.91 , 20.00 , 9.22 , 5
614 , 88.19 , 20.00 , 9.22 , 5
615 , 87.91 , 20.00 , 9.22 , 5
616 , 88.46 , 20.00 , 9.22 , 5
617 , 89.57 , 20.00 , 9.22 , 5
618 , 90.13 , 20.00 , 9.22 , 5
619 , 90.13 , 20.00 , 9.22 , 5
620 , 90.96 , 20.00 , 9.22 , 5
621 , 90.68 , 20.00 , 9.22 , 5
622 , 91.52 , 20.00 , 9.22 , 5
623 , 91.79 , 20.00 , 9.22 , 5
624 , 92.35 , 20.00 , 9.22 , 5
625 , 92.63 , 20.00 , 9.22 , 5
626 , 92.63 , 20.00 , 9.22 , 5
627 , 93.46 , 20.00 , 9.22 , 5
628 , 93.18 , 20.00 , 9.22 , 5
629 , 94.01 , 20.00 , 9.22 , 5
630 , 94.01 , 20.00 , 9.22 , 5
631 , 94.29 , 20.00 , 9.22 , 5
632 , 94.57 , 20.00 , 9.22 , 5
633 , 94.85 , 20.00 , 9.22 , 5
634 , 95.12 , 20.00 , 9.22 , 5
635 , 95.12 , 19.36 , 9.22 , 5
636 , 95.68 , 19.35 , 9.22 , 5
637 , 95.40 , 16.51 , 9.22 , 5
638 , 95.68 , 17.85 , 9.22 , 5
639 , 95.40 , 16.40 , 9.22 , 5
640 , 95.68 , 16.40 , 9.22 , 5
641 , 95.68 , 16.40 , 9.22 , 5
642 , 94.85 , 16.40 , 9.22 , 5
643 , 92.35 , 16.40 , 9.22 , 5
644 , 91.24 , 16.40 , 9.22 , 5
645 , 89.30 , 16.40 , 9.22 , 5
646 , 87.35 , 16.40 , 9.22 , 5
647 , 84.85 , 16.40 , 9.22 , 5
648 , 83.19 , 16.40 , 9.22 , 5
649 , 80.41 , 16.40 , 9.22 , 5
650 , 78.47 , 16.40 , 9.22 , 5
651 , 76.25 , 16.40 , 9.22 , 5
652 , 74.58 , 16.40 , 9.22 , 5
653 , 72.64 , 16.40 , 9.22 , 5
654 , 70.70 , 16.40 , 9.22 , 5
655 , 68.75 , 16.40 , 9.22 , 5
656 , 67.09 , 16.40 , 9.22 , 5
657 , 65.42 , 16.40 , 9.22 , 5
658 , 63.20 , 16.40 , 9.22 , 5
659 , 62.37 , 16.40 , 9.22 , 5
660 , 60.70 , 16.40 , 9.22 , 5
661 , 59.32 , 16.40 , 6.48 , 5
662 , 57.93 , 16.40 , 10.00 , 5
663 , 55.99 , 16.40 , 10.00 , 5
664 , 56.26 , 16.40 , 10.00 , 5
665 , 55.71 , 16.40 , 10.00 , 5
666 , 56.54 , 16.40 , 10.00 , 5
667 , 56.54 , 16.40 , 10.00 , 5
668 , 56.54 , 16.40 , 10.00 , 5
669 , 56.26 , 16.40 , 10.00 , 5
670 , 56.82 , 16.40 , 10.00 , 5
671 , 57.10 , 16.40 , 10.00 , 5
672 , 57.37 , 16.40 , 10.00 , 5
673 , 57.37 , 16.40 , 10.00 , 5
674 , 57.37 , 16.40 , 10.00 , 5
675 , 57.65 , 16.40 , 10.00 , 5
676 , 57.10 , 16.40 , 10.00 , 5
677 , 58.21 , 16.40 , 10.00 , 5
678 , 58.48 , 16.40 , 10.00 , 5
679 , 58.21 , 16.40 , 10.00 , 5
680 , 58.76 , 16.40 , 10.00 , 5
681 , 58.76 , 16.40 , 10.00 , 5
682 , 58.76 , 16.40 , 10.00 , 5
683 , 59.04 , 16.40 , 10.00 , 5
684 , 59.04 , 16.40 , 10.00 , 5
685 , 59.59 , 16.40 , 10.00 , 5
686 , 60.15 , 16.40 , 10.00 , 5
687 , 59.87 , 16.40 , 9.24 , 5
688 , 60.15 , 16.40 , 10.00 , 5
689 , 59.87 , 16.40 , 9.23 , 5
690 , 60.43 , 16.40 , 10.00 , 5
691 , 60.43 , 16.40 , 10.00 , 5
692 , 60.43 , 20.00 , 10.00 , 6
693 , 61.26 , 20.00 , 10.00 , 6
694 , 62.09 , 20.00 , 10.00 , 6
695 , 62.93 , 20.00 , 10.00 , 6
696 , 64.31 , 20.00 , 10.00 , 6
697 , 65.42 , 20.00 , 10.00 , 6
698 , 66.26 , 20.00 , 10.00 , 6
699 , 66.53 , 20.00 , 10.00 , 6
700 , 66.53 , 20.00 , 10.00 , 6
701 , 68.20 , 20.00 , 10.00 , 6
702 , 69.31 , 20.00 , 10.00 , 6
703 , 69.87 , 20.00 , 10.00 , 6
704 , 70.98 , 20.00 , 10.00 , 6
705 , 71.53 , 20.00 , 10.00 , 6
706 , 71.81 , 20.00 , 10.00 , 6
707 , 72.92 , 20.00 , 10.00 , 6
708 , 73.20 , 20.00 , 10.00 , 6
709 , 74.58 , 20.00 , 10.00 , 6
710 , 75.42 , 20.00 , 10.00 , 6
711 , 75.97 , 20.00 , 10.00 , 6
712 , 76.25 , 20.00 , 10.00 , 6
713 , 77.36 , 20.00 , 10.00 , 6
714 , 78.19 , 20.00 , 10.00 , 6
715 , 78.75 , 20.00 , 10.00 , 6
716 , 78.75 , 20.00 , 10.00 , 6
717 , 79.58 , 20.00 , 10.00 , 6
718 , 79.86 , 20.00 , 10.00 , 6
719 , 80.97 , 20.00 , 10.00 , 6
720 , 81.25 , 20.00 , 10.00 , 6
721 , 82.08 , 20.00 , 10.00 , 6
722 , 82.63 , 20.00 , 10.00 , 6
723 , 82.91 , 20.00 , 10.00 , 6
724 , 83.19 , 20.00 , 10.00 , 6
725 , 84.30 , 20.00 , 10.00 , 6
726 , 85.13 , 20.00 , 10.00 , 6
727 , 84.85 , 20.00 , 10.00 , 6
728 , 85.69 , 20.00 , 10.00 , 6
729 , 86.52 , 20.00 , 10.00 , 6
730 , 86.80 , 20.00 , 10.00 , 6
731 , 86.80 , 20.00 , 10.00 , 6
732 , 87.91 , 20.00 , 10.00 , 6
733 , 88.46 , 20.00 , 10.00 , 6
734 , 89.02 , 20.00 , 10.00 , 6
735 , 88.74 , 20.00 , 10.00 , 6
736 , 89.30 , 20.00 , 10.00 , 6
737 , 90.13 , 20.00 , 10.00 , 6
738 , 90.13 , 20.00 , 10.00 , 6
739 , 90.68 , 20.00 , 10.00 , 6
740 , 91.24 , 20.00 , 10.00 , 6
741 , 91.52 , 20.00 , 10.00 , 6
742 , 92.07 , 20.00 , 10.00 , 6
743 , 92.63 , 20.00 , 10.00 , 6
744 , 92.63 , 20.00 , 10.00 , 6
745 , 92.90 , 20.00 , 10.00 , 6
746 , 92.63 , 20.00 , 10.00 , 6
747 , 93.46 , 20.00 , 10.00 , 6
748 , 93.46 , 20.00 , 10.00 , 6
749 , 94.57 , 20.00 , 10.00 , 6
750 , 94.85 , 20.00 , 10.00 , 6
751 , 94.57 , 20.00 , 10.00 , 6
752 , 94.57 , 20.00 , 10.00 , 6
753 , 95.68 , 20.00 , 10.00 , 6
754 , 95.96 , 16.53 , 10.00 , 6
755 , 95.40 , 15.05 , 10.00 , 6
756 , 95.40 , 17.78 , 10.00 , 6
757 , 94.29 , 17.74 , 10.00 , 6
758 , 95.68 , 20.00 , 10.00 , 6
759 , 95.68 , 20.00 , 10.00 , 6
760 , 95.68 , 20.00 , 10.00 , 6
761 , 94.85 , 20.00 , 10.00 , 6
762 , 92.90 , 20.00 , 10.00 , 6
763 , 92.07 , 20.00 , 10.00 , 6
764 , 89.85 , 20.00 , 10.00 , 6
765 , 87.63 , 20.00 , 10.00 , 6
766 , 85.41 , 20.00 , 10.00 , 6
767 , 83.74 , 20.00 , 10.00 , 6
768 , 81.25 , 20.00 , 10.00 , 6
769 , 79.58 , 20.00 , 10.00 , 6
770 , 77.64 , 20.00 , 10.00 , 6
771 , 74.31 , 20.00 , 10.00 , 6
772 , 73.20 , 20.00 , 10.00 , 6
773 , 70.98 , 20.00 , 10.00 , 6
774 , 69.03 , 20.00 , 10.00 , 6
775 , 67.64 , 20.00 , 10.00 , 6
776 , 65.98 , 20.00 , 10.00 , 6
777 , 64.04 , 20.00 , 10.00 , 6
778 , 62.09 , 20.00 , 10.00 , 6
779 , 60.98 , 20.00 , 10.00 , 6
780 , 59.04 , 20.00 , 5.09 , 6
781 , 58.21 , 20.00 , 10.00 , 6
782 , 56.54 , 20.00 , 10.00 , 6
783 , 56.82 , 20.00 , 10.00 , 6
784 , 55.71 , 20.00 , 10.00 , 6
785 , 55.43 , 20.00 , 10.00 , 6
786 , 56.54 , 20.00 , 10.00 , 6
787 , 56.26 , 20.00 , 10.00 , 6
788 , 56.26 , 20.00 , 10.00 , 6
789 , 56.26 , 20.00 , 10.00 , 6
790 , 56.54 , 20.00 , 10.00 , 6
791 , 56.54 , 20.00 , 10.00 , 6
792 , 57.37 , 20.00 , 10.00 , 6
793 , 57.10 , 20.00 , 10.00 , 6
794 , 57.65 , 20.00 , 10.00 , 6
795 , 57.37 , 20.00 , 10.00 , 6
796 , 58.21 , 20.00 , 10.00 , 6
797 , 58.21 , 20.00 , 10.00 , 6
798 , 58.21 , 20.00 , 10.00 , 6
799 , 58.21 , 20.00 , 10.00 , 6
800 , 58.76 , 20.00 , 10.00 , 6
801 , 58.76 , 20.00 , 10.00 , 6
802 , 59.04 , 20.00 , 10.00 , 6
803 , 59.04 , 20.00 , 10.00 , 6
804 , 59.04 , 20.00 , 10.00 , 6
805 , 59.59 , 20.00 , 10.00 , 6
806 , 59.87 , 20.00 , 10.00 , 6
807 , 59.59 , 20.00 , 10.00 , 6
808 , 60.15 , 20.00 , 10.00 , 6
809 , 60.43 , 20.00 , 9.24 , 6
810 , 60.15 , 20.00 , 9.24 , 6
811 , 60.15 , 20.00 , 9.24 , 7
812 , 60.70 , 20.00 , 9.24 , 7
813 , 62.09 , 20.00 , 9.24 , 7
814 , 63.20 , 20.00 , 9.24 , 7
815 , 64.04 , 20.00 , 9.24 , 7
816 , 64.59 , 20.00 , 9.24 , 7
817 , 65.70 , 20.00 , 9.24 , 7
818 , 66.26 , 20.00 , 9.24 , 7
819 , 67.09 , 20.00 , 9.24 , 7
820 , 67.37 , 20.00 , 9.24 , 7
821 , 68.20 , 20.00 , 9.24 , 7
822 , 69.31 , 20.00 , 9.24 , 7
823 , 70.14 , 20.00 , 9.24 , 7
824 , 70.42 , 20.00 , 9.24 , 7
825 , 71.25 , 20.00 , 9.24 , 7
826 , 71.81 , 20.00 , 9.24 , 7
827 , 72.36 , 20.00 , 9.24 , 7
828 , 72.92 , 20.00 , 9.24 , 7
829 , 74.03 , 20.00 , 9.24 , 7
830 , 75.14 , 20.00 , 9.24 , 7
831 , 75.69 , 20.00 , 9.24 , 7
832 , 76.53 , 20.00 , 9.24 , 7
833 , 77.08 , 20.00 , 9.24 , 7
834 , 77.08 , 20.00 , 9.24 , 7
835 , 78.47 , 20.00 , 9.24 , 7
836 , 78.47 , 20.00 , 9.24 , 7
837 , 78.47 , 20.00 , 9.24 , 7
838 , 80.14 , 20.00 , 9.24 , 7
839 , 80.41 , 20.00 , 9.24 , 7
840 , 80.69 , 20.00 , 9.24 , 7
841 , 81.52 , 20.00 , 9.24 , 7
842 , 82.08 , 20.00 , 9.24 , 7
843 , 82.91 , 20.00 , 9.24 , 7
844 , 83.74 , 20.00 , 9.24 , 7
845 , 84.30 , 20.00 , 9.24 , 7
846 , 85.13 , 20.00 , 9.24 , 7
847 , 85.69 , 20.00 , 9.24 , 7
848 , 85.96 , 20.00 , 9.24 , 7
849 , 86.52 , 20.00 , 9.24 , 7
850 , 86.80 , 20.00 , 9.24 , 7
851 , 87.08 , 20.00 , 9.24 , 7
852 , 87.91 , 20.00 , 9.24 , 7
853 , 87.91 , 20.00 , 9.24 , 7
854 , 88.74 , 20.00 , 9.24 , 7
855 , 89.30 , 20.00 , 9.24 , 7
856 , 90.13 , 20.00 , 9.24 , 7
857 , 89.85 , 20.00 , 9.24 , 7
858 , 90.41 , 20.00 , 9.24 , 7
859 , 90.68 , 20.00 , 9.24 , 7
860 , 90.96 , 20.00 , 9.24 , 7
861 , 91.79 , 20.00 , 9.24 , 7
862 , 91.79 , 20.00 , 9.24 , 7
863 , 92.35 , 20.00 , 9.24 , 7
864 , 92.63 , 20.00 , 9.24 , 7
865 , 93.18 , 20.00 , 9.24 , 7
866 , 93.74 , 20.00 , 9.24 , 7
867 , 93.46 , 20.00 , 9.24 , 7
868 , 94.01 , 20.00 , 9.24 , 7
869 , 94.29 , 20.00 , 9.24 , 7
870 , 94.85 , 20.00 , 9.24 , 7
871 , 95.12 , 20.00 , 9.24 , 7
872 , 94.85 , 19.36 , 9.24 , 7
873 , 95.68 , 20.00 , 9.24 , 7
874 , 95.96 , 16.53 , 9.24 , 7
875 , 95.68 , 15.05 , 9.24 , 7
876 , 95.96 , 16.37 , 9.24 , 7
877 , 95.96 , 16.37 , 9.24 , 7
878 , 95.40 , 16.37 , 9.24 , 7
879 , 94.29 , 16.37 , 9.24 , 7
880 , 93.18 , 16.37 , 9.24 , 7
881 , 91.79 , 16.37 , 9.24 , 7
882 , 90.13 , 16.37 , 9.24 , 7
883 , 87.91 , 16.37 , 9.24 , 7
884 , 85.96 , 16.37 , 9.24 , 7
885 , 84.30 , 16.37 , 9.24 , 7
886 , 81.52 , 16.37 , 9.24 , 7
887 , 79.03 , 16.37 , 9.24 , 7
888 , 77.36 , 16.37 , 9.24 , 7
889 , 75.42 , 16.37 , 9.24 , 7
890 , 73.20 , 16.37 , 9.24 , 7
891 , 71.25 , 16.37 , 9.24 , 7
892 , 69.59 , 16.37 , 9.24 , 7
893 , 67.37 , 16.37 , 9.24 , 7
894 , 65.70 , 16.37 , 9.24 , 7
895 , 64.04 , 16.37 , 9.24 , 7
896 , 62.93 , 16.37 , 9.24 , 7
897 , 61.26 , 16.37 , 9.24 , 7
898 , 59.59 , 16.37 , 3.70 , 7
899 , 57.65 , 16.37 , 10.00 , 7
900 , 57.10 , 16.37 , 10.00 , 7
901 , 56.26 , 16.37 , 10.00 , 7
902 , 56.54 , 16.37 , 10.00 , 7
903 , 56.54 , 16.37 , 10.00 , 7
904 , 56.82 , 16.37 , 10.00 , 7
905 , 56.82 , 16.37 , 10.00 , 7
906 , 56.26 , 16.37 , 10.00 , 7
907 , 56.82 , 16.37 , 10.00 , 7
908 , 57.10 , 16.37 , 10.00 , 7
909 , 57.10 , 16.37 , 10.00 , 7
910 , 57.10 , 16.37 , 10.00 , 7
911 , 57.37 , 16.37 , 10.00 , 7
912 , 56.82 , 16.37 , 10.00 , 7
913 , 57.93 , 16.37 , 10.00 , 7
914 , 57.93 , 16.37 , 10.00 , 7
915 , 57.93 , 16.37 , 10.00 , 7
916 , 58.21 , 16.37 , 10.00 , 7
917 , 58.76 , 16.37 , 10.00 , 7
918 , 58.21 , 16.37 , 10.00 , 7
919 , 59.04 , 16.37 , 10.00 , 7
920 , 59.32 , 16.37 , 10.00 , 7
921 , 58.76 , 16.37 , 10.00 , 7
922 , 59.32 , 16.37 , 10.00 , 7
923 , 59.59 , 16.37 , 10.00 , 7
924 , 59.87 , 16.37 , 10.00 , 7
925 , 60.15 , 16.37 , 10.00 , 7
926 , 59.87 , 16.37 , 9.24 , 7
927 , 60.43 , 16.37 , 10.00 , 7
928 , 60.70 , 16.37 , 10.00 , 7
929 , 60.43 , 20.00 , 10.00 , 8
930 , 60.15 , 20.00 , 10.00 , 8
931 , 62.09 , 20.00 , 10.00 , 8
932 , 62.93 , 20.00 , 10.00 , 8
933 , 63.76 , 20.00 , 10.00 , 8
934 , 64.59 , 20.00 , 10.00 , 8
935 , 66.26 , 20.00 , 10.00 , 8
936 , 66.81 , 20.00 , 10.00 , 8
937 , 67.64 , 20.00 , 10.00 , 8
938 , 68.20 , 20.00 , 10.00 , 8
939 , 69.03 , 20.00 , 10.00 , 8
940 , 69.87 , 20.00 , 10.00 , 8
941 , 70.98 , 20.00 , 10.00 , 8
942 , 71.53 , 20.00 , 10.00 , 8
943 , 72.64 , 20.00 , 10.00 , 8
944 , 73.47 , 20.00 , 10.00 , 8
945 , 73.47 , 20.00 , 10.00 , 8
946 , 74.31 , 20.00 , 10.00 , 8
947 , 75.42 , 20.00 , 10.00 , 8
948 , 75.97 , 20.00 , 10.00 , 8
949 , 76.53 , 20.00 , 10.00 , 8
950 , 77.64 , 20.00 , 10.00 , 8
951 , 78.19 , 20.00 , 10.00 , 8
952 , 79.03 , 20.00 , 10.00 , 8
954 , 79.58 , 20.00 , 10.00 , 8
955 , 80.14 , 20.00 , 10.00 , 8
956 , 80.97 , 20.00 , 10.00 , 8
957 , 81.52 , 20.00 , 10.00 , 8
958 , 82.36 , 20.00 , 10.00 , 8
959 , 82.36 , 20.00 , 10.00 , 8
960 , 83.19 , 20.00 , 10.00 , 8
961 , 83.47 , 20.00 , 10.00 , 8
962 , 83.47 , 20.00 , 10.00 , 8
963 , 84.58 , 20.00 , 10.00 , 8
964 , 85.41 , 20.00 , 10.00 , 8
965 , 85.96 , 20.00 , 10.00 , 8
966 , 86.24 , 20.00 , 10.00 , 8
967 , 86.24 , 20.00 , 10.00 , 8
968 , 87.08 , 20.00 , 10.00 , 8
969 , 87.35 , 20.00 , 10.00 , 8
970 , 87.91 , 20.00 , 10.00 , 8
971 , 87.35 , 20.00 , 10.00 , 8
972 , 89.02 , 20.00 , 10.00 , 8
973 , 88.19 , 20.00 , 10.00 , 8
974 , 89.57 , 20.00 , 10.00 , 8
975 , 90.13 , 20.00 , 10.00 , 8
976 , 90.13 , 20.00 , 10.00 , 8
977 , 90.41 , 20.00 , 10.00 , 8
978 , 89.85 , 20.00 , 10.00 , 8
979 , 90.96 , 20.00 , 10.00 , 8
980 , 90.96 , 20.00 , 10.00 , 8
981 , 91.52 , 20.00 , 10.00 , 8
982 , 91.24 , 20.00 , 10.00 , 8
983 , 91.52 , 20.00 , 10.00 , 8
984 , 91.52 , 20.00 , 10.00 , 8
985 , 92.07 , 20.00 , 10.00 , 8
986 , 92.35 , 20.00 , 10.00 , 8
987 , 92.90 , 20.00 , 10.00 , 8
988 , 92.90 , 20.00 , 10.00 , 8
989 , 92.90 , 20.00 , 10.00 , 8
990 , 93.18 , 20.00 , 10.00 , 8
991 , 93.46 , 20.00 , 10.00 , 8
992 , 93.18 , 20.00 , 10.00 , 8
993 , 93.18 , 20.00 , 10.00 , 8
994 , 93.46 , 20.00 , 10.00 , 8
995 , 93.46 , 20.00 , 10.00 , 8
996 , 94.01 , 20.00 , 10.00 , 8
997 , 93.74 , 20.00 , 10.00 , 8
998 , 94.29 , 20.00 , 10.00 , 8
999 , 94.01 , 20.00 , 10.00 , 8
1000 , 94.01 , 20.00 , 10.00 , 8
1001 , 94.29 , 20.00 , 10.00 , 8
1002 , 94.29 , 20.00 , 10.00 , 8
1003 , 94.29 , 20.00 , 10.00 , 8
1004 , 93.74 , 20.00 , 10.00 , 8
1005 , 94.29 , 20.00 , 10.00 , 8
1006 , 94.85 , 20.00 , 10.00 , 8
1007 , 95.12 , 20.00 , 10.00 , 8
1008 , 94.29 , 19.36 , 10.00 , 8
1009 , 95.40 , 20.00 , 10.00 , 8
1010 , 95.12 , 17.95 , 10.00 , 8
1011 , 95.12 , 19.32 , 10.00 , 8
1012 , 95.68 , 19.31 , 10.00 , 8
1013 , 95.68 , 19.31 , 10.00 , 8
1014 , 95.68 , 19.31 , 10.00 , 8
1015 , 95.12 , 19.31 , 10.00 , 8
1016 , 94.01 , 19.31 , 10.00 , 8
1017 , 92.63 , 19.31 , 10.00 , 8
1018 , 90.41 , 19.31 , 10.00 , 8
1019 , 88.46 , 19.31 , 10.00 , 8
1020 , 85.96 , 19.31 , 10.00 , 8
1021 , 83.74 , 19.31 , 10.00 , 8
1022 , 82.08 , 19.31 , 10.00 , 8
1023 , 79.30 , 19.31 , 10.00 , 8
1024 , 77.64 , 19.31 , 10.00 , 8
1025 , 75.69 , 19.31 , 10.00 , 8
1026 , 73.20 , 19.31 , 10.00 , 8
1027 , 70.98 , 19.31 , 10.00 , 8
1028 , 69.87 , 19.31 , 10.00 , 8
1029 , 67.92 , 19.31 , 10.00 , 8
1030 , 65.42 , 19.31 , 10.00 , 8
1031 , 63.76 , 19.31 , 10.00 , 8
1032 , 62.93 , 19.31 , 10.00 , 8
1033 , 61.26 , 19.31 , 10.00 , 8
1034 , 59.59 , 19.31 , 3.70 , 8
1035 , 57.93 , 19.31 , 10.00 , 8
1036 , 56.54 , 19.31 , 10.00 , 8
1037 , 56.26 , 19.31 , 10.00 , 8
1038 , 56.26 , 19.31 , 10.00 , 8
1039 , 56.54 , 19.31 , 10.00 , 8
1040 , 56.54 , 19.31 , 10.00 , 8
1041 , 56.54 , 19.31 , 10.00 , 8
1042 , 56.26 , 19.31 , 10.00 , 8
1043 , 56.54 , 19.31 , 10.00 , 8
1044 , 56.82 , 19.31 , 10.00 , 8
1045 , 56.54 , 19.31 , 10.00 , 8
1046 , 56.26 , 19.31 , 10.00 , 8
1047 , 56.82 , 19.31 , 10.00 , 8
1048 , 56.82 , 19.31 , 10.00 , 8
1049 , 57.10 , 19.31 , 10.00 , 8
1050 , 57.37 , 19.31 , 10.00 , 8
1051 , 57.65 , 19.31 , 10.00 , 8
1052 , 57.65 , 19.31 , 10.00 , 8
1053 , 58.21 , 19.31 , 10.00 , 8
1054 , 58.21 , 19.31 , 10.00 , 8
1055 , 57.93 , 19.31 , 10.00 , 8
1056 , 58.21 , 19.31 , 10.00 , 8
1057 , 58.76 , 19.31 , 10.00 , 8
1058 , 59.04 , 19.31 , 10.00 , 8
1059 , 58.48 , 19.31 , 10.00 , 8
1060 , 59.32 , 19.31 , 10.00 , 8
1061 , 59.32 , 19.31 , 10.00 , 8
1062 , 59.59 , 19.31 , 10.00 , 8
1063 , 59.87 , 19.31 , 10.00 , 8
1064 , 59.87 , 19.31 , 10.00 , 8
1065 , 60.15 , 20.00 , 10.00 , 9
1066 , 60.43 , 20.00 , 10.00 , 9
1067 , 61.54 , 20.00 , 10.00 , 9
1068 , 62.65 , 20.00 , 10.00 , 9
1069 , 63.76 , 20.00 , 10.00 , 9
1070 , 64.59 , 20.00 , 10.00 , 9
1071 , 64.87 , 20.00 , 10.00 , 9
1072 , 65.98 , 20.00 , 10.00 , 9
1073 , 66.26 , 20.00 , 10.00 , 9
1074 , 66.53 , 20.00 , 10.00 , 9
1075 , 67.37 , 20.00 , 10.00 , 9
1076 , 68.48 , 20.00 , 10.00 , 9
1077 , 68.75 , 20.00 , 10.00 , 9
1078 , 69.59 , 20.00 , 10.00 , 9
1079 , 70.70 , 20.00 , 10.00 , 9
1080 , 71.81 , 20.00 , 10.00 , 9
1081 , 72.36 , 20.00 , 10.00 , 9
1082 , 73.20 , 20.00 , 10.00 , 9
1083 , 74.03 , 20.00 , 10.00 , 9
1084 , 74.58 , 20.00 , 10.00 , 9
1085 , 75.14 , 20.00 , 10.00 , 9
1086 , 75.97 , 20.00 , 10.00 , 9
1087 , 76.25 , 20.00 , 10.00 , 9
1088 , 77.36 , 20.00 , 10.00 , 9
1089 , 78.19 , 20.00 , 10.00 , 9
1090 , 77.91 , 20.00 , 10.00 , 9
1091 , 78.75 , 20.00 , 10.00 , 9
1092 , 79.58 , 20.00 , 10.00 , 9
1093 , 80.41 , 20.00 , 10.00 , 9
1094 , 81.25 , 20.00 , 10.00 , 9
1095 , 81.52 , 20.00 , 10.00 , 9
1096 , 81.80 , 20.00 , 10.00 , 9
1097 , 82.63 , 20.00 , 10.00 , 9
1098 , 82.63 , 20.00 , 10.00 , 9
1099 , 84.02 , 20.00 , 10.00 , 9
1100 , 84.02 , 20.00 , 10.00 , 9
1101 , 84.30 , 20.00 , 10.00 , 9
1102 , 85.13 , 20.00 , 10.00 , 9
1103 , 85.41 , 20.00 , 10.00 , 9
1104 , 86.52 , 20.00 , 10.00 , 9
1105 , 86.24 , 20.00 , 10.00 , 9
1106 , 87.63 , 20.00 , 10.00 , 9
1107 , 88.19 , 20.00 , 10.00 , 9
1108 , 88.19 , 20.00 , 10.00 , 9
1109 , 88.74 , 20.00 , 10.00 , 9
1110 , 89.02 , 20.00 , 10.00 , 9
1111 , 89.02 , 20.00 , 10.00 , 9
1112 , 89.57 , 20.00 , 10.00 , 9
1113 , 89.85 , 20.00 , 10.00 , 9
1114 , 89.85 , 20.00 , 10.00 , 9
1115 , 91.24 , 20.00 , 10.00 , 9
1116 , 91.52 , 20.00 , 10.00 , 9
1117 , 91.79 , 20.00 , 10.00 , 9
1118 , 92.07 , 20.00 , 10.00 , 9
1119 , 91.79 , 20.00 , 10.00 , 9
1120 , 92.35 , 20.00 , 10.00 , 9
1121 , 92.90 , 20.00 , 10.00 , 9
1122 , 92.35 , 20.00 , 10.00 , 9
1123 , 93.46 , 20.00 , 10.00 , 9
1124 , 93.46 , 20.00 , 10.00 , 9
1125 , 93.18 , 20.00 , 10.00 , 9
1126 , 94.01 , 20.00 , 10.00 , 9
1127 , 94.01 , 20.00 , 10.00 , 9
1128 , 94.57 , 20.00 , 10.00 , 9
1129 , 94.57 , 20.00 , 10.00 , 9
1130 , 94.29 , 20.00 , 10.00 , 9
1131 , 94.57 , 20.00 , 10.00 , 9
1132 , 95.12 , 20.00 , 10.00 , 9
1133 , 95.96 , 19.36 , 10.00 , 9
1134 , 95.96 , 15.10 , 10.00 , 9
1135 , 95.68 , 15.01 , 10.00 , 9
1136 , 95.68 , 16.33 , 10.00 , 9
1137 , 95.12 , 16.26 , 10.00 , 9
1138 , 95.40 , 16.26 , 10.00 , 9
1139 , 94.85 , 16.26 , 10.00 , 9
1140 , 94.57 , 16.26 , 10.00 , 9
1141 , 93.46 , 16.26 , 10.00 , 9
1142 , 91.52 , 16.26 , 10.00 , 9
1143 , 89.57 , 16.26 , 10.00 , 9
1144 , 87.63 , 16.26 , 10.00 , 9
1145 , 85.69 , 16.26 , 10.00 , 9
1146 , 83.47 , 16.26 , 10.00 , 9
1147 , 81.52 , 16.26 , 10.00 , 9
1148 , 79.03 , 16.26 , 10.00 , 9
1149 , 77.08 , 16.26 , 10.00 , 9
1150 , 74.86 , 16.26 , 10.00 , 9
1151 , 72.92 , 16.26 , 10.00 , 9
1152 , 71.25 , 16.26 , 10.00 , 9
1153 , 69.03 , 16.26 , 10.00 , 9
1154 , 66.81 , 16.26 , 10.00 , 9
1155 , 65.70 , 16.26 , 10.00 , 9
1156 , 64.04 , 16.26 , 10.00 , 9
1157 , 62.37 , 16.26 , 10.00 , 9
1158 , 60.70 , 16.26 , 10.00 , 9
1159 , 59.32 , 16.26 , 6.48 , 9
1160 , 57.65 , 16.26 , 10.00 , 9
1161 , 56.54 , 16.26 , 10.00 , 9
1162 , 55.99 , 16.26 , 10.00 , 9
1163 , 55.99 , 16.26 , 10.00 , 9
1164 , 55.99 , 16.26 , 10.00 , 9
1165 , 55.71 , 16.26 , 10.00 , 9
1166 , 55.71 , 16.26 , 10.00 , 9
1167 , 56.26 , 16.26 , 10.00 , 9
1168 , 56.26 , 16.26 , 10.00 , 9
1169 , 56.26 , 16.26 , 10.00 , 9
1170 , 55.99 , 16.26 , 10.00 , 9
1171 , 56.54 , 16.26 , 10.00 , 9
1172 , 56.26 , 16.26 , 10.00 , 9
1173 , 56.82 , 16.26 , 10.00 , 9
1174 , 56.54 , 16.26 , 10.00 , 9
1175 , 57.10 , 16.26 , 10.00 , 9
1176 , 56.82 , 16.26 , 10.00 , 9
1177 , 57.65 , 16.26 , 10.00 , 9
1178 , 57.65 , 16.26 , 10.00 , 9
1179 , 57.93 , 16.26 , 10.00 , 9
1180 , 57.37 , 16.26 , 10.00 , 9
1181 , 57.93 , 16.26 , 10.00 , 9
1182 , 58.76 , 16.26 , 10.00 , 9
1183 , 58.48 , 16.26 , 10.00 , 9
1184 , 59.04 , 16.26 , 10.00 , 9
1185 , 58.21 , 16.26 , 10.00 , 9
1186 , 58.48 , 16.26 , 10.00 , 9
1187 , 59.04 , 16.26 , 10.00 , 9
1188 , 59.32 , 16.26 , 10.00 , 9
1189 , 59.59 , 16.26 , 10.00 , 9
1190 , 59.59 , 20.00 , 10.00 , 10
1191 , 59.59 , 20.00 , 10.00 , 10
1192 , 60.43 , 20.00 , 10.00 , 10
1193 , 62.09 , 20.00 , 10.00 , 10
1194 , 62.37 , 20.00 , 10.00 , 10
1195 , 64.04 , 20.00 , 10.00 , 10
1196 , 64.87 , 20.00 , 10.00 , 10
1197 , 65.70 , 20.00 , 10.00 , 10
1198 , 66.26 , 20.00 , 10.00 , 10
1199 , 67.09 , 20.00 , 10.00 , 10
1200 , 67.92 , 20.00 , 10.00 , 10
1201 , 68.75 , 20.00 , 10.00 , 10
1202 , 69.03 , 20.00 , 10.00 , 10
1203 , 70.42 , 20.00 , 10.00 , 10
1204 , 70.98 , 20.00 , 10.00 , 10
1205 , 71.53 , 20.00 , 10.00 , 10
1206 , 72.36 , 20.00 , 10.00 , 10
1207 , 72.92 , 20.00 , 10.00 , 10
1208 , 74.31 , 20.00 , 10.00 , 10
1209 , 75.14 , 20.00 , 10.00 , 10
1210 , 75.14 , 20.00 , 10.00 , 10
1211 , 75.97 , 20.00 , 10.00 , 10
1212 , 77.08 , 20.00 , 10.00 , 10
1213 , 77.36 , 20.00 , 10.00 , 10
1214 , 77.64 , 20.00 , 10.00 , 10
1215 , 79.03 , 20.00 , 10.00 , 10
1216 , 79.58 , 20.00 , 10.00 , 10
1217 , 79.86 , 20.00 , 10.00 , 10
1218 , 80.41 , 20.00 , 10.00 , 10
1219 , 80.97 , 20.00 , 10.00 , 10
1220 , 81.80 , 20.00 , 10.00 , 10
1221 , 82.63 , 20.00 , 10.00 , 10
1222 , 82.63 , 20.00 , 10.00 , 10
1223 , 83.47 , 20.00 , 10.00 , 10
1224 , 83.74 , 20.00 , 10.00 , 10
1225 , 84.30 , 20.00 , 10.00 , 10
1226 , 84.85 , 20.00 , 10.00 , 10
1227 , 85.13 , 20.00 , 10.00 , 10
1228 , 85.96 , 20.00 , 10.00 , 10
1229 , 86.24 , 20.00 , 10.00 , 10
1230 , 86.52 , 20.00 , 10.00 , 10
1231 , 87.35 , 20.00 , 10.00 , 10
1232 , 87.35 , 20.00 , 10.00 , 10
1233 , 88.19 , 20.00 , 10.00 , 10
1234 , 87.91 , 20.00 , 10.00 , 10
1235 , 88.19 , 20.00 , 10.00 , 10
1236 , 88.74 , 20.00 , 10.00 , 10
1237 , 89.02 , 20.00 , 10.00 , 10
1238 , 89.57 , 20.00 , 10.00 , 10
1239 , 90.41 , 20.00 , 10.00 , 10
1240 , 90.68 , 20.00 , 10.00 , 10
1241 , 90.96 , 20.00 , 10.00 , 10
1242 , 91.24 , 20.00 , 10.00 , 10
1243 , 91.52 , 20.00 , 10.00 , 10
1244 , 90.68 , 20.00 , 10.00 , 10
1245 , 92.07 , 20.00 , 10.00 , 10
1246 , 92.63 , 20.00 , 10.00 , 10
1247 , 92.63 , 20.00 , 10.00 , 10
1248 , 92.90 , 20.00 , 10.00 , 10
1249 , 93.46 , 20.00 , 10.00 , 10
1250 , 93.74 , 20.00 , 10.00 , 10
1251 , 92.90 , 20.00 , 10.00 , 10
1252 , 94.01 , 20.00 , 10.00 , 10
1253 , 94.57 , 20.00 , 10.00 , 10
1254 , 94.01 , 20.00 , 10.00 , 10
1255 , 94.85 , 20.00 , 10.00 , 10
1256 , 95.12 , 20.00 , 10.00 , 10
1257 , 95.40 , 19.36 , 10.00 , 10
1258 , 95.12 , 17.94 , 10.00 , 10
1259 , 95.68 , 19.31 , 10.00 , 10
1260 , 95.68 , 16.47 , 10.00 , 10
1261 , 95.12 , 16.40 , 10.00 , 10
1262 , 95.12 , 16.40 , 10.00 , 10
1263 , 95.40 , 16.40 , 10.00 , 10
1264 , 94.01 , 16.40 , 10.00 , 10
1265 , 92.35 , 16.40 , 10.00 , 10
1266 , 90.96 , 16.40 , 10.00 , 10
1267 , 89.57 , 16.40 , 10.00 , 10
1268 , 87.08 , 16.40 , 10.00 , 10
1269 , 85.41 , 16.40 , 10.00 , 10
1270 , 82.63 , 16.40 , 10.00 , 10
1271 , 80.97 , 16.40 , 10.00 , 10
1272 , 78.47 , 16.40 , 10.00 , 10
1273 , 76.53 , 16.40 , 10.00 , 10
1274 , 74.86 , 16.40 , 10.00 , 10
1275 , 72.36 , 16.40 , 10.00 , 10
1276 , 70.70 , 16.40 , 10.00 , 10
1277 , 68.75 , 16.40 , 10.00 , 10
1278 , 66.81 , 16.40 , 10.00 , 10
1279 , 65.42 , 16.40 , 10.00 , 10
1280 , 63.48 , 16.40 , 10.00 , 10
1281 , 61.82 , 16.40 , 10.00 , 10
1282 , 60.43 , 16.40 , 0.92 , 10
1283 , 59.32 , 16.40 , 7.82 , 10
1284 , 57.65 , 16.40 , 10.00 , 10
1285 , 57.10 , 16.40 , 10.00 , 10
1286 , 55.71 , 16.40 , 10.00 , 10
1287 , 56.26 , 16.40 , 10.00 , 10
1288 , 56.26 , 16.40 , 10.00 , 10
1289 , 56.54 , 16.40 , 10.00 , 10
1290 , 56.26 , 16.40 , 10.00 , 10
1291 , 56.26 , 16.40 , 10.00 , 10
1292 , 56.82 , 16.40 , 10.00 , 10
1293 , 56.82 , 16.40 , 10.00 , 10
1294 , 57.10 , 16.40 , 10.00 , 10
1295 , 56.82 , 16.40 , 10.00 , 10
1296 , 57.37 , 16.40 , 10.00 , 10
1297 , 57.37 , 16.40 , 10.00 , 10
1298 , 57.37 , 16.40 , 10.00 , 10
1299 , 57.65 , 16.40 , 10.00 , 10
1300 , 57.93 , 16.40 , 10.00 , 10
1301 , 57.37 , 16.40 , 10.00 , 10
1302 , 57.37 , 16.40 , 10.00 , 10
1303 , 58.48 , 16.40 , 10.00 , 10
1304 , 57.65 , 16.40 , 10.00 , 10
1305 , 58.48 , 16.40 , 10.00 , 10
1306 , 58.21 , 16.40 , 10.00 , 10
1307 , 59.04 , 16.40 , 10.00 , 10
1308 , 59.32 , 16.40 , 10.00 , 10
1309 , 59.04 , 16.40 , 10.00 , 10
1310 , 59.32 , 16.40 , 10.00 , 10
1311 , 59.59 , 16.40 , 10.00 , 10
1312 , 59.32 , 16.40 , 10.00 , 10
1313 , 60.15 , 20.00 , 10.00 , 11
1314 , 60.43 , 20.00 , 10.00 , 11
1315 , 61.26 , 20.00 , 10.00 , 11
1316 , 62.37 , 20.00 , 10.00 , 11
1317 , 63.20 , 20.00 , 10.00 , 11
1318 , 63.76 , 20.00 , 10.00 , 11
1319 , 64.87 , 20.00 , 10.00 , 11
1320 , 65.70 , 20.00 , 10.00 , 11
1321 , 66.53 , 20.00 , 10.00 , 11
1322 , 67.37 , 20.00 , 10.00 , 11
1323 , 68.48 , 20.00 , 10.00 , 11
1324 , 69.31 , 20.00 , 10.00 , 11
1325 , 69.87 , 20.00 , 10.00 , 11
1326 , 70.42 , 20.00 , 10.00 , 11
1327 , 71.53 , 20.00 , 10.00 , 11
1328 , 72.36 , 20.00 , 10.00 , 11
1329 , 73.20 , 20.00 , 10.00 , 11
1330 , 73.20 , 20.00 , 10.00 , 11
1331 , 74.31 , 20.00 , 10.00 , 11
1332 , 75.42 , 20.00 , 10.00 , 11
1333 , 76.25 , 20.00 , 10.00 , 11
1334 , 77.08 , 20.00 , 10.00 , 11
1335 , 76.80 , 20.00 , 10.00 , 11
1336 , 77.91 , 20.00 , 10.00 , 11
1337 , 78.47 , 20.00 , 10.00 , 11
1338 , 79.30 , 20.00 , 10.00 , 11
1339 , 79.86 , 20.00 , 10.00 , 11
1340 , 80.41 , 20.00 , 10.00 , 11
1341 , 80.97 , 20.00 , 10.00 , 11
1342 , 81.80 , 20.00 , 10.00 , 11
1343 , 81.80 , 20.00 , 10.00 , 11
1344 , 82.08 , 20.00 , 10.00 , 11
1345 , 82.91 , 20.00 , 10.00 , 11
1346 , 84.02 , 20.00 , 10.00 , 11
1347 , 84.58 , 20.00 , 10.00 , 11
1348 , 85.41 , 20.00 , 10.00 , 11
1349 , 84.85 , 20.00 , 10.00 , 11
1350 , 86.52 , 20.00 , 10.00 , 11
1351 , 86.24 , 20.00 , 10.00 , 11
1352 , 86.80 , 20.00 , 10.00 , 11
1353 , 87.08 , 20.00 , 10.00 , 11
1354 , 87.63 , 20.00 , 10.00 , 11
1355 , 88.74 , 20.00 , 10.00 , 11
1356 , 89.02 , 20.00 , 10.00 , 11
1357 , 89.30 , 20.00 , 10.00 , 11
1358 , 89.85 , 20.00 , 10.00 , 11
1359 , 90.13 , 20.00 , 10.00 , 11
1360 , 90.68 , 20.00 , 10.00 , 11
1361 , 90.96 , 20.00 , 10.00 , 11
1362 , 91.79 , 20.00 , 10.00 , 11
1363 , 91.79 , 20.00 , 10.00 , 11
1364 , 93.18 , 20.00 , 10.00 , 11
1365 , 93.18 , 20.00 , 10.00 , 11
1366 , 92.90 , 20.00 , 10.00 , 11
1367 , 93.46 , 20.00 , 10.00 , 11
1368 , 94.01 , 20.00 , 10.00 , 11
1369 , 95.12 , 20.00 , 10.00 , 11
1370 , 95.12 , 19.36 , 10.00 , 11
1371 , 95.68 , 19.35 , 10.00 , 11
1372 , 95.40 , 16.51 , 10.00 , 11
1373 , 94.57 , 17.85 , 10.00 , 11
1374 , 95.12 , 20.00 , 10.00 , 11
1375 , 95.68 , 20.00 , 10.00 , 11
1376 , 95.96 , 20.00 , 10.00 , 11
1377 , 95.12 , 20.00 , 10.00 , 11
1378 , 93.74 , 20.00 , 10.00 , 11
1379 , 92.35 , 20.00 , 10.00 , 11
1380 , 90.96 , 20.00 , 10.00 , 11
1381 , 88.74 , 20.00 , 10.00 , 11
1382 , 86.52 , 20.00 , 10.00 , 11
1383 , 84.30 , 20.00 , 10.00 , 11
1384 , 82.08 , 20.00 , 10.00 , 11
1385 , 80.14 , 20.00 , 10.00 , 11
1386 , 77.91 , 20.00 , 10.00 , 11
1387 , 75.42 , 20.00 , 10.00 , 11
1388 , 73.75 , 20.00 , 10.00 , 11
1389 , 71.53 , 20.00 , 10.00 , 11
1390 , 69.87 , 20.00 , 10.00 , 11
1391 , 67.92 , 20.00 , 10.00 , 11
1392 , 65.98 , 20.00 , 10.00 , 11
1393 , 64.31 , 20.00 , 10.00 , 11
1394 , 62.65 , 20.00 , 10.00 , 11
1395 , 61.26 , 20.00 , 10.00 , 11
1396 , 59.59 , 20.00 , 3.70 , 11
1397 , 57.65 , 20.00 , 10.00 , 11
1398 , 56.82 , 20.00 , 10.00 , 11
1399 , 56.82 , 20.00 , 10.00 , 11
1400 , 56.54 , 20.00 , 10.00 , 11
1401 , 56.26 , 20.00 , 10.00 , 11
1402 , 56.54 , 20.00 , 10.00 , 11
1403 , 56.26 , 20.00 , 10.00 , 11
1404 , 56.54 , 20.00 , 10.00 , 11
1405 , 56.54 , 20.00 , 10.00 , 11
1406 , 55.99 , 20.00 , 10.00 , 11
1407 , 56.54 , 20.00 , 10.00 , 11
1408 , 57.10 , 20.00 , 10.00 , 11
1409 , 56.82 , 20.00 , 10.00 , 11
1410 , 57.37 , 20.00 , 10.00 , 11
1412 , 57.65 , 20.00 , 10.00 , 11
1413 , 57.37 , 20.00 , 10.00 , 11
1414 , 57.37 , 20.00 , 10.00 , 11
1415 , 57.65 , 20.00 , 10.00 , 11
1416 , 57.65 , 20.00 , 10.00 , 11
1417 , 58.21 , 20.00 , 10.00 , 11
1418 , 58.48 , 20.00 , 10.00 , 11
1419 , 58.48 , 20.00 , 10.00 , 11
1420 , 59.04 , 20.00 , 10.00 , 11
1421 , 58.76 , 20.00 , 10.00 , 11
1422 , 59.32 , 20.00 , 10.00 , 11
1423 , 59.04 , 20.00 , 10.00 , 11
1424 , 59.59 , 20.00 , 10.00 , 11
1425 , 59.32 , 20.00 , 10.00 , 11
1426 , 59.87 , 20.00 , 10.00 , 11
1427 , 59.59 , 20.00 , 10.00 , 12
1428 , 60.43 , 20.00 , 10.00 , 12
1429 , 61.26 , 20.00 , 10.00 , 12
1430 , 61.82 , 20.00 , 10.00 , 12
1431 , 62.93 , 20.00 , 10.00 , 12
1432 , 63.76 , 20.00 , 10.00 , 12
1433 , 64.87 , 20.00 , 10.00 , 12
1434 , 65.98 , 20.00 , 10.00 , 12
1435 , 66.53 , 20.00 , 10.00 , 12
1436 , 67.64 , 20.00 , 10.00 , 12
1437 , 68.20 , 20.00 , 10.00 , 12
1438 , 68.20 , 20.00 , 10.00 , 12
1439 , 69.87 , 20.00 , 10.00 , 12
1440 , 70.70 , 20.00 , 10.00 , 12
1441 , 71.81 , 20.00 , 10.00 , 12
1442 , 72.36 , 20.00 , 10.00 , 12
1443 , 73.20 , 20.00 , 10.00 , 12
1444 , 74.03 , 20.00 , 10.00 , 12
1445 , 74.58 , 20.00 , 10.00 , 12
1446 , 75.69 , 20.00 , 10.00 , 12
1447 , 75.97 , 20.00 , 10.00 , 12
1448 , 77.08 , 20.00 , 10.00 , 12
1449 , 77.91 , 20.00 , 10.00 , 12
1450 , 78.75 , 20.00 , 10.00 , 12
1451 , 79.30 , 20.00 , 10.00 , 12
1452 , 79.58 , 20.00 , 10.00 , 12
1453 , 80.97 , 20.00 , 10.00 , 12
1454 , 81.52 , 20.00 , 10.00 , 12
1455 , 82.91 , 20.00 , 10.00 , 12
1456 , 83.19 , 20.00 , 10.00 , 12
1457 , 83.47 , 20.00 , 10.00 , 12
1458 , 84.58 , 20.00 , 10.00 , 12
1459 , 85.69 , 20.00 , 10.00 , 12
1460 , 86.24 , 20.00 , 10.00 , 12
1461 , 87.08 , 20.00 , 10.00 , 12
1462 , 87.63 , 20.00 , 10.00 , 12
1463 , 88.46 , 20.00 , 10.00 , 12
1464 , 88.46 , 20.00 , 10.00 , 12
1465 , 89.02 , 20.00 , 10.00 , 12
1466 , 89.85 , 20.00 , 10.00 , 12
1467 , 90.13 , 20.00 , 10.00 , 12
1468 , 90.41 , 20.00 , 10.00 , 12
1469 , 91.24 , 20.00 , 10.00 , 12
1470 , 91.24 , 20.00 , 10.00 , 12
1471 , 92.07 , 20.00 , 10.00 , 12
1472 , 92.63 , 20.00 , 10.00 , 12
1473 , 92.90 , 20.00 , 10.00 , 12
1474 , 92.90 , 20.00 , 10.00 , 12
1475 , 93.18 , 20.00 , 10.00 , 12
1476 , 94.29 , 20.00 , 10.00 , 12
1477 , 94.01 , 20.00 , 10.00 , 12
1478 , 94.57 , 20.00 , 10.00 , 12
1479 , 95.40 , 20.00 , 10.00 , 12
1480 , 95.96 , 17.95 , 10.00 , 12
1481 , 95.68 , 15.08 , 10.00 , 12
1482 , 96.24 , 16.40 , 10.00 , 12
1483 , 95.96 , 13.50 , 10.00 , 12
1484 , 95.96 , 14.79 , 10.00 , 12
1485 , 96.51 , 14.79 , 10.00 , 12
1486 , 96.24 , 14.79 , 10.00 , 12
1487 , 96.24 , 14.79 , 10.00 , 12
1488 , 95.12 , 14.79 , 10.00 , 12
1489 , 93.46 , 14.79 , 10.00 , 12
1490 , 91.24 , 14.79 , 10.00 , 12
1491 , 89.30 , 14.79 , 10.00 , 12
1492 , 86.80 , 14.79 , 10.00 , 12
1493 , 84.85 , 14.79 , 10.00 , 12
1494 , 82.63 , 14.79 , 10.00 , 12
1495 , 80.41 , 14.79 , 10.00 , 12
1496 , 77.64 , 14.79 , 10.00 , 12
1497 , 75.97 , 14.79 , 10.00 , 12
1498 , 74.03 , 14.79 , 10.00 , 12
1499 , 71.81 , 14.79 , 10.00 , 12
1500 , 70.14 , 14.79 , 10.00 , 12
1501 , 67.92 , 14.79 , 10.00 , 12
1502 , 66.53 , 14.79 , 10.00 , 12
1503 , 64.59 , 14.79 , 10.00 , 12
1504 , 63.48 , 14.79 , 10.00 , 12
1505 , 61.54 , 14.79 , 10.00 , 12
1506 , 60.15 , 14.79 , 2.31 , 12
1507 , 58.21 , 14.79 , 9.24 , 12
1508 , 57.65 , 14.79 , 10.00 , 12
1509 , 57.10 , 14.79 , 10.00 , 12
1510 , 56.54 , 14.79 , 10.00 , 12
1511 , 56.82 , 14.79 , 10.00 , 12
1512 , 56.54 , 14.79 , 10.00 , 12
1513 , 56.26 , 14.79 , 10.00 , 12
1514 , 56.54 , 14.79 , 10.00 , 12
1515 , 56.82 , 14.79 , 10.00 , 12
1516 , 57.10 , 14.79 , 10.00 , 12
1517 , 57.37 , 14.79 , 10.00 , 12
1518 , 57.37 , 14.79 , 10.00 , 12
1519 , 57.65 , 14.79 , 10.00 , 12
1520 , 57.10 , 14.79 , 10.00 , 12
1521 , 57.65 , 14.79 , 10.00 , 12
1522 , 57.65 , 14.79 , 10.00 , 12
1523 , 57.93 , 14.79 , 10.00 , 12
1524 , 58.48 , 14.79 , 10.00 , 12
1525 , 58.21 , 14.79 , 10.00 , 12
1526 , 59.04 , 14.79 , 10.00 , 12
1527 , 59.04 , 14.79 , 10.00 , 12
1528 , 58.76 , 14.79 , 10.00 , 12
1529 , 59.59 , 14.79 , 10.00 , 12
1530 , 59.59 , 14.79 , 10.00 , 12
1531 , 60.15 , 14.79 , 10.00 , 12
1532 , 60.15 , 14.79 , 9.24 , 12
1533 , 60.15 , 14.79 , 9.22 , 12
1534 , 60.43 , 14.79 , 9.21 , 12
1535 , 60.15 , 14.79 , 7.78 , 12
1536 , 60.43 , 14.79 , 7.78 , 12
1537 , 60.98 , 20.00 , 7.78 , 13
1538 , 60.98 , 20.00 , 7.78 , 13
1539 , 62.09 , 20.00 , 7.78 , 13
1540 , 62.37 , 20.00 , 7.78 , 13
1541 , 63.76 , 20.00 , 7.78 , 13
1542 , 64.87 , 20.00 , 7.78 , 13
1543 , 65.15 , 20.00 , 7.78 , 13
1544 , 66.26 , 20.00 , 7.78 , 13
1545 , 67.09 , 20.00 , 7.78 , 13
1546 , 67.92 , 20.00 , 7.78 , 13
1547 , 69.31 , 20.00 , 7.78 , 13
1548 , 70.14 , 20.00 , 7.78 , 13
1549 , 70.98 , 20.00 , 7.78 , 13
1550 , 71.53 , 20.00 , 7.78 , 13
1551 , 72.64 , 20.00 , 7.78 , 13
1552 , 72.92 , 20.00 , 7.78 , 13
1553 , 74.31 , 20.00 , 7.78 , 13
1554 , 74.86 , 20.00 , 7.78 , 13
1555 , 75.69 , 20.00 , 7.78 , 13
1556 , 75.97 , 20.00 , 7.78 , 13
1557 , 77.08 , 20.00 , 7.78 , 13
1558 , 77.64 , 20.00 , 7.78 , 13
1559 , 78.47 , 20.00 , 7.78 , 13
1560 , 79.58 , 20.00 , 7.78 , 13
1561 , 79.30 , 20.00 , 7.78 , 13
1562 , 80.14 , 20.00 , 7.78 , 13
1563 , 80.41 , 20.00 , 7.78 , 13
1564 , 80.69 , 20.00 , 7.78 , 13
1565 , 82.08 , 20.00 , 7.78 , 13
1566 , 82.36 , 20.00 , 7.78 , 13
1567 , 82.91 , 20.00 , 7.78 , 13
1568 , 83.74 , 20.00 , 7.78 , 13
1569 , 84.02 , 20.00 , 7.78 , 13
1570 , 84.58 , 20.00 , 7.78 , 13
1571 , 84.58 , 20.00 , 7.78 , 13
1572 , 85.13 , 20.00 , 7.78 , 13
1573 , 85.69 , 20.00 , 7.78 , 13
1574 , 85.69 , 20.00 , 7.78 , 13
1575 , 87.08 , 20.00 , 7.78 , 13
1576 , 87.35 , 20.00 , 7.78 , 13
1577 , 87.35 , 20.00 , 7.78 , 13
1578 , 87.08 , 20.00 , 7.78 , 13
1579 , 88.46 , 20.00 , 7.78 , 13
1580 , 88.74 , 20.00 , 7.78 , 13
1581 , 89.02 , 20.00 , 7.78 , 13
1582 , 89.02 , 20.00 , 7.78 , 13
1583 , 89.57 , 20.00 , 7.78 , 13
1584 , 89.57 , 20.00 , 7.78 , 13
1585 , 89.85 , 20.00 , 7.78 , 13
1586 , 90.41 , 20.00 , 7.78 , 13
1587 , 90.13 , 20.00 , 7.78 , 13
1588 , 90.96 , 20.00 , 7.78 , 13
1589 , 90.41 , 20.00 , 7.78 , 13
1590 , 90.96 , 20.00 , 7.78 , 13
1591 , 90.96 , 20.00 , 7.78 , 13
1592 , 91.52 , 20.00 , 7.78 , 13
1593 , 91.79 , 20.00 , 7.78 , 13
1594 , 91.79 , 20.00 , 7.78 , 13
1595 , 92.35 , 20.00 , 7.78 , 13
1596 , 92.63 , 20.00 , 7.78 , 13
1597 , 92.07 , 20.00 , 7.78 , 13
1598 , 92.90 , 20.00 , 7.78 , 13
1599 , 92.07 , 20.00 , 7.78 , 13
1600 , 92.90 , 20.00 , 7.78 , 13
1601 , 92.35 , 20.00 , 7.78 , 13
1602 , 92.90 , 20.00 , 7.78 , 13
1603 , 93.18 , 20.00 , 7.78 , 13
1604 , 92.90 , 20.00 , 7.78 , 13
1605 , 93.46 , 20.00 , 7.78 , 13
1606 , 93.18 , 20.00 , 7.78 , 13
1607 , 94.01 , 20.00 , 7.78 , 13
1608 , 94.29 , 20.00 , 7.78 , 13
1609 , 93.18 , 20.00 , 7.78 , 13
1610 , 94.29 , 20.00 , 7.78 , 13
1611 , 94.29 , 20.00 , 7.78 , 13
1612 , 94.29 , 20.00 , 7.78 , 13
1613 , 94.01 , 20.00 , 7.78 , 13
1614 , 94.01 , 20.00 , 7.78 , 13
1615 , 94.01 , 20.00 , 7.78 , 13
1616 , 94.01 , 20.00 , 7.78 , 13
1617 , 94.29 , 20.00 , 7.78 , 13
1618 , 94.01 , 20.00 , 7.78 , 13
1619 , 94.57 , 20.00 , 7.78 , 13
1620 , 94.57 , 20.00 , 7.78 , 13
1621 , 94.57 , 20.00 , 7.78 , 13
1622 , 94.01 , 20.00 , 7.78 , 13
1623 , 94.85 , 20.00 , 7.78 , 13
1624 , 94.85 , 20.00 , 7.78 , 13
1625 , 94.01 , 20.00 , 7.78 , 13
1626 , 94.29 , 20.00 , 7.78 , 13
1627 , 94.57 , 20.00 , 7.78 , 13
1628 , 94.85 , 20.00 , 7.78 , 13
1629 , 94.57 , 20.00 , 7.78 , 13
1630 , 95.12 , 20.00 , 7.78 , 13
1631 , 94.85 , 19.36 , 7.78 , 13
1632 , 95.12 , 20.00 , 7.78 , 13
1633 , 95.12 , 19.36 , 7.78 , 13
1634 , 94.85 , 19.35 , 7.78 , 13
1635 , 94.57 , 20.00 , 7.78 , 13
1636 , 94.29 , 20.00 , 7.78 , 13
1637 , 94.85 , 20.00 , 7.78 , 13
1638 , 93.74 , 20.00 , 7.78 , 13
1639 , 92.35 , 20.00 , 7.78 , 13
1640 , 90.41 , 20.00 , 7.78 , 13
1641 , 88.74 , 20.00 , 7.78 , 13
1642 , 86.80 , 20.00 , 7.78 , 13
1643 , 84.30 , 20.00 , 7.78 , 13
1644 , 81.80 , 20.00 , 7.78 , 13
1645 , 79.86 , 20.00 , 7.78 , 13
1646 , 77.91 , 20.00 , 7.78 , 13
1647 , 75.69 , 20.00 , 7.78 , 13
1648 , 73.75 , 20.00 , 7.78 , 13
1649 , 71.81 , 20.00 , 7.78 , 13
1650 , 69.59 , 20.00 , 7.78 , 13
1651 , 67.92 , 20.00 , 7.78 , 13
1652 , 65.42 , 20.00 , 7.78 , 13
1653 , 64.04 , 20.00 , 7.78 , 13
1654 , 62.93 , 20.00 , 7.78 , 13
1655 , 61.54 , 20.00 , 7.78 , 13
1656 , 59.59 , 20.00 , 2.31 , 13
1657 , 58.21 , 20.00 , 10.00 , 13
1658 , 57.37 , 20.00 , 10.00 , 13
1659 , 56.26 , 20.00 , 10.00 , 13
1660 , 56.26 , 20.00 , 10.00 , 13
1661 , 56.54 , 20.00 , 10.00 , 13
1662 , 56.54 , 20.00 , 10.00 , 13
1663 , 56.26 , 20.00 , 10.00 , 13
1664 , 55.99 , 20.00 , 10.00 , 13
1665 , 56.26 , 20.00 , 10.00 , 13
1666 , 55.99 , 20.00 , 10.00 , 13
1667 , 56.54 , 20.00 , 10.00 , 13
1668 , 56.82 , 20.00 , 10.00 , 13
1669 , 56.82 , 20.00 , 10.00 , 13
1670 , 56.26 , 20.00 , 10.00 , 13
1671 , 57.37 , 20.00 , 10.00 , 13
1672 , 57.10 , 20.00 , 10.00 , 13
1673 , 57.37 , 20.00 , 10.00 , 13
1674 , 57.37 , 20.00 , 10.00 , 13
1675 , 57.10 , 20.00 , 10.00 , 13
1676 , 57.65 , 20.00 , 10.00 , 13
1677 , 58.21 , 20.00 , 10.00 , 13
1678 , 58.21 , 20.00 , 10.00 , 13
1679 , 57.93 , 20.00 , 10.00 , 13
1680 , 57.65 , 20.00 , 10.00 , 13
1681 , 58.48 , 20.00 , 10.00 , 13
1682 , 57.65 , 20.00 , 10.00 , 13
1683 , 58.48 , 20.00 , 10.00 , 13
1684 , 58.21 , 20.00 , 10.00 , 13
1685 , 58.48 , 20.00 , 10.00 , 13
1686 , 59.32 , 20.00 , 10.00 , 13
1687 , 59.59 , 20.00 , 10.00 , 14
1688 , 59.32 , 20.00 , 10.00 , 14
1689 , 60.70 , 20.00 , 10.00 , 14
1690 , 60.70 , 20.00 , 10.00 , 14
1691 , 62.37 , 20.00 , 10.00 , 14
1692 , 62.65 , 20.00 , 10.00 , 14
1693 , 64.04 , 20.00 , 10.00 , 14
1694 , 65.15 , 20.00 , 10.00 , 14
1695 , 64.87 , 20.00 , 10.00 , 14
1696 , 66.53 , 20.00 , 10.00 , 14
1697 , 67.64 , 20.00 , 10.00 , 14
1698 , 68.20 , 20.00 , 10.00 , 14
1699 , 68.48 , 20.00 , 10.00 , 14
1700 , 69.03 , 20.00 , 10.00 , 14
1701 , 70.42 , 20.00 , 10.00 , 14
1702 , 70.70 , 20.00 , 10.00 , 14
1703 , 72.09 , 20.00 , 10.00 , 14
1704 , 72.64 , 20.00 , 10.00 , 14
1705 , 73.20 , 20.00 , 10.00 , 14
1706 , 74.03 , 20.00 , 10.00 , 14
1707 , 74.86 , 20.00 , 10.00 , 14
1708 , 75.42 , 20.00 , 10.00 , 14
1709 , 75.69 , 20.00 , 10.00 , 14
1710 , 76.80 , 20.00 , 10.00 , 14
1711 , 76.80 , 20.00 , 10.00 , 14
1712 , 77.36 , 20.00 , 10.00 , 14
1713 , 78.47 , 20.00 , 10.00 , 14
1714 , 78.75 , 20.00 , 10.00 , 14
1715 , 79.30 , 20.00 , 10.00 , 14
1716 , 80.14 , 20.00 , 10.00 , 14
1717 , 80.69 , 20.00 , 10.00 , 14
1718 , 80.41 , 20.00 , 10.00 , 14
1719 , 81.25 , 20.00 , 10.00 , 14
1720 , 81.52 , 20.00 , 10.00 , 14
1721 , 82.08 , 20.00 , 10.00 , 14
1722 , 82.91 , 20.00 , 10.00 , 14
1723 , 83.47 , 20.00 , 10.00 , 14
1724 , 83.47 , 20.00 , 10.00 , 14
1725 , 84.02 , 20.00 , 10.00 , 14
1726 , 84.58 , 20.00 , 10.00 , 14
1727 , 84.02 , 20.00 , 10.00 , 14
1728 , 85.41 , 20.00 , 10.00 , 14
1729 , 85.69 , 20.00 , 10.00 , 14
1730 , 85.96 , 20.00 , 10.00 , 14
1731 , 86.24 , 20.00 , 10.00 , 14
1732 , 86.52 , 20.00 , 10.00 , 14
1733 , 87.35 , 20.00 , 10.00 , 14
1734 , 86.80 , 20.00 , 10.00 , 14
1735 , 87.35 , 20.00 , 10.00 , 14
1736 , 87.91 , 20.00 , 10.00 , 14
1737 , 88.46 , 20.00 , 10.00 , 14
1738 , 88.46 , 20.00 , 10.00 , 14
1739 , 88.74 , 20.00 , 10.00 , 14
1740 , 89.57 , 20.00 , 10.00 , 14
1741 , 88.74 , 20.00 , 10.00 , 14
1742 , 89.30 , 20.00 , 10.00 , 14
1743 , 89.57 , 20.00 , 10.00 , 14
1744 , 89.85 , 20.00 , 10.00 , 14
1745 , 90.13 , 20.00 , 10.00 , 14
1746 , 89.57 , 20.00 , 10.00 , 14
1747 , 90.13 , 20.00 , 10.00 , 14
1748 , 90.13 , 20.00 , 10.00 , 14
1749 , 90.68 , 20.00 , 10.00 , 14
1750 , 90.96 , 20.00 , 10.00 , 14
1751 , 91.24 , 20.00 , 10.00 , 14
1752 , 91.24 , 20.00 , 10.00 , 14
1753 , 91.52 , 20.00 , 10.00 , 14
1754 , 91.52 , 20.00 , 10.00 , 14
1755 , 92.07 , 20.00 , 10.00 , 14
1756 , 91.24 , 20.00 , 10.00 , 14
1757 , 92.07 , 20.00 , 10.00 , 14
1758 , 92.07 , 20.00 , 10.00 , 14
1759 , 92.63 , 20.00 , 10.00 , 14
1760 , 92.63 , 20.00 , 10.00 , 14
1761 , 93.18 , 20.00 , 10.00 , 14
1762 , 92.63 , 20.00 , 10.00 , 14
1763 , 93.46 , 20.00 , 10.00 , 14
1764 , 93.18 , 20.00 , 10.00 , 14
1765 , 93.18 , 20.00 , 10.00 , 14
1766 , 93.46 , 20.00 , 10.00 , 14
1767 , 93.46 , 20.00 , 10.00 , 14
1768 , 93.46 , 20.00 , 10.00 , 14
1769 , 94.57 , 20.00 , 10.00 , 14
1770 , 94.29 , 20.00 , 10.00 , 14
1771 , 94.85 , 20.00 , 10.00 , 14
1772 , 94.29 , 20.00 , 10.00 , 14
1773 , 94.85 , 20.00 , 10.00 , 14
1774 , 94.85 , 20.00 , 10.00 , 14
1775 , 94.57 , 20.00 , 10.00 , 14
1776 , 95.40 , 20.00 , 10.00 , 14
1777 , 95.40 , 17.95 , 10.00 , 14
1778 , 95.12 , 17.91 , 10.00 , 14
1779 , 95.40 , 19.28 , 10.00 , 14
1780 , 94.57 , 17.85 , 10.00 , 14
1781 , 94.57 , 20.00 , 10.00 , 14
1782 , 95.12 , 20.00 , 10.00 , 14
1783 , 94.85 , 20.00 , 10.00 , 14
1784 , 93.18 , 20.00 , 10.00 , 14
1785 , 92.63 , 20.00 , 10.00 , 14
1786 , 90.96 , 20.00 , 10.00 , 14
1787 , 88.74 , 20.00 , 10.00 , 14
1788 , 86.24 , 20.00 , 10.00 , 14
1789 , 84.85 , 20.00 , 10.00 , 14
1790 , 82.63 , 20.00 , 10.00 , 14
1791 , 80.69 , 20.00 , 10.00 , 14
1792 , 77.91 , 20.00 , 10.00 , 14
1793 , 76.25 , 20.00 , 10.00 , 14
1794 , 74.31 , 20.00 , 10.00 , 14
1795 , 72.36 , 20.00 , 10.00 , 14
1796 , 70.42 , 20.00 , 10.00 , 14
1797 , 68.48 , 20.00 , 10.00 , 14
1798 , 67.09 , 20.00 , 10.00 , 14
1799 , 65.15 , 20.00 , 10.00 , 14
1800 , 63.76 , 20.00 , 10.00 , 14
1801 , 62.09 , 20.00 , 10.00 , 14
1802 , 60.43 , 20.00 , 10.00 , 14
1803 , 58.76 , 20.00 , 7.86 , 14
1804 , 57.37 , 20.00 , 10.00 , 14
1805 , 56.82 , 20.00 , 10.00 , 14
1806 , 56.26 , 20.00 , 10.00 , 14
1807 , 55.71 , 20.00 , 10.00 , 14
1808 , 55.71 , 20.00 , 10.00 , 14
1809 , 56.26 , 20.00 , 10.00 , 14
1810 , 55.99 , 20.00 , 10.00 , 14
1811 , 55.99 , 20.00 , 10.00 , 14
1812 , 55.99 , 20.00 , 10.00 , 14
1813 , 56.26 , 20.00 , 10.00 , 14
1814 , 56.26 , 20.00 , 10.00 , 14
1815 , 56.54 , 20.00 , 10.00 , 14
1816 , 56.54 , 20.00 , 10.00 , 14
1817 , 56.26 , 20.00 , 10.00 , 14
1818 , 56.82 , 20.00 , 10.00 , 14
1819 , 56.82 , 20.00 , 10.00 , 14
1820 , 57.37 , 20.00 , 10.00 , 14
1821 , 57.93 , 20.00 , 10.00 , 14
1822 , 57.10 , 20.00 , 10.00 , 14
1823 , 57.93 , 20.00 , 10.00 , 14
1824 , 57.93 , 20.00 , 10.00 , 14
1825 , 58.21 , 20.00 , 10.00 , 14
1826 , 58.21 , 20.00 , 10.00 , 14
1827 , 58.76 , 20.00 , 10.00 , 14
1828 , 58.48 , 20.00 , 10.00 , 14
1829 , 58.76 , 20.00 , 10.00 , 14
1830 , 59.04 , 20.00 , 10.00 , 14
1831 , 59.04 , 20.00 , 10.00 , 14
1832 , 59.59 , 20.00 , 10.00 , 14
1833 , 59.87 , 20.00 , 10.00 , 14
1834 , 59.87 , 20.00 , 10.00 , 15
1835 , 59.59 , 20.00 , 10.00 , 15
1836 , 61.54 , 20.00 , 10.00 , 15
1837 , 62.09 , 20.00 , 10.00 , 15
1838 , 62.93 , 20.00 , 10.00 , 15
1839 , 63.48 , 20.00 , 10.00 , 15
1840 , 64.31 , 20.00 , 10.00 , 15
1841 , 65.42 , 20.00 , 10.00 , 15
1842 , 66.26 , 20.00 , 10.00 , 15
1843 , 66.81 , 20.00 , 10.00 , 15
1844 , 68.48 , 20.00 , 10.00 , 15
1845 , 68.75 , 20.00 , 10.00 , 15
1846 , 69.87 , 20.00 , 10.00 , 15
1847 , 70.70 , 20.00 , 10.00 , 15
1848 , 70.98 , 20.00 , 10.00 , 15
1849 , 71.81 , 20.00 , 10.00 , 15
1850 , 72.64 , 20.00 , 10.00 , 15
1851 , 73.20 , 20.00 , 10.00 , 15
1852 , 74.58 , 20.00 , 10.00 , 15
1853 , 75.14 , 20.00 , 10.00 , 15
1854 , 75.69 , 20.00 , 10.00 , 15
1855 , 76.53 , 20.00 , 10.00 , 15
1856 , 76.53 , 20.00 , 10.00 , 15
1857 , 77.64 , 20.00 , 10.00 , 15
1858 , 78.19 , 20.00 , 10.00 , 15
1859 , 78.47 , 20.00 , 10.00 , 15
1860 , 79.30 , 20.00 , 10.00 , 15
1861 , 80.14 , 20.00 , 10.00 , 15
1862 , 80.69 , 20.00 , 10.00 , 15
1863 , 80.69 , 20.00 , 10.00 , 15
1864 , 82.08 , 20.00 , 10.00 , 15
1866 , 82.91 , 20.00 , 10.00 , 15
1867 , 83.19 , 20.00 , 10.00 , 15
1868 , 83.74 , 20.00 , 10.00 , 15
1869 , 83.74 , 20.00 , 10.00 , 15
1870 , 84.58 , 20.00 , 10.00 , 15
1871 , 85.13 , 20.00 , 10.00 , 15
1872 , 85.96 , 20.00 , 10.00 , 15
1873 , 85.69 , 20.00 , 10.00 , 15
1874 , 86.80 , 20.00 , 10.00 , 15
1875 , 86.52 , 20.00 , 10.00 , 15
1876 , 87.08 , 20.00 , 10.00 , 15
1877 , 87.91 , 20.00 , 10.00 , 15
1878 , 88.74 , 20.00 , 10.00 , 15
1879 , 89.02 , 20.00 , 10.00 , 15
1880 , 89.57 , 20.00 , 10.00 , 15
1881 , 89.85 , 20.00 , 10.00 , 15
1882 , 89.85 , 20.00 , 10.00 , 15
1883 , 90.68 , 20.00 , 10.00 , 15
1884 , 90.41 , 20.00 , 10.00 , 15
1885 , 91.24 , 20.00 , 10.00 , 15
1886 , 91.52 , 20.00 , 10.00 , 15
1887 , 91.79 , 20.00 , 10.00 , 15
1888 , 91.52 , 20.00 , 10.00 , 15
1889 , 92.07 , 20.00 , 10.00 , 15
1890 , 92.63 , 20.00 , 10.00 , 15
1891 , 92.07 , 20.00 , 10.00 , 15
1892 , 92.63 , 20.00 , 10.00 , 15
1893 , 92.90 , 20.00 , 10.00 , 15
1894 , 93.18 , 20.00 , 10.00 , 15
1895 , 93.18 , 20.00 , 10.00 , 15
1896 , 93.74 , 20.00 , 10.00 , 15
1897 , 94.29 , 20.00 , 10.00 , 15
1898 , 94.85 , 20.00 , 10.00 , 15
1899 , 95.40 , 20.00 , 10.00 , 15
1900 , 94.57 , 17.95 , 10.00 , 15
1901 , 94.57 , 20.00 , 10.00 , 15
1902 , 95.40 , 20.00 , 10.00 , 15
1903 , 95.40 , 17.95 , 10.00 , 15
1904 , 94.85 , 17.91 , 10.00 , 15
1905 , 94.57 , 17.91 , 10.00 , 15
1906 , 94.01 , 17.91 , 10.00 , 15
1907 , 93.18 , 17.91 , 10.00 , 15
1908 , 91.79 , 17.91 , 10.00 , 15
1909 , 90.41 , 17.91 , 10.00 , 15
1910 , 88.74 , 17.91 , 10.00 , 15
1911 , 86.52 , 17.91 , 10.00 , 15
1912 , 84.02 , 17.91 , 10.00 , 15
1913 , 82.63 , 17.91 , 10.00 , 15
1914 , 79.58 , 17.91 , 10.00 , 15
1915 , 77.36 , 17.91 , 10.00 , 15
1916 , 75.69 , 17.91 , 10.00 , 15
1917 , 73.47 , 17.91 , 10.00 , 15
1918 , 71.53 , 17.91 , 10.00 , 15
1919 , 69.87 , 17.91 , 10.00 , 15
1920 , 67.92 , 17.91 , 10.00 , 15
1921 , 66.53 , 17.91 , 10.00 , 15
1922 , 64.59 , 17.91 , 10.00 , 15
1923 , 63.20 , 17.91 , 10.00 , 15
1924 , 61.54 , 17.91 , 10.00 , 15
1925 , 59.59 , 17.91 , 2.31 , 15
1926 , 58.48 , 17.91 , 10.00 , 15
1927 , 57.65 , 17.91 , 10.00 , 15
1928 , 56.54 , 17.91 , 10.00 , 15
1929 , 55.71 , 17.91 , 10.00 , 15
1930 , 56.26 , 17.91 , 10.00 , 15
1931 , 56.26 , 17.91 , 10.00 , 15
1932 , 56.26 , 17.91 , 10.00 , 15
1933 , 56.26 , 17.91 , 10.00 , 15
1934 , 55.99 , 17.91 , 10.00 , 15
1935 , 56.54 , 17.91 , 10.00 , 15
1936 , 56.26 , 17.91 , 10.00 , 15
1937 , 56.54 , 17.91 , 10.00 , 15
1938 , 56.26 , 17.91 , 10.00 , 15
1939 , 56.26 , 17.91 , 10.00 , 15
1940 , 56.82 , 17.91 , 10.00 , 15
1941 , 56.82 , 17.91 , 10.00 , 15
1942 , 56.82 , 17.91 , 10.00 , 15
1943 , 56.54 , 17.91 , 10.00 , 15
1944 , 56.82 , 17.91 , 10.00 , 15
1945 , 56.54 , 17.91 , 10.00 , 15
1946 , 57.65 , 17.91 , 10.00 , 15
1947 , 57.10 , 17.91 , 10.00 , 15
1948 , 57.10 , 17.91 , 10.00 , 15
1949 , 57.65 , 17.91 , 10.00 , 15
1950 , 57.37 , 17.91 , 10.00 , 15
1951 , 57.37 , 17.91 , 10.00 , 15
1952 , 56.82 , 17.91 , 10.00 , 15
1953 , 57.10 , 17.91 , 10.00 , 15
1954 , 57.37 , 17.91 , 10.00 , 15
1955 , 57.10 , 17.91 , 10.00 , 15
