0 , 30.73 , 30.00 , 0.00 , 0
1 , 30.17 , 30.00 , 0.00 , 0
2 , 32.11 , 30.00 , 0.00 , 0
3 , 33.50 , 30.00 , 0.00 , 0
4 , 35.72 , 30.00 , 0.00 , 0
5 , 37.67 , 30.00 , 0.00 , 0
6 , 39.33 , 30.00 , 0.00 , 0
7 , 40.72 , 30.00 , 0.00 , 0
8 , 43.22 , 30.00 , 0.00 , 0
9 , 44.88 , 30.00 , 0.00 , 0
10 , 46.27 , 30.00 , 0.00 , 0
11 , 47.66 , 30.00 , 0.00 , 0
12 , 49.05 , 30.00 , 0.00 , 0
13 , 49.88 , 30.00 , 0.00 , 0
14 , 52.10 , 30.00 , 0.00 , 0
15 , 53.21 , 30.00 , 0.00 , 0
16 , 55.15 , 30.00 , 0.00 , 0
17 , 56.54 , 30.00 , 0.00 , 0
18 , 57.37 , 30.00 , 0.00 , 0
19 , 58.76 , 30.00 , 0.00 , 0
20 , 60.43 , 30.00 , 0.00 , 0
21 , 61.82 , 30.00 , 0.00 , 0
22 , 63.20 , 30.00 , 0.00 , 0
23 , 64.31 , 30.00 , 0.00 , 0
24 , 65.42 , 30.00 , 0.00 , 0
25 , 66.53 , 30.00 , 0.00 , 0
26 , 67.37 , 30.00 , 0.00 , 0
27 , 68.75 , 30.00 , 0.00 , 0
28 , 70.14 , 30.00 , 0.00 , 0
29 , 71.25 , 30.00 , 0.00 , 0
30 , 72.36 , 30.00 , 0.00 , 0
31 , 73.47 , 30.00 , 0.00 , 0
32 , 74.03 , 30.00 , 0.00 , 0
33 , 75.14 , 30.00 , 0.00 , 0
34 , 75.69 , 30.00 , 0.00 , 0
35 , 77.08 , 30.00 , 0.00 , 0
36 , 77.36 , 30.00 , 0.00 , 0
37 , 78.47 , 30.00 , 0.00 , 0
38 , 79.58 , 30.00 , 0.00 , 0
39 , 80.14 , 30.00 , 0.00 , 0
40 , 80.97 , 30.00 , 0.00 , 0
41 , 81.25 , 30.00 , 0.00 , 0
42 , 82.36 , 30.00 , 0.00 , 0
43 , 83.19 , 30.00 , 0.00 , 0
44 , 83.19 , 30.00 , 0.00 , 0
45 , 84.58 , 30.00 , 0.00 , 0
46 , 84.85 , 30.00 , 0.00 , 0
47 , 85.41 , 30.00 , 0.00 , 0
48 , 85.96 , 30.00 , 0.00 , 0
49 , 86.80 , 30.00 , 0.00 , 0
50 , 87.35 , 30.00 , 0.00 , 0
51 , 88.46 , 30.00 , 0.00 , 0
52 , 88.74 , 30.00 , 0.00 , 0
53 , 89.57 , 30.00 , 0.00 , 0
54 , 90.13 , 30.00 , 0.00 , 0
55 , 91.24 , 30.00 , 0.00 , 0
56 , 91.52 , 30.00 , 0.00 , 0
57 , 92.35 , 30.00 , 0.00 , 0
58 , 92.63 , 30.00 , 0.00 , 0
59 , 92.63 , 30.00 , 0.00 , 0
60 , 93.74 , 30.00 , 0.00 , 0
61 , 94.01 , 30.00 , 0.00 , 0
62 , 94.29 , 30.00 , 0.00 , 0
63 , 95.12 , 30.00 , 0.00 , 0
64 , 95.68 , 29.36 , 0.00 , 0
65 , 95.68 , 26.52 , 0.00 , 1
66 , 96.51 , 26.45 , 0.00 , 1
67 , 96.51 , 22.14 , 0.00 , 1
68 , 96.51 , 21.99 , 0.00 , 1
69 , 96.24 , 21.83 , 0.00 , 1
70 , 95.96 , 23.10 , 0.00 , 1
71 , 95.40 , 24.39 , 0.00 , 1
72 , 95.68 , 27.13 , 0.00 , 1
73 , 95.68 , 25.67 , 0.00 , 1
74 , 96.51 , 25.60 , 0.00 , 1
75 , 96.51 , 21.29 , 0.00 , 1
76 , 95.68 , 21.14 , 0.00 , 1
77 , 95.12 , 25.23 , 0.00 , 1
78 , 95.40 , 27.99 , 0.00 , 1
79 , 95.96 , 26.57 , 0.00 , 1
80 , 95.40 , 26.57 , 0.00 , 1
81 , 94.29 , 26.57 , 0.00 , 1
82 , 93.18 , 26.57 , 0.00 , 1
83 , 92.63 , 26.57 , 0.00 , 1
84 , 90.68 , 26.57 , 0.00 , 1
85 , 89.30 , 26.57 , 0.00 , 1
86 , 88.74 , 26.57 , 0.00 , 1
87 , 87.08 , 26.57 , 0.00 , 1
88 , 86.24 , 26.57 , 0.00 , 1
89 , 85.69 , 26.57 , 0.00 , 1
90 , 84.58 , 26.57 , 0.00 , 1
91 , 83.47 , 26.57 , 0.00 , 1
92 , 82.63 , 26.57 , 0.00 , 1
93 , 81.25 , 26.57 , 0.00 , 1
94 , 80.69 , 26.57 , 0.00 , 1
95 , 79.30 , 26.57 , 0.00 , 1
96 , 78.47 , 26.57 , 0.00 , 1
97 , 77.08 , 26.57 , 0.00 , 1
98 , 76.80 , 26.57 , 0.00 , 1
99 , 75.97 , 26.57 , 0.00 , 1
100 , 74.03 , 26.57 , 0.00 , 1
101 , 73.47 , 26.57 , 0.00 , 1
102 , 73.75 , 26.57 , 0.00 , 1
103 , 72.92 , 26.57 , 0.00 , 1
104 , 71.81 , 26.57 , 0.00 , 1
105 , 70.70 , 26.57 , 0.00 , 1
106 , 69.31 , 26.57 , 0.00 , 1
107 , 69.31 , 26.57 , 0.00 , 1
108 , 69.03 , 26.57 , 0.00 , 1
109 , 68.48 , 26.57 , 0.00 , 1
110 , 67.37 , 26.57 , 0.00 , 1
111 , 67.09 , 26.57 , 0.00 , 1
112 , 65.70 , 26.57 , 0.00 , 1
113 , 65.98 , 26.57 , 0.00 , 1
114 , 64.87 , 26.57 , 0.00 , 1
115 , 64.59 , 26.57 , 0.00 , 1
116 , 63.76 , 26.57 , 0.00 , 1
117 , 63.76 , 26.57 , 0.00 , 1
118 , 62.65 , 26.57 , 0.00 , 1
119 , 61.82 , 26.57 , 0.00 , 1
120 , 62.09 , 26.57 , 5.92 , 1
121 , 61.26 , 26.57 , 4.33 , 1
122 , 60.43 , 26.57 , 8.36 , 1
123 , 59.87 , 26.57 , 12.48 , 1
124 , 60.98 , 26.57 , 15.00 , 1
125 , 60.98 , 26.57 , 9.62 , 1
126 , 60.43 , 26.57 , 9.53 , 1
127 , 60.98 , 26.57 , 12.26 , 1
128 , 60.98 , 26.57 , 9.38 , 1
129 , 60.98 , 26.57 , 9.29 , 1
130 , 60.43 , 26.57 , 9.19 , 1
131 , 60.43 , 26.57 , 11.92 , 1
132 , 61.26 , 26.57 , 11.88 , 1
133 , 60.98 , 26.57 , 7.59 , 1
134 , 60.70 , 26.57 , 8.88 , 1
135 , 60.43 , 26.57 , 10.20 , 1
136 , 60.70 , 26.57 , 11.54 , 1
137 , 60.98 , 26.57 , 10.08 , 1
138 , 60.98 , 26.57 , 8.60 , 1
139 , 60.98 , 26.57 , 8.50 , 1
140 , 59.87 , 26.57 , 8.40 , 1
141 , 60.70 , 26.57 , 13.96 , 1
142 , 60.70 , 26.57 , 9.73 , 1
143 , 60.98 , 26.57 , 9.66 , 1
144 , 60.98 , 26.57 , 8.17 , 1
145 , 60.43 , 26.57 , 8.07 , 1
146 , 60.43 , 26.57 , 10.81 , 1
147 , 60.43 , 26.57 , 10.77 , 1
148 , 60.98 , 26.57 , 10.72 , 1
149 , 60.15 , 26.57 , 7.85 , 1
150 , 60.70 , 26.57 , 7.85 , 1
151 , 60.43 , 30.00 , 7.85 , 2
152 , 61.54 , 30.00 , 7.85 , 2
153 , 62.09 , 30.00 , 7.85 , 2
154 , 62.93 , 30.00 , 7.85 , 2
155 , 64.04 , 30.00 , 7.85 , 2
156 , 65.42 , 30.00 , 7.85 , 2
157 , 66.81 , 30.00 , 7.85 , 2
158 , 67.64 , 30.00 , 7.85 , 2
159 , 68.75 , 30.00 , 7.85 , 2
160 , 70.14 , 30.00 , 7.85 , 2
161 , 70.98 , 30.00 , 7.85 , 2
162 , 72.64 , 30.00 , 7.85 , 2
163 , 73.47 , 30.00 , 7.85 , 2
164 , 74.86 , 30.00 , 7.85 , 2
165 , 75.69 , 30.00 , 7.85 , 2
166 , 77.36 , 30.00 , 7.85 , 2
167 , 77.91 , 30.00 , 7.85 , 2
168 , 79.30 , 30.00 , 7.85 , 2
169 , 80.41 , 30.00 , 7.85 , 2
170 , 81.25 , 30.00 , 7.85 , 2
171 , 82.08 , 30.00 , 7.85 , 2
172 , 83.47 , 30.00 , 7.85 , 2
173 , 84.30 , 30.00 , 7.85 , 2
174 , 85.13 , 30.00 , 7.85 , 2
175 , 84.85 , 30.00 , 7.85 , 2
176 , 86.52 , 30.00 , 7.85 , 2
177 , 87.35 , 30.00 , 7.85 , 2
178 , 87.91 , 30.00 , 7.85 , 2
179 , 89.02 , 30.00 , 7.85 , 2
180 , 89.57 , 30.00 , 7.85 , 2
181 , 90.41 , 30.00 , 7.85 , 2
182 , 90.68 , 30.00 , 7.85 , 2
183 , 92.07 , 30.00 , 7.85 , 2
184 , 92.07 , 30.00 , 7.85 , 2
185 , 93.18 , 30.00 , 7.85 , 2
186 , 93.18 , 30.00 , 7.85 , 2
187 , 93.74 , 30.00 , 7.85 , 2
188 , 94.85 , 30.00 , 7.85 , 2
189 , 94.85 , 30.00 , 7.85 , 2
190 , 96.24 , 30.00 , 7.85 , 2
191 , 96.51 , 23.70 , 7.85 , 2
192 , 96.24 , 22.16 , 7.85 , 2
193 , 95.96 , 23.43 , 7.85 , 2
194 , 95.96 , 24.72 , 7.85 , 2
195 , 96.51 , 24.62 , 7.85 , 2
196 , 96.79 , 21.70 , 7.85 , 2
197 , 96.24 , 20.13 , 7.85 , 2
198 , 95.12 , 22.78 , 7.85 , 2
199 , 95.12 , 28.32 , 7.85 , 2
200 , 95.40 , 28.31 , 7.85 , 2
201 , 95.96 , 26.88 , 7.85 , 2
202 , 96.24 , 24.01 , 7.85 , 2
203 , 95.96 , 22.50 , 7.85 , 2
204 , 95.68 , 23.79 , 7.85 , 2
205 , 95.12 , 25.11 , 7.85 , 2
206 , 95.12 , 25.11 , 7.85 , 2
207 , 94.29 , 25.11 , 7.85 , 2
208 , 93.46 , 25.11 , 7.85 , 2
209 , 92.07 , 25.11 , 7.85 , 2
210 , 90.68 , 25.11 , 7.85 , 2
211 , 90.41 , 25.11 , 7.85 , 2
212 , 89.30 , 25.11 , 7.85 , 2
213 , 87.91 , 25.11 , 7.85 , 2
214 , 87.08 , 25.11 , 7.85 , 2
215 , 86.24 , 25.11 , 7.85 , 2
216 , 85.13 , 25.11 , 7.85 , 2
217 , 84.02 , 25.11 , 7.85 , 2
218 , 82.36 , 25.11 , 7.85 , 2
219 , 82.08 , 25.11 , 7.85 , 2
220 , 80.69 , 25.11 , 7.85 , 2
221 , 79.58 , 25.11 , 7.85 , 2
222 , 79.03 , 25.11 , 7.85 , 2
223 , 77.64 , 25.11 , 7.85 , 2
224 , 76.80 , 25.11 , 7.85 , 2
225 , 76.25 , 25.11 , 7.85 , 2
226 , 75.69 , 25.11 , 7.85 , 2
227 , 74.58 , 25.11 , 7.85 , 2
228 , 74.31 , 25.11 , 7.85 , 2
229 , 73.20 , 25.11 , 7.85 , 2
230 , 72.64 , 25.11 , 7.85 , 2
231 , 70.98 , 25.11 , 7.85 , 2
232 , 70.70 , 25.11 , 7.85 , 2
233 , 69.87 , 25.11 , 7.85 , 2
234 , 69.59 , 25.11 , 7.85 , 2
235 , 69.03 , 25.11 , 7.85 , 2
236 , 67.92 , 25.11 , 7.85 , 2
237 , 67.64 , 25.11 , 7.85 , 2
238 , 67.09 , 25.11 , 7.85 , 2
239 , 65.70 , 25.11 , 7.85 , 2
240 , 65.98 , 25.11 , 7.85 , 2
241 , 65.42 , 25.11 , 7.85 , 2
242 , 64.87 , 25.11 , 7.85 , 2
243 , 64.31 , 25.11 , 7.85 , 2
244 , 63.76 , 25.11 , 7.85 , 2
245 , 63.48 , 25.11 , 7.85 , 2
246 , 62.65 , 25.11 , 7.85 , 2
247 , 62.09 , 25.11 , 7.85 , 2
248 , 61.54 , 25.11 , 7.85 , 2
249 , 60.98 , 25.11 , 7.31 , 2
250 , 60.70 , 25.11 , 9.99 , 2
251 , 60.70 , 25.11 , 11.31 , 2
252 , 60.43 , 25.11 , 11.24 , 2
253 , 60.98 , 25.11 , 12.58 , 2
254 , 60.98 , 25.11 , 9.71 , 2
255 , 61.26 , 25.11 , 9.61 , 2
256 , 60.43 , 25.11 , 8.09 , 2
257 , 60.98 , 25.11 , 12.22 , 2
258 , 61.26 , 25.11 , 9.34 , 2
259 , 60.43 , 25.11 , 7.83 , 2
260 , 60.98 , 25.11 , 11.95 , 2
261 , 61.26 , 25.11 , 9.07 , 2
262 , 60.70 , 25.11 , 7.56 , 2
263 , 60.15 , 25.11 , 10.27 , 2
264 , 60.98 , 25.11 , 13.03 , 2
265 , 60.70 , 25.11 , 8.76 , 2
266 , 61.26 , 25.11 , 10.08 , 2
267 , 61.26 , 25.11 , 7.18 , 2
268 , 60.98 , 25.11 , 7.05 , 2
269 , 60.43 , 25.11 , 8.34 , 2
270 , 60.98 , 25.11 , 11.08 , 2
271 , 60.70 , 25.11 , 8.20 , 2
272 , 59.87 , 25.11 , 9.52 , 2
273 , 60.15 , 25.11 , 13.70 , 2
274 , 59.59 , 25.11 , 12.29 , 2
275 , 60.15 , 25.11 , 15.00 , 2
276 , 60.15 , 25.11 , 12.32 , 2
277 , 60.15 , 25.11 , 12.30 , 2
278 , 59.87 , 25.11 , 12.29 , 2
279 , 60.43 , 25.11 , 12.29 , 2
280 , 60.70 , 30.00 , 12.29 , 3
281 , 61.54 , 30.00 , 12.29 , 3
282 , 61.26 , 30.00 , 12.29 , 3
283 , 62.65 , 30.00 , 12.29 , 3
284 , 64.31 , 30.00 , 12.29 , 3
285 , 65.15 , 30.00 , 12.29 , 3
286 , 66.26 , 30.00 , 12.29 , 3
287 , 66.81 , 30.00 , 12.29 , 3
288 , 68.75 , 30.00 , 12.29 , 3
289 , 69.87 , 30.00 , 12.29 , 3
290 , 70.70 , 30.00 , 12.29 , 3
291 , 72.09 , 30.00 , 12.29 , 3
292 , 72.92 , 30.00 , 12.29 , 3
293 , 74.03 , 30.00 , 12.29 , 3
294 , 74.86 , 30.00 , 12.29 , 3
295 , 75.97 , 30.00 , 12.29 , 3
296 , 76.53 , 30.00 , 12.29 , 3
297 , 77.91 , 30.00 , 12.29 , 3
298 , 79.03 , 30.00 , 12.29 , 3
299 , 79.58 , 30.00 , 12.29 , 3
300 , 80.69 , 30.00 , 12.29 , 3
301 , 80.69 , 30.00 , 12.29 , 3
302 , 81.52 , 30.00 , 12.29 , 3
303 , 82.91 , 30.00 , 12.29 , 3
304 , 82.91 , 30.00 , 12.29 , 3
305 , 83.74 , 30.00 , 12.29 , 3
306 , 84.58 , 30.00 , 12.29 , 3
307 , 85.69 , 30.00 , 12.29 , 3
308 , 86.52 , 30.00 , 12.29 , 3
309 , 87.08 , 30.00 , 12.29 , 3
310 , 87.63 , 30.00 , 12.29 , 3
311 , 87.91 , 30.00 , 12.29 , 3
312 , 88.46 , 30.00 , 12.29 , 3
313 , 89.30 , 30.00 , 12.29 , 3
314 , 89.57 , 30.00 , 12.29 , 3
315 , 90.41 , 30.00 , 12.29 , 3
316 , 90.68 , 30.00 , 12.29 , 3
317 , 91.52 , 30.00 , 12.29 , 3
318 , 91.52 , 30.00 , 12.29 , 3
319 , 92.35 , 30.00 , 12.29 , 3
320 , 92.63 , 30.00 , 12.29 , 3
321 , 92.90 , 30.00 , 12.29 , 3
322 , 93.74 , 30.00 , 12.29 , 3
323 , 93.46 , 30.00 , 12.29 , 3
324 , 94.29 , 30.00 , 12.29 , 3
325 , 94.29 , 30.00 , 12.29 , 3
326 , 94.57 , 30.00 , 12.29 , 3
327 , 95.40 , 30.00 , 12.29 , 3
328 , 95.68 , 27.95 , 12.29 , 3
329 , 95.40 , 26.49 , 12.29 , 3
330 , 95.68 , 27.84 , 12.29 , 3
331 , 95.12 , 26.38 , 12.29 , 3
332 , 95.68 , 29.15 , 12.29 , 3
333 , 95.68 , 26.30 , 12.29 , 3
334 , 95.12 , 26.24 , 12.29 , 3
335 , 95.12 , 29.00 , 12.29 , 3
336 , 95.40 , 28.99 , 12.29 , 3
337 , 95.68 , 27.56 , 12.29 , 3
338 , 95.96 , 26.10 , 12.29 , 3
339 , 95.68 , 24.62 , 12.29 , 3
340 , 95.40 , 25.94 , 12.29 , 3
341 , 95.68 , 27.29 , 12.29 , 3
342 , 95.96 , 25.83 , 12.29 , 3
343 , 95.12 , 25.83 , 12.29 , 3
344 , 94.01 , 25.83 , 12.29 , 3
345 , 93.18 , 25.83 , 12.29 , 3
346 , 91.79 , 25.83 , 12.29 , 3
347 , 90.68 , 25.83 , 12.29 , 3
348 , 89.57 , 25.83 , 12.29 , 3
349 , 89.02 , 25.83 , 12.29 , 3
350 , 87.08 , 25.83 , 12.29 , 3
351 , 86.52 , 25.83 , 12.29 , 3
352 , 85.69 , 25.83 , 12.29 , 3
353 , 85.13 , 25.83 , 12.29 , 3
354 , 82.91 , 25.83 , 12.29 , 3
355 , 82.91 , 25.83 , 12.29 , 3
356 , 81.25 , 25.83 , 12.29 , 3
357 , 80.97 , 25.83 , 12.29 , 3
358 , 79.86 , 25.83 , 12.29 , 3
359 , 79.03 , 25.83 , 12.29 , 3
360 , 77.36 , 25.83 , 12.29 , 3
361 , 77.64 , 25.83 , 12.29 , 3
362 , 76.53 , 25.83 , 12.29 , 3
363 , 75.14 , 25.83 , 12.29 , 3
364 , 75.14 , 25.83 , 12.29 , 3
365 , 73.75 , 25.83 , 12.29 , 3
366 , 73.47 , 25.83 , 12.29 , 3
367 , 72.92 , 25.83 , 12.29 , 3
368 , 72.36 , 25.83 , 12.29 , 3
369 , 71.81 , 25.83 , 12.29 , 3
370 , 70.98 , 25.83 , 12.29 , 3
371 , 70.14 , 25.83 , 12.29 , 3
372 , 69.03 , 25.83 , 12.29 , 3
373 , 69.03 , 25.83 , 12.29 , 3
374 , 67.92 , 25.83 , 12.29 , 3
375 , 67.09 , 25.83 , 12.29 , 3
376 , 66.81 , 25.83 , 12.29 , 3
377 , 66.26 , 25.83 , 12.29 , 3
378 , 65.42 , 25.83 , 12.29 , 3
379 , 65.15 , 25.83 , 12.29 , 3
380 , 64.31 , 25.83 , 12.29 , 3
381 , 64.04 , 25.83 , 12.29 , 3
382 , 63.48 , 25.83 , 12.29 , 3
383 , 63.20 , 25.83 , 12.29 , 3
384 , 62.09 , 25.83 , 12.29 , 3
385 , 61.82 , 25.83 , 12.29 , 3
386 , 60.70 , 25.83 , 5.92 , 3
387 , 61.26 , 25.83 , 11.40 , 3
388 , 60.98 , 25.83 , 8.50 , 3
389 , 60.43 , 25.83 , 9.79 , 3
390 , 60.70 , 25.83 , 12.53 , 3
391 , 60.70 , 25.83 , 11.07 , 3
392 , 60.70 , 25.83 , 11.00 , 3
393 , 60.43 , 25.83 , 10.93 , 3
394 , 60.70 , 25.83 , 12.27 , 3
395 , 60.70 , 25.83 , 10.81 , 3
396 , 60.70 , 25.83 , 10.74 , 3
397 , 60.70 , 25.83 , 10.67 , 3
398 , 60.70 , 25.83 , 10.60 , 3
399 , 60.43 , 25.83 , 10.53 , 3
400 , 60.15 , 25.83 , 11.88 , 3
401 , 60.43 , 25.83 , 13.25 , 3
402 , 60.43 , 25.83 , 11.82 , 3
403 , 60.98 , 25.83 , 11.78 , 3
404 , 60.70 , 25.83 , 8.90 , 3
405 , 60.43 , 25.83 , 10.22 , 3
406 , 60.98 , 25.83 , 11.56 , 3
407 , 60.15 , 25.83 , 8.69 , 3
408 , 60.15 , 25.83 , 12.84 , 3
409 , 60.15 , 25.83 , 12.82 , 3
410 , 60.43 , 25.83 , 12.81 , 3
411 , 60.70 , 25.83 , 11.38 , 3
412 , 60.43 , 25.83 , 9.92 , 3
413 , 60.43 , 25.83 , 11.26 , 3
414 , 60.43 , 25.83 , 11.22 , 3
415 , 60.15 , 25.83 , 11.18 , 3
416 , 60.15 , 25.83 , 11.18 , 3
417 , 59.59 , 30.00 , 11.18 , 4
418 , 61.26 , 30.00 , 11.18 , 4
419 , 62.09 , 30.00 , 11.18 , 4
420 , 62.65 , 30.00 , 11.18 , 4
421 , 63.76 , 30.00 , 11.18 , 4
422 , 64.59 , 30.00 , 11.18 , 4
423 , 65.15 , 30.00 , 11.18 , 4
424 , 66.81 , 30.00 , 11.18 , 4
425 , 67.37 , 30.00 , 11.18 , 4
426 , 69.03 , 30.00 , 11.18 , 4
427 , 69.87 , 30.00 , 11.18 , 4
428 , 70.70 , 30.00 , 11.18 , 4
429 , 71.25 , 30.00 , 11.18 , 4
430 , 72.92 , 30.00 , 11.18 , 4
431 , 74.03 , 30.00 , 11.18 , 4
432 , 75.14 , 30.00 , 11.18 , 4
433 , 75.97 , 30.00 , 11.18 , 4
434 , 77.08 , 30.00 , 11.18 , 4
435 , 77.36 , 30.00 , 11.18 , 4
436 , 78.47 , 30.00 , 11.18 , 4
437 , 79.30 , 30.00 , 11.18 , 4
438 , 80.14 , 30.00 , 11.18 , 4
439 , 81.25 , 30.00 , 11.18 , 4
440 , 81.80 , 30.00 , 11.18 , 4
441 , 82.08 , 30.00 , 11.18 , 4
442 , 83.19 , 30.00 , 11.18 , 4
443 , 83.74 , 30.00 , 11.18 , 4
444 , 84.58 , 30.00 , 11.18 , 4
445 , 84.58 , 30.00 , 11.18 , 4
446 , 85.69 , 30.00 , 11.18 , 4
447 , 86.24 , 30.00 , 11.18 , 4
448 , 86.80 , 30.00 , 11.18 , 4
449 , 87.35 , 30.00 , 11.18 , 4
450 , 87.91 , 30.00 , 11.18 , 4
451 , 88.19 , 30.00 , 11.18 , 4
452 , 89.02 , 30.00 , 11.18 , 4
453 , 89.02 , 30.00 , 11.18 , 4
454 , 89.57 , 30.00 , 11.18 , 4
455 , 90.41 , 30.00 , 11.18 , 4
456 , 90.41 , 30.00 , 11.18 , 4
457 , 91.52 , 30.00 , 11.18 , 4
458 , 91.52 , 30.00 , 11.18 , 4
459 , 91.79 , 30.00 , 11.18 , 4
460 , 92.63 , 30.00 , 11.18 , 4
461 , 92.90 , 30.00 , 11.18 , 4
462 , 93.18 , 30.00 , 11.18 , 4
463 , 93.18 , 30.00 , 11.18 , 4
464 , 94.01 , 30.00 , 11.18 , 4
465 , 93.46 , 30.00 , 11.18 , 4
466 , 93.74 , 30.00 , 11.18 , 4
467 , 94.57 , 30.00 , 11.18 , 4
468 , 95.40 , 30.00 , 11.18 , 4
469 , 95.12 , 27.95 , 11.18 , 4
470 , 95.40 , 29.32 , 11.18 , 4
471 , 95.12 , 27.89 , 11.18 , 4
472 , 95.12 , 29.27 , 11.18 , 4
473 , 95.40 , 29.26 , 11.18 , 4
474 , 95.68 , 27.83 , 11.18 , 4
475 , 95.96 , 26.37 , 11.18 , 4
476 , 94.29 , 24.89 , 11.18 , 4
478 , 95.12 , 30.00 , 11.18 , 4
479 , 95.40 , 29.11 , 11.18 , 4
480 , 95.40 , 27.68 , 11.18 , 4
481 , 95.68 , 27.64 , 11.18 , 4
482 , 95.12 , 26.19 , 11.18 , 4
483 , 95.40 , 28.95 , 11.18 , 4
484 , 95.40 , 28.95 , 11.18 , 4
485 , 93.18 , 28.95 , 11.18 , 4
486 , 92.90 , 28.95 , 11.18 , 4
487 , 91.79 , 28.95 , 11.18 , 4
488 , 90.68 , 28.95 , 11.18 , 4
489 , 89.57 , 28.95 , 11.18 , 4
490 , 88.19 , 28.95 , 11.18 , 4
491 , 87.35 , 28.95 , 11.18 , 4
492 , 86.52 , 28.95 , 11.18 , 4
493 , 85.41 , 28.95 , 11.18 , 4
494 , 84.58 , 28.95 , 11.18 , 4
495 , 83.47 , 28.95 , 11.18 , 4
496 , 82.36 , 28.95 , 11.18 , 4
497 , 81.52 , 28.95 , 11.18 , 4
498 , 80.14 , 28.95 , 11.18 , 4
499 , 79.30 , 28.95 , 11.18 , 4
500 , 78.47 , 28.95 , 11.18 , 4
501 , 77.64 , 28.95 , 11.18 , 4
502 , 76.80 , 28.95 , 11.18 , 4
503 , 75.97 , 28.95 , 11.18 , 4
504 , 75.14 , 28.95 , 11.18 , 4
505 , 74.03 , 28.95 , 11.18 , 4
506 , 73.75 , 28.95 , 11.18 , 4
507 , 72.64 , 28.95 , 11.18 , 4
508 , 71.53 , 28.95 , 11.18 , 4
509 , 71.25 , 28.95 , 11.18 , 4
510 , 70.14 , 28.95 , 11.18 , 4
511 , 69.87 , 28.95 , 11.18 , 4
512 , 69.59 , 28.95 , 11.18 , 4
513 , 68.48 , 28.95 , 11.18 , 4
514 , 67.64 , 28.95 , 11.18 , 4
515 , 67.37 , 28.95 , 11.18 , 4
516 , 66.81 , 28.95 , 11.18 , 4
517 , 65.42 , 28.95 , 11.18 , 4
518 , 65.70 , 28.95 , 11.18 , 4
519 , 64.59 , 28.95 , 11.18 , 4
520 , 64.87 , 28.95 , 11.18 , 4
521 , 64.31 , 28.95 , 11.18 , 4
522 , 62.93 , 28.95 , 11.18 , 4
523 , 62.93 , 28.95 , 11.18 , 4
524 , 62.09 , 28.95 , 11.18 , 4
525 , 62.09 , 28.95 , 11.18 , 4
526 , 61.54 , 28.95 , 11.18 , 4
527 , 61.54 , 28.95 , 7.31 , 4
528 , 60.70 , 28.95 , 7.16 , 4
529 , 60.43 , 28.95 , 11.25 , 4
530 , 60.15 , 28.95 , 12.60 , 4
531 , 59.87 , 28.95 , 13.97 , 4
532 , 60.15 , 28.95 , 15.00 , 4
533 , 60.43 , 28.95 , 13.97 , 4
534 , 61.26 , 28.95 , 12.54 , 4
535 , 60.98 , 28.95 , 8.25 , 4
536 , 60.70 , 28.95 , 9.54 , 4
537 , 60.70 , 28.95 , 10.85 , 4
538 , 61.26 , 28.95 , 10.78 , 4
539 , 60.15 , 28.95 , 7.88 , 4
540 , 60.70 , 28.95 , 13.42 , 4
541 , 60.15 , 28.95 , 10.57 , 4
542 , 60.70 , 28.95 , 13.33 , 4
543 , 60.70 , 28.95 , 10.49 , 4
544 , 60.70 , 28.95 , 10.42 , 4
545 , 60.70 , 28.95 , 10.34 , 4
546 , 60.15 , 28.95 , 10.27 , 4
547 , 60.43 , 28.95 , 13.04 , 4
548 , 60.98 , 28.95 , 11.60 , 4
549 , 60.70 , 28.95 , 8.73 , 4
550 , 60.70 , 28.95 , 10.05 , 4
551 , 60.15 , 28.95 , 9.98 , 4
552 , 60.43 , 28.95 , 12.74 , 4
553 , 60.43 , 28.95 , 11.31 , 4
554 , 60.43 , 28.95 , 11.26 , 4
555 , 60.15 , 28.95 , 11.22 , 4
556 , 60.43 , 28.95 , 12.59 , 4
557 , 60.70 , 28.95 , 12.59 , 4
558 , 60.98 , 30.00 , 12.59 , 5
