0,26.84,26.01,19
1,27.67,26.01,19
2,27.40,26.56,19
3,27.95,26.56,19
4,28.23,26.29,19
5,27.67,26.56,19
6,27.95,26.84,19
7,28.23,26.84,19
8,28.51,26.56,19
9,28.23,27.12,19
10,28.23,26.56,19
11,27.67,26.84,19
12,28.78,27.12,19
13,28.23,26.29,19
14,27.67,26.84,19
15,27.95,26.29,19
16,28.78,26.29,19
17,28.78,26.84,19
18,27.95,27.12,19
19,28.51,26.84,19
20,28.23,27.12,19
21,28.23,26.56,19
22,28.23,26.84,19
23,28.23,27.12,19
24,27.67,26.29,19
25,28.51,27.12,19
26,28.51,26.56,19
27,28.78,26.29,19
28,28.51,26.84,19
29,28.51,26.84,19
30,27.95,26.84,19
31,28.51,27.12,19
32,28.51,26.84,19
33,28.23,27.12,19
34,28.23,26.56,19
35,28.23,27.12,19
36,28.51,26.29,19
37,28.78,26.84,19
38,28.78,26.84,19
39,28.78,27.12,19
40,28.78,27.12,19
41,27.95,26.84,19
42,27.95,26.56,19
43,28.78,27.12,19
44,28.78,26.84,19
45,28.51,26.29,19
46,28.78,26.84,19
47,28.51,26.84,19
48,28.51,26.84,19
49,28.78,26.84,19
50,28.51,27.12,19
51,28.51,27.12,19
52,28.51,26.84,19
53,28.78,26.84,19
54,28.78,26.84,19
55,28.78,27.12,19
56,27.95,27.12,19
57,28.51,27.12,19
58,29.06,27.12,19
59,29.06,26.56,19
60,28.78,26.84,19
61,28.78,26.84,19
62,29.06,27.40,19
63,28.78,26.56,19
64,29.06,27.12,19
65,28.78,27.40,19
66,28.78,26.84,19
67,28.78,26.56,19
68,28.51,26.84,19
69,28.78,26.84,19
70,29.06,27.40,19
71,29.06,26.84,19
72,28.78,27.12,19
73,28.78,27.40,19
74,28.78,27.12,19
75,29.06,27.12,19
76,28.78,27.12,19
77,29.06,27.12,19
78,28.78,27.12,19
79,29.06,27.12,19
80,28.78,26.84,19
81,28.78,27.12,19
82,29.06,27.12,19
83,28.78,27.12,19
84,28.78,27.12,19
85,28.51,26.84,19
86,28.23,27.40,19
87,29.06,26.84,19
88,29.06,27.12,19
89,28.51,27.12,19
90,29.06,26.56,19
91,28.78,27.40,19
92,28.78,27.12,19
93,28.51,27.40,19
94,29.06,27.40,19
95,29.06,27.12,19
96,28.78,27.12,19
97,28.78,27.40,19
98,29.06,27.12,19
99,28.78,26.84,19
100,28.51,27.40,19
101,29.34,27.12,19
102,29.34,26.84,19
103,28.78,26.84,19
104,29.06,27.12,19
105,29.06,27.40,19
106,29.06,27.12,19
107,29.06,27.40,19
108,28.23,27.12,19
109,29.06,27.12,19
110,28.78,27.40,19
111,28.78,27.12,19
112,28.51,27.67,19
113,29.06,27.40,19
114,29.06,27.67,19
115,28.51,27.12,19
116,29.06,26.84,19
117,29.06,27.67,19
118,29.06,27.40,19
119,28.51,27.12,19
120,29.06,27.12,19
121,29.06,27.40,19
122,29.34,27.40,19
123,28.78,27.12,19
124,29.06,27.12,19
125,29.06,27.12,19
126,29.06,27.40,19
127,29.34,27.12,19
128,29.06,27.12,19
129,29.34,27.95,19
130,29.34,27.67,19
131,28.78,27.12,19
132,29.06,27.12,19
133,29.06,26.84,19
134,29.34,27.67,19
135,29.34,27.67,19
136,28.78,27.12,19
137,29.34,27.67,19
138,29.34,27.95,19
139,29.34,27.67,19
140,29.34,27.95,19
141,29.06,27.67,19
142,29.06,27.12,19
143,29.06,27.40,19
144,28.78,27.67,19
145,29.34,27.95,19
146,29.06,27.67,19
147,28.78,27.67,19
148,29.06,27.67,19
149,29.06,27.40,19
150,29.62,27.12,19
151,28.78,27.95,19
152,29.06,27.12,19
153,29.34,27.40,19
154,29.34,27.40,19
155,28.78,27.40,19
156,29.34,27.95,19
157,29.34,27.40,19
158,29.34,27.67,19
159,29.06,27.12,19
160,29.34,27.67,19
161,29.34,27.67,19
162,29.34,27.67,19
163,29.06,27.95,19
164,29.06,27.40,19
165,29.06,27.95,19
166,29.06,27.95,19
167,29.06,27.40,19
168,29.06,27.40,19
169,29.34,27.12,19
170,29.34,27.40,19
171,29.06,27.67,19
172,29.06,27.67,19
173,29.34,27.67,19
174,29.89,27.95,19
175,29.34,27.95,19
176,29.06,27.67,19
177,29.06,27.95,19
178,29.62,27.67,19
179,29.06,28.23,19
180,29.34,27.95,19
181,29.06,27.95,19
182,29.34,28.23,19
183,29.62,27.95,19
184,29.34,27.95,19
185,29.34,27.95,19
186,29.62,27.40,19
187,29.34,27.95,19
188,29.34,27.95,19
189,29.06,28.23,19
190,29.06,27.67,19
191,29.62,27.67,19
192,29.34,28.23,19
193,29.34,27.67,19
194,29.89,27.40,19
195,29.06,27.95,19
196,28.78,27.95,19
197,29.89,27.40,19
198,29.34,27.67,19
199,29.89,27.12,19
200,29.62,27.95,19
201,29.62,27.95,19
202,29.62,27.12,19
203,29.34,27.12,19
204,29.62,28.23,19
205,29.62,27.95,19
206,29.62,28.23,19
207,29.34,27.67,19
208,29.34,27.95,19
209,29.34,28.23,19
210,29.62,28.23,19
211,29.06,27.67,19
212,29.06,28.23,19
213,29.34,28.23,19
214,29.34,27.40,19
215,29.34,27.95,19
216,29.62,27.67,19
217,29.34,27.95,19
218,29.06,28.23,19
219,29.62,28.51,19
220,30.17,27.95,19
221,29.34,28.23,19
222,29.89,28.23,19
223,29.62,27.95,19
224,29.34,27.95,19
225,29.06,28.23,19
226,29.89,28.23,19
227,29.89,28.23,19
228,29.34,27.67,19
229,29.62,27.12,19
230,29.89,27.12,19
231,29.89,28.23,19
232,29.34,28.23,19
233,29.06,27.67,19
234,28.78,28.23,19
235,29.06,28.23,19
236,29.62,28.23,19
237,29.62,27.67,19
238,29.89,27.95,19
239,29.89,28.23,19
240,29.62,28.23,19
241,30.17,27.67,19
242,29.62,27.67,19
243,29.62,28.23,19
244,29.89,28.23,19
245,29.89,28.23,19
246,29.89,27.95,19
247,29.06,27.95,19
248,29.34,27.40,19
249,29.34,28.23,19
250,29.62,27.40,19
251,29.62,28.23,19
252,29.62,27.67,19
253,29.89,27.67,19
254,30.17,28.23,19
255,29.06,28.23,19
256,29.62,28.23,19
257,29.62,28.23,19
258,29.62,28.23,19
259,29.62,27.40,19
260,29.62,28.23,19
261,30.17,28.23,19
262,29.62,27.67,19
263,29.62,28.23,19
264,30.17,27.95,19
265,29.62,27.95,19
266,29.62,27.95,19
267,29.89,28.51,19
268,29.34,28.23,19
269,29.34,27.95,19
270,29.89,28.23,19
271,29.89,28.23,19
272,29.62,28.23,19
273,29.34,28.51,19
274,29.89,28.51,19
275,29.62,27.95,19
276,29.34,28.51,19
277,29.62,28.23,19
278,29.89,27.95,19
279,29.62,28.23,19
280,30.17,28.23,19
281,29.62,28.51,19
282,29.89,28.51,19
283,30.17,28.51,19
284,29.89,28.23,19
285,29.62,27.95,19
286,29.89,28.23,19
287,29.89,28.23,19
288,29.89,27.95,19
289,29.89,28.51,19
290,30.17,28.23,19
291,29.89,28.51,19
292,29.06,28.51,19
293,29.89,28.51,19
294,29.34,28.51,19
295,29.06,28.51,19
296,30.17,28.78,19
297,29.89,28.23,19
298,29.89,28.23,19
299,30.17,27.95,19
300,29.62,28.78,19
301,30.17,28.51,19
302,29.89,27.95,19
303,29.62,28.23,19
304,29.62,28.51,19
305,29.89,28.51,19
306,29.89,28.51,19
307,30.17,28.51,19
308,29.89,28.51,19
309,29.89,28.51,19
310,29.62,28.51,19
311,29.62,28.51,19
312,29.89,28.23,19
313,30.17,28.23,19
314,29.89,28.78,19
315,30.17,28.23,19
316,29.89,27.95,19
317,29.62,28.23,19
318,30.17,27.95,19
319,30.17,28.78,19
320,29.89,28.51,19
321,30.17,28.23,19
322,29.89,28.23,19
323,29.06,28.23,19
324,30.17,28.23,19
325,29.89,28.51,19
326,29.89,28.51,19
327,29.89,28.51,19
328,30.45,28.51,19
329,29.62,28.51,19
330,29.34,28.78,19
331,29.62,28.51,19
332,29.89,28.23,19
333,29.62,27.95,19
334,29.62,28.78,19
335,29.89,28.23,19
336,29.89,28.78,19
337,30.17,28.23,19
338,30.17,28.51,19
339,29.89,27.95,19
340,30.17,28.23,19
341,29.34,28.51,19
342,29.62,28.51,19
343,29.89,28.78,19
344,29.62,28.78,19
345,29.89,28.78,19
346,30.45,28.78,19
347,29.89,28.51,19
348,29.89,28.78,19
349,29.62,28.23,19
350,30.45,27.95,19
351,30.17,28.51,19
352,30.17,28.23,19
353,29.62,28.23,19
354,29.89,27.95,19
355,29.89,27.95,19
356,29.89,28.23,19
357,30.17,28.78,19
358,30.17,28.78,19
359,30.17,28.78,19
360,30.17,28.78,19
361,30.17,28.78,19
362,29.89,28.78,19
363,29.62,28.51,19
364,30.17,28.51,19
365,30.17,28.23,19
366,29.34,28.78,19
367,30.45,28.51,19
368,30.45,28.78,19
369,30.45,28.51,19
370,30.17,28.78,19
371,30.17,28.51,19
372,29.06,28.23,19
373,29.62,28.78,19
374,29.89,28.23,19
375,29.89,28.23,19
376,29.89,28.51,19
377,29.62,28.51,19
378,30.17,28.23,19
379,29.89,28.78,19
380,29.62,28.78,19
381,30.17,28.78,19
382,30.17,28.23,19
383,29.89,28.78,19
384,30.45,28.78,19
385,30.45,28.78,19
386,30.45,28.51,19
387,30.45,28.51,19
388,29.62,29.06,19
389,30.45,28.78,19
390,29.89,28.51,19
391,30.45,28.78,19
392,30.17,28.78,19
393,30.17,29.06,19
394,30.17,29.06,19
395,30.17,29.06,19
396,29.89,29.06,19
397,29.89,29.06,19
398,30.17,28.23,19
399,29.89,28.78,19
400,30.45,29.06,19
401,30.45,28.51,19
402,29.89,28.23,19
403,30.17,29.06,19
404,29.34,28.51,19
405,30.45,28.78,19
406,30.45,28.51,19
407,30.17,29.06,19
408,30.17,29.06,19
409,30.45,28.78,19
410,29.89,29.06,19
411,29.89,29.06,19
412,30.17,28.23,19
413,30.45,28.78,19
414,29.62,28.51,19
415,30.45,28.51,19
416,30.17,28.51,19
417,29.89,28.51,19
418,30.17,28.51,19
419,29.89,28.78,19
420,29.89,28.51,19
421,30.45,28.78,19
422,30.17,29.06,19
423,30.45,28.78,19
424,29.89,28.78,19
425,30.45,28.51,19
426,30.45,28.78,19
427,29.89,28.78,19
428,30.17,29.06,19
429,30.17,29.06,19
430,30.45,28.51,19
431,30.73,28.23,19
432,30.45,28.51,19
433,30.17,28.51,19
434,29.62,28.51,19
435,29.89,28.51,19
437,30.45,28.51,19
438,30.17,28.78,19
439,30.17,28.78,19
440,30.45,28.78,19
441,30.45,27.95,19
442,29.62,28.51,19
443,30.17,28.51,19
444,30.45,28.51,19
445,29.89,28.23,19
446,30.45,28.51,19
447,30.45,28.51,19
448,30.17,28.23,19
449,30.73,28.51,19
450,30.45,28.78,19
451,29.89,28.78,19
452,30.45,28.78,19
453,30.17,27.67,19
454,30.73,29.06,19
455,30.45,28.51,19
456,30.45,28.23,19
457,30.17,28.51,19
458,30.17,28.51,19
459,29.62,28.78,19
460,30.17,28.78,19
461,29.89,28.78,19
462,30.45,28.78,19
463,30.17,28.23,19
464,30.45,29.06,19
465,30.45,29.06,19
466,30.17,28.51,19
467,30.17,28.51,19
468,29.89,28.78,19
469,29.89,28.78,19
470,30.45,28.51,19
471,30.45,28.78,19
472,29.89,28.78,19
473,30.45,29.06,19
474,30.45,28.23,19
475,30.45,28.51,19
476,30.45,28.78,19
477,30.73,28.78,19
478,30.17,28.78,19
479,30.17,28.78,19
480,30.17,28.78,19
481,30.45,28.78,19
482,30.17,28.51,19
483,29.62,27.67,19
484,30.45,28.78,19
485,29.62,28.78,19
486,30.17,28.78,19
487,30.17,29.06,19
488,30.73,29.06,19
489,30.45,28.78,19
490,30.45,28.78,19
491,30.17,28.51,19
492,30.73,28.51,19
493,30.73,28.78,19
494,30.45,28.78,19
495,30.45,29.06,19
496,29.89,28.78,19
497,30.17,28.51,19
498,29.89,28.23,19
499,29.89,29.06,19
500,30.73,28.78,19
501,30.17,28.23,19
502,30.17,28.78,19
503,30.17,28.78,19
504,29.89,29.06,19
505,30.45,28.23,19
506,30.45,28.51,19
507,30.45,28.78,19
508,30.45,28.51,19
509,30.45,28.78,19
510,30.73,29.06,19
511,30.45,29.06,19
512,30.73,29.06,19
513,29.89,28.51,19
514,30.45,28.51,19
515,30.17,28.78,19
516,30.45,29.06,19
517,30.45,28.51,19
518,30.45,28.78,19
519,30.17,29.06,19
520,30.17,29.06,19
521,30.45,29.06,19
522,30.73,29.06,19
523,30.45,28.78,19
524,29.89,29.06,19
525,30.73,29.06,19
526,30.17,28.51,19
527,30.45,28.78,19
528,30.45,28.51,19
529,30.17,29.06,19
530,30.73,29.06,19
531,30.45,28.78,19
532,30.73,29.06,19
533,30.17,28.51,19
534,30.17,28.78,19
535,29.89,28.78,19
536,30.73,28.78,19
537,30.45,28.78,19
538,29.62,27.95,19
539,30.73,28.78,19
540,30.73,29.06,19
541,30.45,29.06,19
542,30.45,29.06,19
543,30.45,28.78,19
544,30.73,29.06,19
545,30.73,29.06,19
546,30.73,28.78,19
547,30.73,29.06,19
548,30.17,28.78,19
549,30.73,29.06,19
550,30.73,28.51,19
551,30.45,28.78,19
552,30.73,28.78,19
553,30.17,29.06,19
554,30.45,28.51,19
555,30.45,28.78,19
556,30.73,28.78,19
557,30.17,29.06,19
558,30.45,28.51,19
559,31.00,28.51,19
560,30.73,29.06,19
561,30.17,29.06,19
562,29.89,28.51,19
563,30.17,28.51,19
564,30.45,28.78,19
565,30.45,28.78,19
566,30.45,29.06,19
567,30.45,28.78,19
568,29.89,28.51,19
569,30.73,28.78,19
570,30.45,28.23,19
571,30.73,29.06,19
572,30.45,29.06,19
573,30.73,28.23,19
574,30.73,29.06,19
575,30.73,29.06,19
576,30.45,29.06,19
577,30.17,28.51,19
578,30.45,29.06,19
579,30.73,29.06,19
580,30.45,29.06,19
581,30.45,29.06,19
582,29.62,29.06,19
583,30.45,29.06,19
584,30.73,29.06,19
585,29.89,28.51,19
586,30.73,28.78,19
587,30.73,29.06,19
588,30.45,28.78,19
589,30.73,28.51,19
590,31.00,29.06,19
591,30.17,29.06,19
592,30.17,29.06,19
593,30.73,29.06,19
594,30.73,29.06,19
595,30.17,27.95,19
596,30.17,28.51,19
597,30.17,29.06,19
598,30.73,28.51,19
599,30.73,28.78,19
600,30.45,27.95,19
601,30.45,28.78,19
602,30.17,29.06,19
603,30.17,28.78,19
604,30.73,28.23,19
605,30.73,28.78,19
606,31.00,29.06,19
607,30.73,28.51,19
608,30.17,28.23,19
609,30.45,28.51,19
610,30.73,28.78,19
611,30.73,28.78,19
612,30.45,28.23,19
613,30.17,28.51,19
614,31.00,28.78,19
615,30.45,28.78,19
616,30.73,28.78,19
617,30.45,29.06,19
618,30.17,29.06,19
619,30.17,28.51,19
620,30.45,29.06,19
621,30.73,28.78,19
622,30.73,28.51,19
623,30.17,28.78,19
624,30.73,29.06,19
625,30.73,29.06,19
626,31.00,29.06,19
627,31.00,28.78,19
628,30.45,29.06,19
629,31.00,28.78,19
630,31.00,27.95,19
631,30.17,28.78,19
632,30.45,29.06,19
633,30.73,28.78,19
634,30.45,29.06,19
635,30.73,29.06,19
636,30.45,28.78,19
637,30.73,28.23,19
638,30.45,29.06,19
639,30.73,29.06,19
640,30.73,29.06,19
641,30.45,29.06,19
642,31.00,28.78,19
643,30.17,28.78,19
644,31.00,28.78,19
645,30.73,29.06,19
646,29.89,28.51,19
647,30.73,27.95,19
648,30.45,28.51,19
649,30.45,28.78,19
650,30.73,28.78,19
651,30.73,28.78,19
652,31.00,28.78,19
653,30.45,28.78,19
654,30.45,28.78,19
655,30.73,28.23,19
656,31.00,28.51,19
657,30.17,28.51,19
658,30.17,28.78,19
659,30.73,29.06,19
660,30.73,28.51,19
661,30.45,28.78,19
662,30.73,28.78,19
663,30.73,28.78,19
664,31.00,28.51,19
665,30.73,29.06,19
666,30.73,28.78,19
667,30.45,28.51,19
668,31.00,28.78,19
669,30.73,28.78,19
670,31.00,28.78,19
671,30.73,28.51,19
672,30.73,28.51,19
673,31.00,28.78,19
674,30.17,28.78,19
675,30.45,29.06,19
676,30.17,29.06,19
677,31.00,28.78,19
678,30.73,28.51,19
679,30.73,28.78,19
680,30.73,28.51,19
681,30.73,28.51,19
682,31.00,29.06,19
683,30.73,28.78,19
684,31.00,28.51,19
685,30.45,29.06,19
686,30.17,28.51,19
687,31.00,29.06,19
688,30.45,28.78,19
689,30.73,29.34,19
690,31.00,29.06,19
691,30.73,29.06,19
692,30.45,29.06,19
693,31.00,28.51,19
694,31.00,29.34,19
695,30.73,29.06,19
696,31.00,28.78,19
697,30.73,28.78,19
698,29.89,29.06,19
699,29.89,28.78,19
700,31.00,29.06,19
701,30.73,28.51,19
702,30.73,29.34,19
703,30.73,28.78,19
704,30.45,29.34,19
705,30.45,28.78,19
706,30.45,29.06,19
707,30.45,28.78,19
708,31.00,29.06,19
709,30.73,28.51,19
710,31.00,28.51,19
711,30.73,29.06,19
712,29.89,29.06,19
713,30.45,29.06,19
714,30.17,28.78,19
715,30.45,28.78,19
716,30.17,29.06,19
717,30.73,29.06,19
718,30.45,28.78,19
719,30.45,28.78,19
720,30.73,29.06,19
721,31.00,28.78,19
722,30.73,28.78,19
723,30.73,29.06,19
724,31.00,28.78,19
725,30.45,28.78,19
726,30.45,29.06,19
727,30.73,28.78,19
728,31.00,28.78,19
729,31.00,29.06,19
730,31.00,29.06,19
731,29.89,29.34,19
732,30.73,28.78,19
733,30.73,29.34,19
734,31.00,29.34,19
735,31.00,28.78,19
736,30.17,29.06,19
737,31.00,28.78,19
738,31.00,28.78,19
739,31.00,29.06,19
740,31.00,28.78,19
741,30.73,29.06,19
742,31.00,29.34,19
743,31.00,29.06,19
744,30.73,29.06,19
745,29.89,29.06,19
746,30.45,28.78,19
747,30.45,29.06,19
748,31.00,29.06,19
749,30.73,29.06,19
750,31.00,28.23,19
751,30.73,29.34,19
752,31.00,29.06,19
753,31.00,28.78,19
754,31.00,29.06,19
755,31.00,29.34,19
756,31.00,29.34,19
757,31.00,29.34,19
758,31.00,29.06,19
759,31.00,29.06,19
760,30.17,29.06,19
761,30.73,29.34,19
762,30.45,28.78,19
763,31.00,29.06,19
764,31.00,29.06,19
765,30.17,29.06,19
766,30.73,29.34,19
767,30.45,28.78,19
768,30.73,28.51,19
769,31.00,28.78,19
770,30.73,29.06,19
771,30.73,29.06,19
772,30.73,29.06,19
773,30.73,29.06,19
774,31.00,28.78,19
775,30.73,28.78,19
776,31.00,29.06,19
777,30.45,29.62,19
778,31.00,29.34,19
779,30.73,29.06,19
780,30.73,29.06,19
781,31.00,29.34,19
782,30.73,28.78,19
783,31.00,28.78,19
784,31.00,28.78,19
785,31.00,29.34,19
786,30.45,29.62,19
787,30.73,29.34,19
788,30.73,29.06,19
789,30.73,29.62,19
790,30.73,29.34,19
791,30.73,29.34,19
792,30.45,29.06,19
793,30.73,29.06,19
794,30.45,28.78,19
795,31.00,29.34,19
796,30.45,29.06,19
797,30.73,29.34,19
798,31.00,29.34,19
799,30.45,28.78,19
800,30.45,29.06,19
801,30.73,29.06,19
802,30.73,29.34,19
803,30.45,29.06,19
804,31.00,29.06,19
805,30.17,28.78,19
806,31.00,29.06,19
807,30.73,29.06,19
808,30.73,28.78,19
809,31.00,29.06,19
810,30.45,29.06,19
811,31.00,29.06,19
812,30.17,29.06,19
813,30.45,29.06,19
814,30.73,28.78,19
815,30.73,29.06,19
816,30.73,29.34,19
817,31.00,29.06,19
818,31.00,29.06,19
819,30.73,29.34,19
820,30.45,29.06,19
821,30.73,29.06,19
822,31.00,29.62,19
823,31.00,28.78,19
824,30.45,29.34,19
825,30.73,29.06,19
826,30.73,28.51,19
827,30.73,29.06,19
828,31.28,29.34,19
829,30.45,29.34,19
830,30.73,29.62,19
831,30.73,29.34,19
832,30.73,29.06,19
833,31.00,29.06,19
834,30.73,29.06,19
835,31.00,28.51,19
836,30.73,29.34,19
837,30.73,28.78,19
838,31.28,29.62,19
839,31.00,29.34,19
840,31.00,29.62,19
841,30.73,28.78,19
842,30.73,29.62,19
843,30.45,29.06,19
844,30.45,29.06,19
845,30.45,29.62,19
846,30.45,29.34,19
847,31.00,29.06,19
848,31.00,29.06,19
849,30.73,29.06,19
850,30.45,29.34,19
851,31.00,29.06,19
852,30.73,29.34,19
853,31.00,29.62,19
854,31.00,29.34,19
855,31.00,29.34,19
856,31.00,29.34,19
857,30.45,28.78,19
858,31.00,29.06,19
859,31.28,29.06,19
860,31.00,29.62,19
861,31.28,29.06,19
862,30.73,29.06,19
863,30.73,29.06,19
864,30.73,29.34,19
865,31.00,29.34,19
866,31.28,29.06,19
867,30.73,28.51,19
868,30.45,29.06,19
869,31.00,28.78,19
870,30.73,29.06,19
872,30.45,29.06,19
873,31.00,29.34,19
874,31.00,28.78,19
875,30.73,29.06,19
876,31.00,28.51,19
877,31.00,29.06,19
878,31.00,29.34,19
879,30.45,29.06,19
880,30.45,29.06,19
881,31.00,29.06,19
882,31.00,29.34,19
883,31.00,29.34,19
884,31.00,29.06,19
885,30.45,29.06,19
886,31.28,29.34,19
887,30.73,29.34,19
888,30.73,29.34,19
889,31.00,29.62,19
890,31.00,29.34,19
891,31.28,28.78,19
892,31.28,29.62,19
893,31.00,29.34,19
894,31.28,29.62,19
895,30.17,29.06,19
896,31.00,29.34,19
897,30.73,28.78,19
898,30.73,29.34,19
899,30.45,29.62,19
900,30.73,29.06,19
901,30.45,29.34,19
902,30.73,29.34,19
903,31.00,29.34,19
904,30.45,29.34,19
905,31.00,29.34,19
906,30.73,29.34,19
907,30.73,29.34,19
908,31.28,29.06,19
909,30.73,29.34,19
910,31.00,29.06,19
911,31.00,29.06,19
912,30.45,29.34,19
913,31.00,28.78,19
914,31.00,29.34,19
915,31.00,28.78,19
916,31.56,29.34,19
917,31.28,29.34,19
918,31.00,29.06,19
919,30.73,29.34,19
920,30.17,29.06,19
921,31.00,29.34,19
922,31.00,28.23,19
923,30.45,28.78,19
924,31.28,29.34,19
925,31.00,28.78,19
926,30.73,29.06,19
927,31.00,28.78,19
928,31.00,28.78,19
929,30.73,29.34,19
930,31.00,29.34,19
931,31.28,29.34,19
932,30.73,28.23,19
933,31.00,29.06,19
934,31.28,28.23,19
935,31.00,29.34,19
936,31.00,28.23,19
937,31.00,29.06,19
938,31.00,28.51,19
939,31.00,29.06,19
940,31.00,29.06,19
941,31.00,29.34,19
942,30.73,28.78,19
943,31.00,29.34,19
944,30.73,29.06,19
945,30.45,29.06,19
946,30.73,29.06,19
947,30.73,29.06,19
948,30.73,28.51,19
949,31.00,29.34,19
950,30.45,28.23,19
951,30.73,28.78,19
952,30.45,28.78,19
953,31.28,29.06,19
954,31.00,28.23,19
955,30.73,28.78,19
956,30.73,28.78,19
957,30.73,29.62,19
958,31.00,29.34,19
959,31.00,28.78,19
960,31.00,28.78,19
961,30.73,29.34,19
962,31.28,28.51,19
963,30.73,29.06,19
964,31.28,29.06,19
965,30.45,28.78,19
966,31.00,28.78,19
967,31.28,29.06,19
968,31.00,28.78,19
969,31.00,29.34,19
970,31.28,29.34,19
971,31.28,28.51,19
972,31.28,28.78,19
973,31.28,29.34,19
974,30.73,29.06,19
975,30.45,29.34,19
976,30.73,29.34,19
977,31.00,28.78,19
978,30.73,29.62,19
979,31.00,29.06,19
980,30.45,29.06,19
981,31.00,29.34,19
982,31.00,28.78,19
983,30.73,29.34,19
984,31.28,28.78,19
985,31.28,29.06,19
986,31.00,29.34,19
987,31.28,29.34,19
988,31.28,29.34,19
989,31.00,29.34,19
990,31.28,29.34,19
991,30.73,29.34,19
992,31.00,29.34,19
993,31.28,28.51,19
994,30.73,29.06,19
995,31.00,29.34,19
996,30.45,29.34,19
997,31.28,29.34,19
998,30.73,29.06,19
999,31.00,29.06,19
1000,31.00,29.34,19
1001,31.00,29.34,19
1002,30.73,29.34,19
1003,30.73,29.06,19
1004,31.28,29.34,19
1005,30.73,29.34,19
1006,31.28,29.34,19
1007,31.00,29.34,19
1008,31.28,28.51,19
1009,30.73,29.06,19
1010,31.00,28.78,19
1011,30.73,29.34,19
1012,31.00,29.34,19
1013,30.45,29.34,19
1014,31.00,29.34,19
1015,31.00,29.34,19
1016,31.00,29.06,19
1017,31.00,28.78,19
1018,30.73,28.78,19
1019,31.28,28.51,19
1020,30.73,29.34,19
1021,30.17,29.34,19
1022,30.73,28.78,19
1023,31.00,28.78,19
1024,30.73,29.06,19
1025,31.00,28.78,19
1026,30.73,29.34,19
1027,31.00,29.34,19
1028,30.73,29.62,19
1029,31.28,29.06,19
1030,30.45,28.78,19
1031,31.00,29.06,19
1032,30.17,29.34,19
1033,31.28,28.51,19
1034,30.73,28.78,19
1035,31.28,29.06,19
1036,31.28,29.06,19
1037,31.00,29.34,19
1038,30.73,28.51,19
1039,31.00,28.51,19
1040,31.00,29.06,19
1041,31.28,29.06,19
1042,31.00,28.78,19
1043,31.00,29.34,19
1044,31.00,29.06,19
1045,30.73,29.34,19
1046,31.00,29.34,19
1047,31.00,29.06,19
1048,31.28,28.78,19
1049,31.28,29.06,19
1050,30.73,29.06,19
1051,30.45,29.62,19
1052,31.28,29.06,19
1053,30.73,29.06,19
1054,31.00,29.62,19
1055,31.00,29.62,19
1056,31.28,29.62,19
1057,30.45,29.34,19
1058,31.28,29.06,19
1059,30.73,29.34,19
1060,31.28,29.06,19
1061,31.28,29.34,19
1062,30.17,29.34,19
1063,30.45,29.62,19
1064,30.45,29.34,19
1065,30.73,29.06,19
1066,30.73,29.62,19
1067,31.00,29.06,19
1068,31.00,29.62,19
1069,30.45,29.62,19
1070,30.45,29.34,19
1071,31.28,29.34,19
1072,31.00,29.06,19
1073,30.73,28.78,19
1074,30.73,29.62,19
1075,30.73,28.78,19
1076,31.28,29.34,19
1077,31.28,29.34,19
1078,31.28,29.34,19
1079,31.00,29.34,19
1080,30.73,29.06,19
1081,31.00,29.34,19
1082,31.00,29.34,19
1083,30.73,28.78,19
1084,30.45,29.34,19
1085,31.28,29.34,19
1086,30.73,29.34,19
1087,31.00,29.62,19
1088,31.00,29.06,19
1089,31.00,29.06,19
1090,30.73,28.78,19
1091,31.28,29.62,19
1092,31.00,29.06,19
1093,30.73,29.62,19
1094,31.28,29.34,19
1095,31.28,29.34,19
1096,30.45,29.06,19
1097,31.28,29.06,19
1098,31.00,29.34,19
1099,31.28,28.78,19
1100,31.00,29.34,19
1101,30.73,29.34,19
1102,31.28,29.34,19
1103,31.00,29.06,19
1104,31.28,28.78,19
1105,30.73,29.34,19
1106,31.00,29.34,19
1107,31.00,29.34,19
1108,31.28,28.78,19
1109,31.00,29.34,19
1110,30.73,29.34,19
1111,30.73,29.06,19
1112,31.28,29.06,19
1113,31.00,29.34,19
1114,30.73,29.62,19
1115,31.28,29.34,19
1116,31.28,29.34,19
1117,31.00,29.62,19
1118,31.00,28.78,19
1119,31.00,29.62,19
1120,30.73,29.34,19
1121,31.28,29.62,19
1122,30.45,29.62,19
1123,31.28,29.62,19
1124,31.00,29.34,19
1125,30.17,28.51,19
1126,31.00,29.34,19
1127,31.00,29.06,19
1128,31.00,29.62,19
1129,30.73,29.34,19
1130,30.45,29.34,19
1131,31.28,29.34,19
1132,31.00,29.62,19
1133,30.73,29.34,19
1134,31.28,29.89,19
1135,31.00,29.62,19
1136,30.73,29.06,19
1137,31.28,29.34,19
1138,31.00,29.06,19
1139,31.00,29.62,19
1140,31.28,28.78,19
1141,31.00,29.34,19
1142,30.73,29.62,19
1143,30.73,29.34,19
1144,31.28,29.62,19
1145,30.73,29.34,19
1146,31.00,29.62,19
1147,31.00,29.06,19
1148,31.28,29.06,19
1149,31.28,29.62,19
1150,31.28,29.62,19
1151,31.00,29.62,19
1152,31.28,29.34,19
1153,30.73,29.62,19
1154,30.45,29.06,19
1155,31.00,29.62,19
1156,31.28,29.34,19
1157,31.56,29.34,19
1158,31.28,29.06,19
1159,31.28,29.62,19
1160,31.00,29.62,19
1161,31.28,29.62,19
1162,31.00,29.62,19
1163,30.73,29.34,19
1164,31.28,29.62,19
1165,31.00,29.62,19
1166,31.28,29.62,19
1167,31.56,29.62,19
1168,31.00,29.62,19
1169,31.00,29.34,19
1170,31.28,29.34,19
1171,31.00,29.62,19
1172,30.45,29.34,19
1173,31.28,28.51,19
1174,31.28,29.62,19
1175,31.28,29.62,19
1176,31.56,29.06,19
1177,31.00,29.62,19
1178,30.45,29.34,19
1179,31.00,29.62,19
1180,31.00,28.78,19
1181,31.28,29.06,19
1182,31.00,29.34,19
1183,31.28,29.06,19
1184,30.73,29.62,19
1185,30.73,29.62,19
1186,31.28,29.34,19
1187,30.73,29.34,19
1188,31.00,29.62,19
1189,30.73,29.62,19
1190,31.00,29.34,19
1191,31.28,29.06,19
1192,31.28,29.62,19
1193,31.00,29.62,19
1194,31.28,29.06,19
1195,31.28,29.62,19
1196,31.28,29.34,19
1197,31.28,29.06,19
1198,31.28,29.06,19
1199,31.28,29.06,19
1200,31.00,29.62,19
1201,30.73,29.62,19
1202,31.00,29.06,19
1203,30.73,29.62,19
1204,30.73,29.06,19
1205,30.73,29.62,19
1206,30.73,29.62,19
1207,31.28,29.06,19
1208,31.28,29.34,19
1209,30.17,29.34,19
1210,30.73,29.62,19
1211,31.28,29.62,19
1212,30.73,29.62,19
1213,31.28,29.62,19
1214,31.00,29.89,19
1215,31.00,29.62,19
1216,31.28,29.89,19
1217,31.00,29.06,19
1218,31.00,29.34,19
1219,30.73,29.34,19
1220,30.73,29.06,19
1221,31.00,29.06,19
1222,31.00,29.62,19
1223,31.28,29.34,19
1224,31.28,29.34,19
1225,31.28,29.06,19
1226,31.00,29.62,19
1227,30.73,29.62,19
1228,31.00,29.62,19
1229,31.00,29.62,19
1230,30.45,29.06,19
1231,31.00,29.06,19
1232,31.00,29.06,19
1233,30.45,29.62,19
1234,31.28,29.62,19
1235,30.73,29.06,19
1236,30.17,29.62,19
1237,31.28,29.62,19
1238,30.73,29.62,19
1239,30.73,29.34,19
1240,31.28,29.62,19
1241,31.00,29.62,19
1242,31.00,29.62,19
1243,30.73,29.62,19
1244,31.28,29.62,19
1245,31.00,29.62,19
1246,31.28,29.62,19
1247,30.73,29.34,19
1248,30.73,29.62,19
1249,31.00,29.89,19
1250,31.28,29.62,19
1251,31.00,29.34,19
1252,31.00,29.62,19
1253,31.00,29.89,19
1254,30.73,29.62,19
1255,30.45,29.62,19
1256,31.00,29.34,19
1257,30.73,29.62,19
1258,31.00,29.34,19
1259,31.28,29.34,19
1260,30.73,29.06,19
1261,31.28,29.62,19
1262,31.28,29.62,19
1263,30.45,28.78,19
1264,31.28,29.34,19
1265,30.73,29.34,19
1266,30.45,29.62,19
1267,30.73,29.06,19
1268,30.73,29.62,19
1269,31.56,29.34,19
1270,31.28,29.34,19
1271,31.28,29.62,19
1272,31.28,29.06,19
1273,30.17,29.62,19
1274,30.73,29.06,19
1275,31.00,29.34,19
1276,31.00,28.78,19
1277,31.28,29.62,19
1278,30.45,29.62,19
1279,31.56,29.62,19
1280,31.28,29.34,19
1281,30.73,29.34,19
1282,31.00,29.34,19
1283,30.73,29.62,19
1284,31.00,29.62,19
1285,30.45,29.06,19
1286,31.28,29.62,19
1287,31.00,29.62,19
1288,30.73,29.06,19
1289,31.00,29.34,19
1290,31.00,29.62,19
1291,31.28,29.62,19
1292,31.28,29.89,19
1293,31.00,29.34,19
1294,31.28,29.62,19
1295,31.00,29.62,19
1296,30.73,29.34,19
1297,31.28,29.34,19
1298,31.28,29.34,19
1299,30.73,29.06,19
1300,30.73,29.34,19
1302,31.28,29.34,19
1303,31.00,29.62,19
1304,31.00,29.62,19
1305,30.45,29.62,19
1306,31.00,29.34,19
1307,31.00,29.06,19
1308,31.00,29.34,19
1309,31.00,29.34,19
1310,31.00,29.34,19
1311,30.73,29.62,19
1312,31.00,29.62,19
1313,31.00,29.62,19
1314,30.17,29.62,19
1315,31.28,29.62,19
1316,30.73,29.34,19
1317,31.28,29.62,19
1318,30.73,29.62,19
1319,31.00,29.34,19
1320,31.56,29.62,19
1321,31.00,29.34,19
1322,31.00,29.06,19
1323,30.45,29.34,19
1324,31.00,29.62,19
1325,31.00,29.89,19
1326,31.00,29.34,19
1327,31.28,29.62,19
1328,30.73,29.89,19
1329,30.73,29.34,19
1330,30.73,29.34,19
1331,31.00,29.62,19
1332,30.73,29.62,19
1333,31.28,29.89,19
1334,31.28,29.62,19
1335,31.28,29.34,19
1336,31.28,29.89,19
1337,31.00,29.62,19
1338,30.45,29.62,19
1339,31.28,29.06,19
1340,31.28,29.62,19
1341,30.73,29.62,19
1342,31.00,29.34,19
1343,31.28,29.62,19
1344,31.28,29.62,19
1345,30.73,29.34,19
1346,30.73,29.06,19
1347,31.00,29.62,19
1348,31.28,29.06,19
1349,30.73,29.06,19
1350,31.28,29.62,19
1351,31.00,29.89,19
1352,30.45,29.89,19
1353,31.28,29.62,19
1354,31.28,29.89,19
1355,31.56,29.62,19
1356,31.28,30.17,19
1357,30.73,29.62,19
1358,30.73,29.34,19
1359,31.28,29.62,19
1360,31.28,29.62,19
1361,30.73,29.89,19
1362,31.28,29.62,19
1363,31.00,28.78,19
1364,31.28,29.62,19
1365,31.28,29.34,19
1366,31.28,29.62,19
1367,31.28,29.62,19
1368,31.00,29.62,19
1369,31.00,29.06,19
1370,31.28,29.62,19
1371,31.28,29.34,19
1372,31.28,29.34,19
1373,30.17,29.06,19
1374,30.73,29.34,19
1375,31.00,29.34,19
1376,31.00,29.06,19
1377,31.00,29.06,19
1378,31.28,29.62,19
1379,31.56,29.34,19
1380,31.28,29.34,19
1381,31.28,29.34,19
1382,31.28,29.62,19
1383,31.28,29.62,19
1384,31.00,29.34,19
1385,30.73,29.62,19
1386,31.00,29.62,19
1387,31.28,29.62,19
1388,30.73,28.78,19
1389,31.00,29.89,19
1390,31.28,29.06,19
1391,31.28,29.62,19
1392,31.00,29.62,19
1393,30.45,29.06,19
1394,31.28,29.62,19
1395,31.28,29.89,19
1396,31.28,29.62,19
1397,31.28,29.89,19
1398,31.28,29.34,19
1399,30.73,29.62,19
1400,31.28,29.62,19
1401,31.00,29.06,19
1402,31.28,29.89,19
1403,30.73,29.62,19
1404,31.28,29.34,19
1405,30.73,29.34,19
1406,30.73,29.62,19
1407,31.00,29.06,19
1408,31.28,29.06,19
1409,31.56,29.06,19
1410,31.00,29.62,19
1411,31.28,29.34,19
1412,30.73,29.62,19
1413,31.28,29.34,19
1414,31.56,29.06,19
1415,31.28,29.34,19
1416,31.28,29.06,19
1417,31.00,29.89,19
1418,31.28,29.62,19
1419,30.73,29.34,19
1420,31.00,29.89,19
1421,30.73,29.62,19
1422,31.28,29.62,19
1423,30.45,29.62,19
1424,30.73,29.34,19
1425,31.28,29.62,19
1426,31.56,29.34,19
1427,31.00,29.62,19
1428,31.28,29.34,19
1429,31.28,29.34,19
1430,31.28,29.62,19
1431,31.28,29.62,19
1432,31.28,29.62,19
1433,30.73,29.62,19
1434,31.28,29.62,19
1435,31.28,29.62,19
1436,30.73,29.34,19
1437,31.00,29.62,19
1438,31.28,29.34,19
1439,30.73,29.06,19
1440,31.28,29.34,19
1441,31.00,29.34,19
1442,31.28,29.06,19
1443,31.56,29.62,19
1444,31.28,29.34,19
1445,31.28,29.34,19
1446,30.45,28.78,19
1447,31.28,29.06,19
1448,30.45,29.06,19
1449,31.28,28.78,19
1450,31.00,29.34,19
1451,31.28,29.34,19
1452,30.73,29.34,19
1453,31.00,28.78,19
1454,30.73,29.34,19
1455,31.56,29.89,19
1456,31.00,29.34,19
1457,31.00,29.62,19
1458,30.73,29.62,19
1459,31.28,29.62,19
1460,31.28,29.62,19
1461,31.00,29.34,19
1462,30.73,29.34,19
1463,30.73,29.89,19
1464,31.00,29.62,19
1465,31.28,29.34,19
1466,31.28,29.62,19
1467,31.28,29.34,19
1468,30.73,29.34,19
1469,30.73,29.62,19
1470,31.28,29.06,19
1471,30.73,29.34,19
1472,31.56,29.06,19
1473,31.56,29.62,19
1474,30.73,29.34,19
1475,31.28,29.62,19
1476,30.73,29.62,19
1477,31.56,29.34,19
1478,31.28,29.62,19
1479,31.28,29.34,19
1480,30.73,29.62,19
1481,31.28,29.34,19
1482,31.28,29.89,19
1483,31.28,29.89,19
1484,30.17,29.62,19
1485,31.28,29.06,19
1486,31.00,29.62,19
1487,31.00,29.89,19
1488,31.28,29.62,19
1489,31.00,29.62,19
1490,30.73,29.89,19
1491,31.28,29.34,19
1492,31.28,29.34,19
1493,31.28,29.62,19
1494,30.73,29.62,19
1495,31.28,29.62,19
1496,31.00,29.34,19
1497,31.28,29.62,19
1498,31.28,29.34,19
1499,31.28,29.34,19
1500,31.28,29.34,19
1501,31.56,29.62,19
1502,31.28,29.62,19
1503,30.45,29.89,19
1504,31.56,29.89,19
1505,31.28,29.34,19
1506,31.28,29.62,19
1507,31.28,29.62,19
1508,31.28,29.62,19
1509,30.45,29.62,19
1510,31.00,29.62,19
1511,31.00,29.62,19
1512,31.28,29.62,19
1513,30.73,29.62,19
1514,31.28,29.89,19
1515,31.28,29.62,19
1516,30.73,29.34,19
1517,31.56,29.62,19
1518,31.28,29.34,19
1519,31.28,29.62,19
1520,31.28,29.34,19
1521,31.28,29.34,19
1522,31.28,29.62,19
1523,31.00,29.62,19
1524,31.28,29.62,19
1525,31.28,29.62,19
1526,31.56,29.34,19
1527,31.28,29.34,19
1528,30.73,29.34,19
1529,31.28,29.62,19
1530,31.28,29.89,19
1531,31.28,29.89,19
1532,31.00,29.62,19
1533,31.28,29.62,19
1534,31.28,29.62,19
1535,31.28,29.89,19
1536,31.28,29.89,19
1537,31.28,29.89,19
1538,30.73,29.89,19
1539,31.00,29.34,19
1540,31.28,29.62,19
1541,30.73,29.89,19
1542,31.00,29.62,19
1543,31.28,30.17,19
1544,31.28,29.62,19
1545,31.28,30.17,19
1546,31.00,29.34,19
1547,31.56,30.17,19
1548,31.28,29.62,19
1549,30.73,30.17,19
1550,31.00,29.34,19
1551,31.00,29.89,19
1552,30.73,30.17,19
1553,30.73,30.17,19
1554,30.73,29.62,19
1555,31.28,29.62,19
1556,31.00,29.34,19
1557,31.28,29.89,19
1558,31.56,29.34,19
1559,30.73,29.34,19
1560,31.28,29.62,19
1561,31.00,29.62,19
1562,31.28,29.62,19
1563,30.73,29.34,19
1564,31.00,29.06,19
1565,31.28,29.62,19
1566,31.28,29.62,19
1567,31.28,29.34,19
1568,30.73,29.62,19
1569,31.28,29.06,19
1570,31.28,29.89,19
1571,31.00,29.62,19
1572,30.73,29.62,19
1573,31.28,29.62,19
1574,30.73,29.62,19
1575,31.56,29.89,19
1576,31.28,29.89,19
1577,30.73,29.62,19
1578,31.28,29.62,19
1579,31.28,29.62,19
1580,31.28,29.62,19
1581,31.28,29.89,19
1582,31.28,29.89,19
1583,31.56,29.62,19
1584,30.73,29.62,19
1585,31.28,29.62,19
1586,31.00,29.89,19
1587,31.28,29.62,19
1588,30.73,29.62,19
1589,31.28,29.62,19
1590,31.00,29.62,19
1591,31.28,29.89,19
1592,31.00,29.62,19
1593,31.28,29.89,19
1594,31.28,29.06,19
1595,30.73,29.89,19
1596,30.73,29.62,19
1597,30.73,29.89,19
1598,31.28,29.62,19
1599,31.00,29.89,19
1600,30.73,29.89,19
1601,30.45,29.34,19
1602,31.28,29.89,19
1603,31.28,29.62,19
1604,31.28,29.89,19
1605,31.28,29.89,19
1606,31.28,29.34,19
1607,31.00,29.62,19
1608,31.00,29.06,19
1609,31.28,29.62,19
1610,31.00,29.89,19
1611,31.28,29.62,19
1612,31.28,29.62,19
1613,31.00,29.89,19
1614,31.28,29.34,19
1615,31.28,29.62,19
1616,31.28,29.62,19
1617,31.28,29.62,19
1618,31.28,29.89,19
1619,30.73,29.62,19
1620,30.73,29.34,19
1621,31.28,29.34,19
1622,30.73,29.62,19
1623,31.28,29.62,19
1624,30.45,29.89,19
1625,31.28,29.34,19
1626,30.73,29.62,19
1627,31.28,29.62,19
1628,31.28,29.89,19
1629,31.00,29.62,19
1630,31.28,29.06,19
1631,31.28,29.06,19
1632,31.00,29.89,19
1633,31.00,29.62,19
1634,31.00,29.34,19
1635,31.00,29.89,19
1636,31.28,29.62,19
1637,31.56,29.89,19
1638,31.28,29.06,19
1639,31.00,29.89,19
1640,31.28,29.89,19
1641,31.00,29.89,19
1642,31.56,29.34,19
1643,31.28,29.34,19
1644,31.00,29.34,19
1645,31.00,29.62,19
1646,31.28,29.89,19
1647,31.28,29.62,19
1648,30.73,29.89,19
1649,30.45,29.62,19
1650,31.28,29.89,19
1651,31.28,29.34,19
1652,30.73,29.89,19
1653,31.00,29.62,19
1654,31.28,29.89,19
1655,31.00,29.62,19
1656,31.28,29.62,19
1657,31.28,29.34,19
1658,30.73,29.62,19
1659,31.00,29.89,19
1660,31.28,28.78,19
1661,30.73,29.34,19
1662,31.00,29.62,19
1663,31.28,29.89,19
1664,31.00,29.89,19
1665,31.00,29.34,19
1666,31.00,29.34,19
1667,31.28,29.34,19
1668,30.73,29.06,19
1669,31.28,29.89,19
1670,31.00,29.06,19
1671,31.28,29.62,19
1672,31.28,29.62,19
1673,30.73,29.06,19
1674,31.28,29.62,19
1675,31.28,29.34,19
1676,31.56,29.62,19
1677,31.56,29.06,19
1678,31.00,29.62,19
1679,31.28,29.89,19
1680,31.28,29.62,19
1681,30.45,28.78,19
1682,31.28,29.34,19
1683,30.73,29.62,19
1684,31.28,29.62,19
1685,31.00,29.89,19
1686,31.28,29.89,19
1687,31.28,29.62,19
1688,31.28,29.62,19
1689,31.28,29.34,19
1690,31.28,29.89,19
1691,31.28,29.89,19
1692,31.56,29.62,19
1693,30.73,30.17,19
1694,31.28,29.62,19
1695,30.73,29.34,19
1696,31.00,29.62,19
1697,31.00,29.34,19
1698,31.28,29.62,19
1699,31.56,29.34,19
1700,31.00,29.06,19
1701,31.28,29.34,19
1702,31.00,29.89,19
1703,31.00,29.06,19
1704,31.28,29.89,19
1705,30.73,29.89,19
1706,30.45,29.34,19
1707,31.00,29.62,19
1708,31.28,29.62,19
1709,31.28,29.89,19
1710,31.28,29.89,19
1711,31.56,29.06,19
1712,31.00,29.62,19
1713,31.56,29.34,19
1714,31.28,29.62,19
1715,31.28,29.62,19
1716,31.28,29.89,19
1717,31.00,29.06,19
1718,30.73,29.89,19
1719,31.00,29.62,19
1720,31.00,29.89,19
1721,30.73,29.34,19
1722,30.73,29.62,19
1723,31.28,29.62,19
1724,31.28,29.34,19
1725,31.28,29.89,19
1726,30.73,29.34,19
1728,31.00,29.62,19
1729,30.73,29.62,19
1730,30.73,29.89,19
1731,31.28,29.89,19
1732,31.00,29.62,19
1733,30.73,29.34,19
1734,30.17,29.62,19
1735,31.28,29.62,19
1736,31.00,29.34,19
1737,31.56,29.89,19
1738,31.28,29.34,19
1739,31.00,29.62,19
1740,31.28,29.62,19
1741,31.28,29.89,19
1742,30.73,29.62,19
1743,31.28,29.62,19
1744,31.28,29.62,19
1745,30.73,29.34,19
1746,31.28,29.34,19
1747,31.56,29.62,19
1748,30.73,29.62,19
1749,31.28,29.62,19
1750,31.00,29.34,19
1751,31.28,29.06,19
1752,31.28,29.34,19
1753,31.28,29.34,19
1754,31.28,29.34,19
1755,31.00,29.62,19
1756,30.45,29.06,19
1757,30.73,29.62,19
1758,31.00,29.62,19
1759,30.73,29.62,19
1760,31.28,29.89,19
1761,31.28,29.34,19
1762,31.28,29.06,19
1763,31.00,29.06,19
1764,30.73,29.62,19
1765,31.28,29.06,19
1766,31.00,29.34,19
1767,31.28,29.62,19
1768,31.28,29.62,19
1769,30.73,29.62,19
1770,31.28,29.06,19
1771,31.00,29.34,19
1772,31.28,29.62,19
1773,31.28,29.62,19
1774,30.73,29.06,19
1775,31.28,29.06,19
1776,31.28,29.34,19
1777,31.00,29.34,19
1778,31.28,29.34,19
1779,30.73,29.89,19
1780,31.00,29.89,19
1781,30.73,29.34,19
1782,31.00,29.62,19
1783,31.28,29.89,19
1784,31.00,29.34,19
1785,31.00,29.34,19
1786,30.45,29.62,19
1787,30.45,29.62,19
1788,31.28,29.62,19
1789,31.28,29.06,19
1790,30.45,29.62,19
1791,31.00,29.34,19
1792,31.28,29.62,19
1793,31.28,29.62,19
1794,31.28,29.89,19
1795,30.73,29.34,19
1796,31.28,29.34,19
1797,31.28,29.06,19
1798,31.28,29.06,19
1799,31.28,29.34,19
1800,31.28,29.34,19
1801,31.00,29.89,0
1802,31.00,29.62,0
1803,31.28,29.34,0
1804,31.28,29.62,0
1805,30.73,29.89,0
1806,31.28,29.06,0
1807,30.17,29.34,0
1808,30.45,29.34,0
1809,30.73,28.78,0
1810,30.73,29.62,0
1811,31.00,29.62,0
1812,31.28,29.34,0
1813,30.73,29.62,0
1814,31.00,29.62,0
1815,31.56,29.34,0
1816,31.28,29.89,0
1817,31.28,29.34,0
1818,31.28,29.89,0
1819,31.00,29.62,0
1820,30.45,29.62,0
1821,30.45,29.62,0
1822,30.17,29.06,0
1823,30.73,29.62,0
1824,31.00,29.34,0
1825,31.00,29.62,0
1826,31.00,29.06,0
1827,30.73,29.34,0
1828,31.00,29.06,0
1829,31.28,29.62,0
1830,31.00,29.89,0
1831,30.73,29.62,0
1832,31.00,29.06,0
1833,31.00,28.78,0
1834,31.00,29.34,0
1835,31.00,29.62,0
1836,31.00,29.89,0
1837,30.73,29.89,0
1838,30.73,29.34,0
1839,31.00,29.06,0
1840,31.00,29.62,0
1841,30.45,29.62,0
1842,31.00,29.89,0
1843,31.28,29.62,0
1844,30.45,29.62,0
1845,30.45,29.62,0
1846,31.00,29.34,0
1847,31.28,29.06,0
1848,31.28,29.34,0
1849,30.73,29.06,0
1850,31.28,29.34,0
1851,31.00,29.34,0
1852,30.73,29.34,0
1853,31.00,29.06,0
1854,31.00,29.06,0
1855,30.45,28.78,0
1856,31.00,29.06,0
1857,31.00,29.06,0
1858,30.73,29.06,0
1859,30.73,29.06,0
1860,30.45,29.34,0
1861,31.00,29.06,0
1862,30.45,29.34,0
1863,30.73,29.34,0
1864,30.45,28.51,0
1865,30.73,29.06,0
1866,31.00,29.34,0
1867,31.00,29.06,0
1868,31.00,29.06,0
1869,31.00,29.06,0
1870,30.73,29.06,0
1871,31.00,29.06,0
1872,31.00,28.78,0
1873,29.89,28.78,0
1874,31.00,29.06,0
1875,30.73,28.78,0
1876,31.00,29.06,0
1877,30.73,29.06,0
1878,30.73,29.06,0
1879,30.17,28.78,0
1880,30.17,29.06,0
1881,31.00,28.78,0
1882,30.73,29.06,0
1883,31.00,29.06,0
1884,30.45,29.34,0
1885,30.17,28.78,0
1886,30.73,29.06,0
1887,30.73,28.78,0
1888,30.45,28.78,0
1889,30.73,28.78,0
1890,31.00,29.06,0
1891,31.00,29.06,0
1892,31.00,28.51,0
1893,31.00,28.51,0
1894,30.45,28.78,0
1895,31.00,28.51,0
1896,30.73,29.06,0
1897,30.45,28.78,0
1898,30.73,28.51,0
1899,31.00,28.78,0
1900,30.45,28.78,0
1901,30.45,28.51,0
1902,30.73,28.78,0
1903,30.73,28.78,0
1904,30.17,28.78,0
1905,30.73,28.78,0
1906,30.17,28.51,0
1907,30.17,28.23,0
1908,31.00,28.78,0
1909,31.00,28.23,0
1910,30.45,28.78,0
1911,30.45,29.34,0
1912,31.00,28.78,0
1913,31.00,28.51,0
1914,30.73,29.06,0
1915,30.45,28.78,0
1916,30.73,28.23,0
1917,30.45,28.51,0
1918,30.45,28.78,0
1919,30.45,28.78,0
1920,30.73,28.78,0
1921,30.45,28.78,0
1922,30.73,28.78,0
1923,30.73,29.06,0
1924,31.00,28.78,0
1925,30.73,28.78,0
1926,30.73,28.78,0
1927,29.89,28.78,0
1928,30.73,28.78,0
1929,30.73,28.23,0
1930,30.73,28.23,0
1931,30.73,28.78,0
1932,30.73,28.78,0
1933,30.17,28.78,0
1934,30.45,28.51,0
1935,30.45,27.95,0
1936,30.73,28.51,0
1937,30.17,28.51,0
1938,30.73,28.23,0
1939,30.45,28.51,0
1940,29.89,28.51,0
1941,30.73,27.95,0
1942,30.17,28.51,0
1943,29.89,28.23,0
1944,30.45,28.51,0
1945,30.45,27.95,0
1946,30.73,28.51,0
1947,30.73,28.23,0
1948,30.45,28.23,0
1949,30.73,28.23,0
1950,30.17,28.51,0
1951,30.73,27.95,0
1952,30.45,28.23,0
1953,30.45,28.23,0
1954,30.73,28.23,0
1955,30.73,28.23,0
1956,29.89,28.23,0
1957,30.73,27.95,0
1958,30.45,28.23,0
1959,30.45,28.23,0
1960,30.45,27.95,0
1961,30.45,27.67,0
1962,30.45,27.67,0
1963,30.45,27.40,0
1964,30.45,27.40,0
1965,30.17,27.95,0
1966,30.45,27.67,0
1967,30.73,28.23,0
1968,30.17,28.23,0
1969,30.17,27.40,0
1970,30.17,29.34,0
1971,30.45,24.90,0
1972,30.45,25.45,0
1973,30.17,25.45,0
1974,29.89,26.56,0
1975,30.45,27.12,0
1976,30.17,27.12,0
1977,29.89,26.56,0
1978,30.73,25.45,0
1979,30.73,25.73,0
1980,30.45,24.62,0
1981,30.45,24.90,0
1982,29.62,26.29,0
1983,30.45,25.73,0
1984,29.89,27.12,0
1985,30.45,28.78,0
1986,30.17,27.12,0
1987,30.45,26.01,0
1988,30.45,26.01,0
1989,30.45,25.17,0
1990,30.45,24.34,0
1991,29.89,25.17,0
1992,29.89,25.73,0
1993,30.17,26.29,0
1994,29.34,27.12,0
1995,30.45,27.95,0
1996,30.17,27.12,0
1997,30.17,26.01,0
1998,30.45,26.29,0
1999,30.45,25.73,0
2000,29.62,27.12,0
2001,30.17,25.17,0
2002,29.89,25.45,0
2003,30.17,26.56,0
2004,29.89,26.84,0
2005,30.45,27.12,0
2006,30.17,27.40,0
2007,30.17,26.56,0
2008,29.89,26.29,0
2009,30.17,26.01,0
2010,30.17,25.17,0
2011,30.45,24.06,0
2012,30.17,24.90,0
2013,30.45,26.01,0
2014,30.17,25.73,0
2015,30.45,26.29,0
2016,30.17,26.84,0
2017,30.73,26.84,0
2018,30.45,26.29,0
2019,29.89,25.73,0
2020,29.89,25.17,0
2021,29.62,25.17,0
2022,30.17,24.62,0
2023,30.45,24.90,0
2024,30.17,26.56,0
2025,30.17,26.56,0
2026,30.45,26.56,0
2027,30.17,27.12,0
2028,30.17,26.01,0
2029,30.17,26.56,0
2030,30.45,26.29,0
2031,30.17,24.06,0
2032,30.17,24.90,0
2033,30.17,26.01,0
2034,30.17,26.56,0
2035,29.62,26.56,0
2036,30.45,27.40,0
2037,30.17,27.40,0
2038,30.17,26.29,0
2039,30.17,26.01,0
2040,30.17,25.73,0
2041,29.62,24.90,0
2042,30.17,25.17,0
2043,30.17,26.01,0
2044,30.17,26.56,0
2045,30.17,27.12,0
2046,29.89,27.67,0
2047,30.17,26.84,0
2048,30.17,25.73,0
2049,30.17,26.29,0
2050,30.45,25.17,0
2051,30.45,24.62,0
2052,29.89,25.73,0
2053,30.17,26.56,0
2054,30.17,26.56,0
2055,30.17,26.56,0
2056,30.17,26.56,0
2057,29.62,26.29,0
2058,29.89,25.73,0
2059,29.62,26.56,0
2060,29.89,24.90,0
2061,30.17,24.62,0
2062,29.89,25.45,0
2063,30.17,26.56,0
2064,30.17,26.84,0
2065,29.89,26.56,0
2066,29.89,27.12,0
2067,29.89,26.56,0
2068,29.89,26.29,0
2069,29.62,25.73,0
2070,30.17,24.06,0
2071,30.17,24.90,0
2072,30.17,25.73,0
2073,29.62,26.84,0
2074,30.17,27.40,0
2075,30.17,27.40,0
2076,30.17,27.12,0
2077,29.89,26.56,0
2078,30.17,26.29,0
2079,30.17,25.45,0
2080,29.89,24.90,0
2081,29.62,26.01,0
2082,29.89,26.56,0
2083,29.89,26.01,0
2084,30.45,27.12,0
2085,29.89,27.12,0
2086,29.89,26.01,0
2087,30.17,26.29,0
2088,29.89,24.90,0
2089,29.06,25.73,0
2090,29.62,26.29,0
2091,29.89,27.40,0
2092,29.89,27.40,0
2093,29.89,27.40,0
2094,30.45,27.12,0
2095,30.17,26.56,0
2096,29.89,26.29,0
2097,30.17,23.79,0
2098,30.17,25.45,0
2099,29.62,27.12,0
2100,30.45,26.84,0
2101,30.17,27.12,0
2102,30.45,26.84,0
2103,29.62,25.73,0
2104,29.89,26.01,0
2105,30.17,24.90,0
2106,29.62,25.45,0
2107,30.17,26.29,0
2108,30.17,26.56,0
2109,30.17,26.56,0
2110,30.17,26.56,0
2111,30.17,25.45,0
2112,30.17,25.73,0
2113,29.34,25.73,0
2114,29.89,25.45,0
2115,30.17,26.56,0
2116,29.62,26.84,0
2117,30.17,26.84,0
2118,29.34,27.40,0
2119,29.62,26.29,0
2120,29.89,25.45,0
2121,30.45,24.62,0
2122,29.89,25.17,0
2123,29.89,26.29,0
2124,29.89,26.84,0
2125,29.89,27.12,0
2126,30.17,26.01,0
2127,29.89,25.73,0
2128,29.89,25.73,0
2129,29.62,24.34,0
2130,29.89,25.45,0
2131,30.17,26.56,0
2132,30.17,26.29,0
2133,29.34,27.67,0
2134,30.17,26.29,0
2135,30.17,26.01,0
2136,29.34,25.45,0
2137,29.89,24.34,0
2138,29.62,25.45,0
2139,29.89,25.73,0
2140,29.34,26.29,0
2141,29.34,27.40,0
2142,29.89,26.84,0
2143,29.89,26.01,0
2144,29.89,26.29,0
2145,30.17,25.45,0
2146,30.17,25.17,0
2147,29.89,26.01,0
2148,29.89,26.84,0
2149,29.62,26.84,0
2150,30.17,27.67,0
2151,30.17,26.84,0
2152,29.89,26.56,0
2153,29.89,26.56,0
2154,29.62,24.90,0
2155,29.89,25.17,0
2156,29.62,26.01,0
2157,29.34,26.29,0
2158,29.34,27.40,0
2159,29.89,26.84,0
2161,29.89,27.12,0
2162,29.34,26.84,0
2163,29.06,26.56,0
2164,29.89,25.45,0
2165,29.62,24.62,0
2166,29.06,26.29,0
2167,30.17,26.56,0
2168,29.89,27.67,0
2169,29.89,27.12,0
2170,29.89,26.84,0
2171,29.62,26.01,0
2172,29.62,26.56,0
2173,29.89,24.90,0
2174,29.89,25.17,0
2175,29.06,26.01,0
2176,29.89,26.56,0
2177,29.89,26.56,0
2178,29.34,27.95,0
2179,29.89,27.12,0
2180,29.89,26.01,0
2181,29.89,26.01,0
2182,29.34,25.17,0
2183,29.89,24.62,0
2184,29.89,26.29,0
2185,29.89,26.56,0
2186,29.89,26.29,0
2187,29.89,27.40,0
2188,29.89,27.12,0
2189,29.89,26.84,0
2190,29.34,26.29,0
2191,29.89,26.29,0
2192,29.06,24.90,0
2193,30.17,24.62,0
2194,29.34,25.73,0
2195,29.89,26.01,0
2196,29.89,26.56,0
2197,29.62,27.40,0
2198,29.62,27.12,0
2199,29.62,26.29,0
2200,29.89,26.29,0
2201,29.62,25.73,0
2202,29.89,24.34,0
2203,29.34,26.01,0
2204,29.62,26.29,0
2205,29.89,26.56,0
2206,29.62,27.12,0
2207,29.89,27.40,0
2208,29.89,26.56,0
2209,29.62,27.40,0
2210,29.62,26.29,0
2211,30.17,25.73,0
2212,29.34,26.01,0
2213,29.89,25.17,0
2214,29.34,26.29,0
2215,29.62,26.84,0
2216,29.62,27.67,0
2217,29.34,26.56,0
2218,29.06,26.01,0
2219,29.89,25.45,0
2220,29.62,24.90,0
2221,29.62,24.62,0
2222,29.89,25.73,0
2223,29.89,26.56,0
2224,29.62,26.29,0
2225,29.06,27.12,0
2226,29.62,27.67,0
2227,29.89,27.12,0
2228,29.62,26.84,0
2229,29.62,26.56,0
2230,29.62,24.62,0
2231,29.89,24.90,0
2232,29.62,26.29,0
2233,29.34,27.12,0
2234,29.34,26.84,0
2235,29.89,26.56,0
2236,29.89,26.56,0
2237,29.89,26.01,0
2238,29.06,25.45,0
2239,29.06,24.90,0
2240,29.34,24.62,0
2241,29.34,26.01,0
2242,29.62,26.29,0
2243,29.89,27.40,0
2244,29.89,27.95,0
2245,30.17,26.84,0
2246,29.06,26.29,0
2247,29.62,25.73,0
2248,29.89,25.17,0
2249,29.89,24.90,0
2250,29.89,26.01,0
2251,28.51,26.84,0
2252,29.62,27.12,0
2253,29.34,27.12,0
2254,29.89,27.40,0
2255,29.89,26.56,0
2256,29.34,26.56,0
2257,29.62,26.56,0
2258,29.34,25.17,0
2259,29.62,25.45,0
2260,29.62,26.84,0
2261,29.06,27.67,0
2262,29.06,28.51,0
2263,29.62,27.95,0
2264,29.89,27.95,0
2265,29.62,27.40,0
2266,29.34,27.95,0
2267,29.89,25.45,0
2268,29.34,24.34,0
2269,29.34,25.73,0
2270,29.34,26.56,0
2271,29.89,27.67,0
2272,29.34,27.40,0
2273,29.62,27.67,0
2274,29.06,27.95,0
2275,29.06,27.40,0
2276,29.34,26.56,0
2277,29.06,26.29,0
2278,29.06,26.56,0
2279,29.62,25.73,0
2280,29.89,26.01,0
2281,29.62,26.29,0
2282,29.34,28.51,0
2283,29.62,27.12,0
2284,29.34,27.40,0
2285,29.34,27.12,0
2286,29.34,26.56,0
2287,29.62,26.29,0
2288,29.06,26.56,0
2289,29.62,24.34,0
2290,29.62,25.17,0
2291,29.62,26.29,0
2292,29.89,26.84,0
2293,29.06,27.12,0
2294,29.62,27.67,0
2295,29.06,27.67,0
2296,29.62,26.84,0
2297,29.62,26.29,0
2298,29.89,26.29,0
2299,29.62,24.90,0
2300,29.62,26.01,0
2301,29.89,27.12,0
2302,29.34,27.12,0
2303,29.06,27.40,0
2304,29.06,28.23,0
2305,29.62,27.67,0
2306,29.34,26.84,0
2307,29.62,26.84,0
2308,29.62,26.01,0
2309,29.06,25.45,0
2310,29.06,26.56,0
2311,29.62,27.40,0
2312,29.06,26.56,0
2313,29.89,27.12,0
2314,29.62,29.06,0
2315,29.62,27.95,0
2316,29.62,27.95,0
2317,29.62,26.84,0
2318,29.89,25.45,0
2319,29.62,26.56,0
2320,29.06,27.67,0
2321,29.89,27.12,0
2322,29.06,27.95,0
2323,29.62,26.84,0
2324,29.34,27.12,0
2325,29.06,27.67,0
2326,29.06,27.12,0
2327,29.34,24.34,0
2328,29.34,25.17,0
2329,29.34,26.29,0
2330,29.89,26.01,0
2331,29.34,27.67,0
2332,29.34,27.40,0
2333,29.06,26.29,0
2334,29.62,26.29,0
2335,28.78,25.45,0
2336,29.34,24.62,0
2337,29.89,25.17,0
2338,29.62,25.45,0
2339,29.34,26.29,0
2340,29.06,27.40,0
2341,29.06,28.23,0
2342,29.06,27.12,0
2343,29.06,27.12,0
2344,29.62,26.84,0
2345,29.34,25.17,0
2346,29.34,26.29,0
2347,29.06,27.40,0
2348,29.06,26.84,0
2349,29.89,27.67,0
2350,29.34,27.67,0
2351,28.78,25.73,0
2352,29.06,26.56,0
2353,29.62,25.73,0
2354,29.62,25.45,0
2355,28.78,26.56,0
2356,29.62,27.40,0
2357,28.78,27.67,0
2358,29.06,26.56,0
2359,29.34,27.67,0
2360,29.62,26.29,0
2361,29.06,25.45,0
2362,29.06,26.01,0
2363,29.62,27.95,0
2364,29.89,26.01,0
2365,29.34,27.40,0
2366,29.06,28.23,0
2367,29.34,26.84,0
2368,29.62,26.84,0
2369,29.34,25.45,0
2370,29.62,25.73,0
2371,29.62,26.84,0
2372,29.34,27.40,0
2373,29.62,27.95,0
2374,29.34,27.12,0
2375,29.06,27.12,0
2376,29.89,26.84,0
2377,29.34,25.45,0
2378,29.06,26.29,0
2379,28.78,27.40,0
2380,28.78,28.23,0
2381,29.34,27.95,0
2382,29.34,27.95,0
2383,29.34,25.73,0
2384,28.78,24.90,0
2385,29.62,26.01,0
2386,29.34,26.84,0
2387,29.62,26.84,0
2388,29.34,28.23,0
2389,29.06,27.95,0
2390,29.06,26.84,0
2391,29.62,27.40,0
2392,29.34,26.84,0
2393,29.34,26.29,0
2394,28.78,27.40,0
2395,29.62,27.95,0
2396,28.78,28.23,0
2397,29.06,26.84,0
2398,28.78,27.12,0
2399,29.06,26.29,0
2400,29.62,26.01,0
2401,29.34,27.12,0
2402,28.78,27.40,0
2403,28.78,27.95,0
2404,28.78,27.67,0
2405,29.06,26.56,0
2406,29.06,26.01,0
2407,29.34,24.90,0
2408,29.62,26.29,0
2409,29.34,26.56,0
2410,29.62,27.95,0
2411,29.62,27.12,0
2412,29.06,27.12,0
2413,29.62,26.84,0
2414,29.34,24.90,0
2415,29.62,25.17,0
2416,29.62,26.29,0
2417,29.62,26.84,0
2418,29.34,27.67,0
2419,28.78,27.12,0
2420,29.62,27.12,0
2421,28.78,26.01,0
2422,28.78,24.62,0
2423,29.34,26.56,0
2424,29.34,27.12,0
2425,28.78,27.40,0
2426,29.34,27.95,0
2427,29.34,27.40,0
2428,29.06,26.84,0
2429,29.34,26.56,0
2430,29.06,24.90,0
2431,29.34,26.29,0
2432,28.78,27.67,0
2433,29.06,28.51,0
2434,29.34,27.95,0
2435,29.62,28.78,0
2436,29.34,27.12,0
2437,29.06,27.67,0
2438,29.06,26.01,0
2439,29.06,25.45,0
2440,29.34,26.56,0
2441,29.34,27.40,0
2442,29.34,27.95,0
2443,29.62,27.67,0
2444,29.06,26.56,0
2445,28.51,26.56,0
2446,29.34,25.73,0
2447,28.78,26.29,0
2448,29.62,26.84,0
2449,29.06,27.95,0
2450,29.06,27.95,0
2451,29.34,27.95,0
2452,29.62,27.40,0
2453,29.06,27.12,0
2454,29.62,26.29,0
2455,29.34,26.29,0
2456,29.34,27.95,0
2457,29.62,26.29,0
2458,29.62,26.29,0
2459,29.06,27.12,0
2460,29.34,27.67,0
2461,29.06,26.29,0
2462,28.51,26.29,0
2463,29.89,25.17,0
2464,29.34,24.90,0
2465,29.62,26.56,0
2466,29.06,27.12,0
2467,29.62,27.40,0
2468,29.34,27.67,0
2469,29.06,26.84,0
2470,28.78,26.84,0
2471,29.06,25.17,0
2472,28.78,25.17,0
2473,29.62,25.45,0
2474,29.06,27.12,0
2475,29.34,26.84,0
2476,29.34,27.67,0
2477,29.34,26.56,0
2478,29.34,27.12,0
2479,28.78,26.01,0
2480,29.34,25.73,0
2481,29.62,26.01,0
2482,28.78,27.95,0
2483,29.62,27.40,0
2484,29.62,27.67,0
2485,29.34,27.95,0
2486,29.06,27.12,0
2487,29.06,26.29,0
2488,28.51,26.29,0
2489,29.34,26.84,0
2490,29.34,27.95,0
2491,29.06,27.40,0
2492,29.34,28.78,0
2493,29.34,28.23,0
2494,28.51,27.40,0
2495,29.06,27.12,0
2496,29.34,27.67,0
2497,29.06,27.95,0
2498,29.06,29.62,0
2499,29.34,29.89,0
2500,29.62,29.62,0
2501,29.06,29.34,0
2502,28.78,29.62,0
2503,28.78,26.84,0
2504,29.34,25.45,0
2505,28.51,25.45,0
2506,29.06,28.51,0
2507,29.34,26.84,0
2508,29.06,26.84,0
2509,29.34,27.12,0
2510,29.34,26.84,0
2511,29.06,26.56,0
2512,29.34,26.56,0
2513,29.06,25.45,0
2514,29.34,25.45,0
2515,28.78,26.29,0
2516,29.34,27.12,0
2517,28.78,27.67,0
2518,29.06,28.23,0
2519,29.06,27.67,0
2520,29.06,27.95,0
2521,29.06,25.45,0
2522,29.34,25.45,0
2523,29.34,26.01,0
2524,28.78,27.12,0
2525,28.78,27.67,0
2526,29.06,27.67,0
2527,29.34,28.51,0
2528,29.06,27.40,0
2529,28.78,26.84,0
2530,29.34,26.01,0
2531,29.62,25.45,0
2532,29.06,24.62,0
2533,29.06,26.01,0
2534,29.62,27.12,0
2535,29.06,27.40,0
2536,29.06,28.23,0
2537,28.78,27.95,0
2538,29.06,27.12,0
2539,29.06,26.84,0
2540,28.78,26.29,0
2541,29.34,26.01,0
2542,28.78,26.84,0
2543,29.06,26.84,0
2544,29.06,28.51,0
2545,28.78,28.78,0
2546,29.06,27.67,0
2547,29.34,27.12,0
2548,28.78,26.56,0
2549,29.34,26.01,0
2550,29.34,27.12,0
2551,29.34,26.29,0
2552,29.06,27.95,0
2553,29.34,28.23,0
2554,28.78,26.84,0
2555,28.78,26.56,0
2556,29.06,26.56,0
2557,28.78,25.17,0
2558,29.06,25.73,0
2559,29.34,26.56,0
2560,29.06,26.56,0
2561,29.06,27.40,0
2562,29.06,26.29,0
2563,29.34,26.56,0
2564,29.06,25.45,0
2565,28.78,24.62,0
2566,28.78,26.01,0
2567,29.06,27.12,0
2568,29.06,27.40,0
2569,28.78,27.40,0
2570,29.06,26.56,0
2571,28.78,26.56,0
2572,28.78,25.17,0
2573,29.06,25.73,0
2574,29.06,27.40,0
2575,29.06,27.67,0
2576,29.34,28.23,0
2577,29.06,27.67,0
2578,29.34,27.95,0
2579,29.06,25.73,0
2580,29.06,24.90,0
2581,29.34,27.12,0
2582,29.06,27.12,0
2583,29.34,27.67,0
2584,29.06,27.67,0
2585,29.34,26.56,0
2586,29.06,26.29,0
2587,28.78,25.17,0
2588,29.06,26.29,0
2589,29.06,27.12,0
2590,28.51,27.67,0
2591,29.06,27.95,0
2592,29.06,27.95,0
2593,28.51,27.95,0
2595,29.06,26.56,0
2596,28.78,26.01,0
2597,29.06,27.12,0
2598,28.78,27.40,0
2599,29.34,28.78,0
2600,29.06,27.40,0
2601,29.06,26.84,0
2602,28.78,26.01,0
2603,29.34,25.45,0
2604,29.06,26.29,0
2605,29.06,26.84,0
2606,29.06,27.12,0
2607,28.78,27.40,0
2608,29.06,26.84,0
2609,28.78,27.12,0
2610,29.06,26.01,0
2611,29.34,26.29,0
2612,28.78,28.23,0
2613,28.78,27.12,0
2614,29.34,28.23,0
2615,29.06,27.40,0
2616,29.34,26.84,0
2617,29.06,27.12,0
2618,29.62,26.84,0
2619,29.06,27.95,0
2620,29.06,27.67,0
2621,28.51,27.95,0
2622,29.34,28.78,0
2623,29.06,27.40,0
2624,29.06,28.23,0
2625,29.34,27.67,0
2626,28.78,26.56,0
2627,28.23,27.40,0
2628,28.78,29.34,0
2629,28.78,30.17,0
2630,29.06,29.89,0
2631,29.34,28.23,0
2632,29.06,27.40,0
2633,28.78,26.56,0
2634,29.06,25.73,0
2635,29.34,26.29,0
2636,29.06,27.40,0
2637,28.78,27.67,0
2638,28.78,27.12,0
2639,28.78,27.12,0
2640,28.78,26.56,0
2641,29.06,25.45,0
2642,29.34,26.29,0
2643,29.06,27.12,0
2644,29.06,29.89,0
2645,29.06,29.62,0
2646,29.06,29.62,0
2647,28.78,29.62,0
2648,29.06,26.56,0
2649,29.62,24.62,0
2650,29.06,24.90,0
2651,29.34,26.56,0
2652,29.34,26.84,0
2653,29.34,27.12,0
2654,29.34,27.12,0
2655,29.34,26.29,0
2656,29.06,26.56,0
2657,29.06,25.45,0
2658,29.34,25.73,0
2659,29.06,26.84,0
2660,28.78,27.40,0
2661,28.78,28.23,0
2662,29.06,27.95,0
2663,29.34,26.84,0
2664,29.34,27.12,0
2665,28.78,25.45,0
2666,28.78,26.56,0
2667,29.06,27.95,0
2668,28.51,27.40,0
2669,29.34,27.95,0
2670,29.06,27.67,0
2671,29.34,26.56,0
2672,29.06,25.17,0
2673,29.06,26.01,0
2674,29.06,26.56,0
2675,29.06,27.12,0
2676,29.06,27.12,0
2677,28.78,27.40,0
2678,28.78,27.40,0
2679,28.78,26.84,0
2680,29.34,26.56,0
2681,28.78,25.45,0
2682,29.06,26.01,0
2683,28.51,26.29,0
2684,28.51,27.12,0
2685,28.23,28.23,0
2686,29.06,27.95,0
2687,29.06,26.56,0
2688,28.78,27.95,0
2689,29.06,26.29,0
2690,28.51,25.45,0
2691,29.06,27.12,0
2692,29.06,26.84,0
2693,28.78,26.84,0
2694,28.51,27.40,0
2695,29.06,27.12,0
2696,28.78,26.56,0
2697,29.06,25.73,0
2698,28.78,25.17,0
2699,28.23,26.01,0
2700,29.06,26.84,0
2701,28.78,27.40,0
2702,28.78,27.40,0
2703,28.78,27.40,0
2704,29.34,27.12,0
2705,29.06,26.84,0
2706,29.06,25.73,0
2707,29.06,26.56,0
2708,29.06,26.01,0
2709,29.06,26.84,0
2710,29.06,28.23,0
2711,28.78,27.95,0
2712,28.78,27.67,0
2713,28.78,26.84,0
2714,29.06,26.56,0
2715,29.06,24.90,0
2716,28.78,24.62,0
2717,28.51,26.01,0
2718,29.06,27.40,0
2719,29.06,26.84,0
2720,29.34,27.95,0
2721,29.06,26.84,0
2722,28.51,26.01,0
2723,29.34,26.56,0
2724,28.78,24.90,0
2725,28.78,24.90,0
2726,28.51,27.12,0
2727,28.78,26.01,0
2728,29.34,27.12,0
2729,29.06,27.67,0
2730,29.34,26.84,0
2731,29.06,26.29,0
2732,29.06,26.01,0
2733,28.78,25.45,0
2734,29.06,25.73,0
2735,29.34,26.84,0
2736,29.06,27.40,0
2737,28.78,28.23,0
2738,28.78,28.23,0
2739,29.06,27.95,0
2740,28.78,26.29,0
2741,28.78,26.56,0
2742,28.78,25.45,0
2743,29.06,25.45,0
2744,29.06,26.84,0
2745,29.34,27.12,0
2746,28.23,27.12,0
2747,29.06,28.23,0
2748,28.78,28.51,0
2749,29.06,27.12,0
2750,29.06,27.12,0
2751,29.06,26.84,0
2752,29.06,26.29,0
2753,29.06,25.45,0
2754,29.06,27.67,0
2755,28.23,27.95,0
2756,29.06,27.67,0
2757,28.51,27.95,0
2758,29.06,27.67,0
