0,27.40,24.34,50
1,28.23,24.62,50
2,28.51,25.17,50
3,28.51,25.45,50
4,27.95,25.45,50
5,29.06,25.45,50
6,29.06,25.45,50
7,29.06,25.73,50
8,29.06,25.73,50
9,28.51,25.45,50
10,28.78,25.73,50
11,28.78,25.45,50
12,28.51,25.73,50
13,28.78,25.73,50
14,29.34,25.45,50
15,29.06,25.73,50
16,28.78,25.45,50
17,28.78,26.01,50
18,28.78,25.73,50
19,29.34,26.01,50
20,28.78,26.01,50
21,29.34,25.73,50
22,28.78,25.73,50
23,29.06,26.01,50
24,28.78,25.45,50
25,29.06,26.01,50
26,29.34,26.01,50
27,28.78,25.45,50
28,29.06,26.01,50
29,29.34,25.73,50
30,28.78,25.45,50
31,29.06,25.45,50
32,28.78,25.73,50
33,29.06,25.73,50
34,28.51,25.73,50
35,29.06,25.45,50
36,28.51,25.73,50
37,28.78,25.73,50
38,29.34,25.45,50
39,29.06,24.90,50
40,29.06,26.01,50
41,29.06,25.73,50
42,29.06,26.01,50
43,29.06,25.73,50
44,29.06,25.17,50
45,28.51,25.17,50
46,29.06,26.01,50
47,28.51,25.73,50
48,29.06,25.17,50
49,28.78,25.45,50
50,29.34,25.73,50
51,29.34,25.45,50
52,29.06,26.29,50
53,29.62,25.73,50
54,29.06,25.45,50
55,28.78,25.73,50
56,28.78,25.73,50
57,28.78,25.45,50
58,29.06,26.01,50
59,29.06,25.45,50
60,29.06,26.29,50
61,29.34,26.01,50
62,29.06,25.17,50
63,29.62,26.01,50
64,28.78,25.45,50
65,28.51,25.45,50
66,29.34,26.01,50
67,29.34,26.01,50
68,28.78,25.45,50
69,28.78,26.01,50
70,29.34,26.01,50
71,29.34,25.73,50
72,29.34,25.73,50
73,29.06,25.45,50
74,29.06,25.45,50
75,29.34,26.01,50
76,28.78,26.01,50
77,29.06,25.73,50
78,29.06,25.73,50
79,29.34,25.73,50
80,29.34,25.73,50
81,29.06,26.01,50
82,29.06,25.45,50
83,29.06,25.73,50
84,29.34,25.45,50
85,29.34,26.01,50
86,29.06,25.73,50
87,29.62,25.45,50
88,28.78,26.01,50
89,29.34,25.17,50
90,29.34,25.17,50
91,29.34,26.01,50
92,28.78,26.01,50
93,29.34,25.73,50
94,29.06,26.01,50
95,29.62,26.29,50
96,29.34,26.01,50
97,29.06,26.29,50
98,29.06,26.01,50
99,29.06,25.45,50
100,29.34,26.01,50
101,29.34,26.01,50
102,29.06,25.73,50
103,29.34,25.45,50
104,29.62,25.73,50
105,28.78,26.01,50
106,29.06,26.01,50
107,29.34,26.01,50
108,29.34,25.73,50
109,29.62,25.73,50
110,29.62,25.73,50
111,29.06,25.73,50
112,29.34,25.73,50
113,29.06,25.73,50
114,28.78,25.17,50
115,29.62,26.01,50
116,29.06,25.73,50
117,29.34,25.45,50
118,29.06,25.45,50
119,29.62,26.01,50
120,29.06,25.45,50
121,29.06,25.73,50
122,29.62,25.73,50
123,29.06,25.45,50
124,29.34,25.73,50
125,29.06,25.73,50
126,29.62,26.01,50
127,29.62,26.01,50
128,29.62,25.45,50
129,29.34,25.45,50
130,29.62,25.17,50
131,28.78,25.73,50
132,29.62,26.01,50
133,29.34,26.01,50
134,29.62,25.73,50
135,29.62,25.45,50
136,29.62,25.45,50
137,29.34,25.45,50
138,29.34,25.73,50
139,29.34,25.73,50
140,29.06,26.01,50
141,29.34,25.73,50
142,29.62,25.73,50
143,29.06,25.73,50
144,29.06,26.01,50
145,29.06,26.01,50
146,29.62,25.73,50
147,29.62,25.73,50
148,29.62,26.29,50
149,29.34,25.73,50
150,29.06,25.73,50
151,29.62,25.45,50
152,29.06,26.01,50
153,29.34,25.73,50
154,29.34,25.73,50
155,29.34,25.17,50
156,29.62,25.17,50
157,29.34,26.29,50
158,29.06,25.45,50
159,29.89,26.01,50
160,29.06,26.01,50
161,29.34,25.73,50
162,29.62,26.29,50
163,29.62,25.73,50
164,29.62,25.17,50
165,29.62,25.73,50
166,28.78,25.73,50
167,29.62,25.73,50
168,29.06,25.73,50
169,29.06,25.45,50
170,29.62,25.73,50
171,29.62,25.17,50
172,29.62,25.73,50
173,29.62,25.73,50
174,29.34,25.73,50
175,29.34,25.73,50
176,29.62,25.73,50
177,29.06,25.73,50
178,29.62,26.01,50
179,29.62,25.73,50
180,29.62,25.73,50
181,29.62,25.73,50
182,29.06,25.45,50
183,29.62,25.73,50
184,29.06,25.73,50
185,29.62,26.01,50
186,29.06,26.01,50
187,29.34,26.01,50
188,29.34,26.01,50
189,29.34,26.29,50
190,29.06,25.45,50
191,29.34,26.01,50
192,29.62,25.73,50
193,29.62,26.29,50
194,29.06,25.73,50
195,28.78,26.29,50
196,29.34,25.73,50
197,28.78,25.73,50
198,29.62,25.17,50
199,28.51,26.29,50
200,29.62,26.29,50
201,29.62,25.73,50
202,29.06,25.73,50
203,29.89,26.01,50
204,29.06,26.29,50
205,29.34,26.29,50
206,29.62,26.01,50
207,29.06,25.45,50
208,28.78,26.01,50
209,29.34,25.73,50
210,29.62,26.01,50
211,29.62,26.01,50
212,29.62,26.01,50
213,29.62,25.17,50
214,29.62,26.29,50
215,29.34,25.73,50
216,29.34,25.45,50
217,28.78,25.45,50
218,29.62,25.73,50
219,29.62,25.73,50
220,29.62,26.01,50
221,29.34,25.73,50
222,29.62,26.01,50
223,29.62,25.45,50
224,29.62,25.73,50
225,29.06,26.01,50
226,29.62,25.73,50
227,29.06,26.29,50
228,29.62,25.73,50
229,29.62,26.01,50
230,29.06,26.29,50
231,29.62,26.29,50
232,29.62,26.29,50
233,29.62,26.01,50
234,29.62,26.29,50
235,29.34,26.29,50
236,29.62,26.29,50
237,29.06,25.45,50
238,29.89,26.01,50
239,28.78,25.73,50
240,29.34,26.01,50
241,29.89,26.01,50
242,29.89,26.01,50
243,29.62,25.73,50
244,29.62,26.29,50
245,29.62,25.73,50
246,29.62,26.29,50
247,29.62,26.01,50
248,29.06,26.29,50
249,29.34,25.73,50
250,29.06,25.73,50
251,29.62,25.73,50
252,29.06,25.73,50
253,29.34,25.45,50
254,29.34,26.01,50
255,29.89,26.01,50
256,29.89,26.29,50
257,29.62,26.01,50
258,29.62,26.01,50
259,29.62,26.01,50
260,29.34,26.01,50
261,29.89,26.01,50
262,29.89,26.29,50
263,29.34,26.01,50
264,29.62,25.45,50
265,29.06,25.45,50
266,29.34,26.01,50
267,29.89,25.73,50
268,29.89,26.01,50
269,29.34,25.73,50
270,29.89,25.73,50
271,29.89,25.17,50
272,29.89,26.29,50
273,29.89,26.01,50
274,29.62,25.73,50
275,29.89,26.01,50
276,29.62,26.01,50
277,29.62,26.01,50
278,29.89,25.73,50
279,29.62,25.73,50
280,29.62,26.01,50
281,29.89,25.73,50
282,29.34,26.29,50
283,29.89,26.29,50
284,29.34,26.01,50
285,29.06,25.73,50
286,29.62,26.01,50
287,29.62,26.29,50
288,29.62,25.73,50
289,29.34,26.56,50
290,29.62,25.73,50
291,29.34,26.01,50
292,29.62,26.29,50
293,29.34,26.01,50
294,29.06,26.01,50
295,29.89,26.29,50
296,29.89,26.29,50
297,29.62,26.29,50
298,29.62,26.29,50
299,29.62,26.29,50
300,29.62,25.73,50
301,29.89,26.56,50
302,29.89,25.73,50
303,29.34,26.56,50
304,29.62,26.56,50
305,29.89,26.01,50
306,29.62,26.29,50
307,29.89,25.73,50
308,29.34,26.29,50
309,29.06,26.29,50
310,29.62,26.29,50
311,28.78,26.01,50
312,29.06,25.73,50
313,29.62,26.29,50
314,29.89,26.01,50
315,29.89,25.45,50
316,29.89,26.01,50
317,29.34,26.29,50
318,29.62,26.29,50
319,29.62,26.29,50
320,29.89,26.01,50
321,29.34,26.29,50
322,29.34,26.29,50
323,29.89,26.01,50
324,29.34,26.29,50
325,29.34,26.01,50
326,29.34,26.29,50
327,29.62,26.29,50
328,29.34,26.56,50
329,29.62,26.01,50
330,29.62,26.29,50
331,29.34,26.29,50
332,29.34,26.56,50
333,29.06,26.29,50
334,29.89,26.01,50
335,29.89,26.56,50
336,29.62,26.29,50
337,29.89,26.29,50
338,29.89,26.01,50
339,29.62,25.73,50
340,29.89,26.56,50
341,29.34,25.73,50
342,29.34,26.29,50
343,29.34,26.01,50
344,29.62,26.29,50
345,29.06,26.01,50
346,29.06,26.01,50
347,29.89,25.73,50
348,29.62,26.56,50
349,29.89,26.29,50
350,29.34,26.29,50
351,29.34,26.01,50
352,29.89,26.01,50
353,29.34,26.56,50
354,29.34,26.56,50
355,29.06,26.29,50
356,29.34,26.56,50
357,29.89,26.56,50
358,29.62,26.56,50
359,29.62,26.29,50
360,29.62,26.29,50
361,29.89,26.29,50
362,29.62,26.01,50
363,29.62,26.29,50
364,28.78,26.29,50
365,29.89,26.56,50
366,29.34,26.56,50
367,29.62,26.29,50
368,29.89,26.29,50
369,29.89,26.01,50
370,29.62,26.56,50
371,29.89,25.45,50
372,29.06,26.29,50
373,29.34,26.01,50
374,29.62,26.56,50
375,29.89,26.29,50
376,29.89,26.56,50
377,29.89,26.29,50
378,29.62,26.01,50
379,29.62,26.29,50
380,29.34,26.29,50
381,29.89,26.01,50
382,29.89,25.73,50
383,29.62,26.29,50
384,29.62,26.56,50
385,30.17,26.01,50
386,29.62,26.01,50
387,29.89,26.56,50
388,29.89,26.29,50
389,29.89,26.01,50
390,29.89,25.73,50
391,29.89,26.29,50
392,29.89,26.29,50
393,29.89,26.29,50
394,29.06,25.73,50
395,29.89,26.56,50
396,29.89,26.29,50
397,29.89,26.01,50
398,29.62,25.73,50
399,29.89,26.29,50
400,29.89,26.01,50
401,29.34,26.29,50
402,29.89,25.73,50
403,29.34,26.56,50
404,28.78,26.56,50
405,29.89,26.56,50
406,29.62,26.29,50
407,29.89,26.29,50
408,29.06,26.29,50
409,29.89,26.01,50
410,29.62,26.56,50
411,29.34,26.01,50
412,29.34,26.56,50
413,29.89,26.01,50
414,29.62,26.01,50
415,29.34,26.56,50
416,29.34,26.56,50
417,29.89,26.56,50
418,29.62,26.01,50
419,29.89,26.29,50
420,29.62,26.56,50
421,29.62,26.56,50
422,29.62,26.56,50
423,29.89,25.73,50
424,29.89,26.01,50
425,29.62,26.56,50
426,29.62,26.29,50
427,29.89,26.29,50
428,29.62,25.73,50
429,29.89,26.56,50
430,29.89,26.29,50
431,29.62,26.29,50
432,29.89,26.56,50
433,29.62,26.29,50
434,29.89,26.29,50
435,29.62,26.56,50
437,29.62,25.45,50
438,29.62,26.56,50
439,29.06,26.56,50
440,29.34,26.29,50
441,29.62,26.29,50
442,29.62,25.73,50
443,29.89,25.73,50
444,29.34,26.01,50
445,29.34,26.29,50
446,29.89,26.29,50
447,29.62,26.56,50
448,29.62,26.01,50
449,29.89,26.56,50
450,29.89,25.73,50
451,29.62,26.56,50
452,29.34,26.01,50
453,29.62,25.73,50
454,28.78,26.29,50
455,29.62,25.73,50
456,29.62,25.73,50
457,29.62,25.73,50
458,29.62,25.73,50
459,29.89,25.73,50
460,29.62,26.01,50
461,29.62,25.73,50
462,29.06,26.01,50
463,29.89,26.01,50
464,29.62,26.29,50
465,29.34,26.29,50
466,29.62,26.01,50
467,29.89,25.73,50
468,29.62,26.29,50
469,29.62,26.29,50
470,29.62,26.01,50
471,29.62,25.73,50
472,29.62,26.29,50
473,29.62,26.29,50
474,29.89,26.01,50
475,29.62,26.01,50
476,29.62,26.01,50
477,29.62,25.73,50
478,29.89,26.29,50
479,29.62,26.29,50
480,29.89,25.73,50
481,29.89,26.29,50
482,29.34,26.01,50
483,29.62,26.01,50
484,30.17,26.29,50
485,29.89,26.01,50
486,29.62,26.01,50
487,29.62,25.73,50
488,29.89,25.73,50
489,29.34,26.29,50
490,29.06,25.73,50
491,29.89,25.73,50
492,29.89,26.29,50
493,29.34,26.01,50
494,30.17,26.01,50
495,29.62,26.01,50
496,29.62,26.29,50
497,29.89,26.01,50
498,29.06,26.29,50
499,29.89,26.01,50
500,29.89,26.01,50
501,29.62,26.01,50
502,29.34,26.29,50
503,29.34,26.56,50
504,29.62,26.29,50
505,29.62,26.29,50
506,29.62,26.29,50
507,29.62,26.56,50
508,29.89,26.29,50
509,29.62,26.29,50
510,29.62,26.29,50
511,29.62,26.01,50
512,29.62,26.29,50
513,29.89,26.29,50
514,29.89,26.29,50
515,29.62,26.01,50
516,29.62,26.29,50
517,29.62,26.29,50
518,29.34,26.29,50
519,29.62,26.29,50
520,29.34,25.45,50
521,29.62,26.29,50
522,29.89,26.29,50
523,29.34,26.29,50
524,29.62,25.73,50
525,29.89,26.29,50
526,29.62,26.29,50
527,30.17,26.01,50
528,29.89,25.73,50
529,29.34,26.29,50
530,29.89,26.29,50
531,29.89,25.45,50
532,29.06,26.01,50
533,29.62,26.29,50
534,29.62,26.29,50
535,29.62,26.29,50
536,29.34,25.73,50
537,29.06,26.01,50
538,29.89,26.29,50
539,29.89,26.29,50
540,29.62,25.73,50
541,29.62,25.73,50
542,29.62,25.45,50
543,29.34,26.01,50
544,29.34,26.01,50
545,29.34,26.01,50
546,29.34,26.29,50
547,29.62,26.29,50
548,29.89,25.73,50
549,29.89,26.01,50
550,29.62,26.01,50
551,29.34,25.73,50
552,29.62,26.29,50
553,29.62,26.29,50
554,29.62,25.73,50
555,30.17,25.73,50
556,29.89,26.01,50
557,29.89,26.29,50
558,29.62,25.73,50
559,30.17,26.56,50
560,29.89,26.01,50
561,29.34,26.29,50
562,29.89,25.73,50
563,29.34,25.73,50
564,29.89,26.01,50
565,29.89,26.01,50
566,29.62,26.29,50
567,29.62,26.01,50
568,29.89,26.01,50
569,29.89,26.56,50
570,29.89,26.01,50
571,29.06,26.01,50
572,29.62,26.01,50
573,29.62,26.01,50
574,30.17,26.01,50
575,29.34,26.29,50
576,29.89,26.01,50
577,29.89,26.01,50
578,29.62,25.45,50
579,29.34,26.01,50
580,29.62,26.01,50
581,29.62,26.29,50
582,29.89,26.29,50
583,29.06,26.29,50
584,29.62,26.29,50
585,29.89,26.29,50
586,30.17,25.73,50
587,29.62,26.01,50
588,29.62,26.01,50
589,30.17,26.29,50
590,29.62,26.01,50
591,29.89,26.01,50
592,29.89,26.01,50
593,29.89,25.45,50
594,29.06,26.29,50
595,29.06,25.73,50
596,29.62,25.73,50
597,29.89,25.73,50
598,29.89,26.29,50
599,30.17,26.29,50
600,29.06,26.29,50
601,29.89,26.29,50
602,29.62,25.45,50
603,29.62,26.01,50
604,29.34,26.01,50
605,29.62,26.01,50
606,29.34,26.01,50
607,30.17,26.01,50
608,29.62,26.29,50
609,30.17,26.01,50
610,29.89,25.73,50
611,29.34,25.73,50
612,29.62,26.01,50
613,29.34,26.29,50
614,29.89,25.73,50
615,30.17,25.73,50
616,29.34,26.29,50
617,29.34,26.01,50
618,30.17,26.01,50
619,29.06,26.56,50
620,29.89,25.73,50
621,30.17,26.56,50
622,29.89,25.45,50
623,29.62,26.29,50
624,29.89,25.73,50
625,29.62,26.29,50
626,30.17,26.56,50
627,29.89,26.01,50
628,29.34,26.01,50
629,29.89,26.56,50
630,29.34,26.29,50
631,29.89,25.73,50
632,29.62,26.56,50
633,29.89,25.73,50
634,30.17,26.01,50
635,28.78,26.01,50
636,29.34,26.01,50
637,29.62,26.56,50
638,29.34,26.29,50
639,29.62,26.29,50
640,29.62,26.01,50
641,29.34,25.73,50
642,29.89,26.29,50
643,29.89,26.01,50
644,29.62,26.01,50
645,29.06,26.56,50
646,29.62,26.01,50
647,29.62,26.01,50
648,29.89,26.29,50
649,29.34,25.73,50
650,29.89,25.73,50
651,29.62,26.01,50
652,30.17,25.73,50
653,29.62,26.29,50
654,29.34,25.45,50
655,29.89,26.29,50
656,29.89,26.01,50
657,29.34,25.73,50
658,29.89,26.01,50
659,29.62,26.56,50
660,29.62,26.56,50
661,29.34,26.56,50
662,29.62,26.56,50
663,29.34,26.56,50
664,29.89,26.01,50
665,29.89,26.56,50
666,30.17,25.73,50
667,29.62,26.01,50
668,29.06,26.56,50
669,29.62,25.73,50
670,29.62,26.56,50
671,29.34,26.01,50
672,30.17,26.29,50
673,29.89,26.56,50
674,29.62,26.56,50
675,30.17,26.29,50
676,29.06,26.01,50
677,29.89,25.73,50
678,29.62,25.73,50
679,29.89,26.29,50
680,29.62,26.01,50
681,29.34,26.29,50
682,29.34,26.29,50
683,29.89,25.73,50
684,29.89,26.01,50
685,29.89,26.01,50
686,29.89,25.73,50
687,29.34,26.29,50
688,29.89,26.01,50
689,29.89,25.45,50
690,29.34,26.29,50
691,29.89,26.29,50
692,29.89,26.29,50
693,29.62,26.01,50
694,29.89,26.29,50
695,29.89,26.29,50
696,29.89,26.56,50
697,30.17,26.56,50
698,29.89,26.56,50
699,29.89,25.45,50
700,29.89,26.01,50
701,29.89,26.01,50
702,29.34,26.56,50
703,29.89,26.56,50
704,29.62,26.56,50
705,29.89,26.56,50
706,29.34,26.29,50
707,29.34,26.56,50
708,29.89,26.56,50
709,29.06,25.73,50
710,29.34,26.29,50
711,29.89,26.01,50
712,29.62,26.29,50
713,30.17,26.29,50
714,29.89,26.29,50
715,30.17,26.01,50
716,29.62,25.73,50
717,29.34,25.73,50
718,29.62,26.29,50
719,29.89,26.01,50
720,29.34,26.29,50
721,29.62,26.29,50
722,29.89,26.29,50
723,29.62,26.29,50
724,29.89,26.29,50
725,29.34,26.01,50
726,29.89,26.01,50
727,29.34,26.29,50
728,29.89,26.29,50
729,29.89,26.29,50
730,29.34,25.73,50
731,29.89,25.45,50
732,29.89,26.29,50
733,29.62,25.73,50
734,29.06,26.29,50
735,30.17,25.73,50
736,30.17,26.29,50
737,29.34,26.01,50
738,29.89,26.01,50
739,29.34,26.01,50
740,29.62,26.01,50
741,29.62,25.17,50
742,29.34,26.29,50
743,29.62,26.01,50
744,29.62,26.29,50
745,29.06,26.01,50
746,29.62,26.01,50
747,29.89,26.29,50
748,29.89,26.29,50
749,29.89,26.29,50
750,29.89,26.29,50
751,29.89,26.29,50
752,29.34,26.01,50
753,29.89,26.01,50
754,29.89,25.73,50
755,29.62,26.01,50
756,29.34,26.29,50
757,30.45,26.01,50
758,30.17,25.73,50
759,29.06,25.73,50
760,29.34,26.29,50
761,29.34,26.29,50
762,29.06,26.29,50
763,29.62,26.01,50
764,30.17,25.73,50
765,29.62,26.01,50
766,29.34,25.73,50
767,29.89,26.01,50
768,29.62,26.29,50
769,29.89,25.17,50
770,29.89,26.29,50
771,29.89,26.01,50
772,29.62,26.01,50
773,29.89,26.01,50
774,29.62,26.01,50
775,29.89,25.73,50
776,29.62,26.01,50
777,29.34,26.01,50
778,29.89,25.73,50
779,29.62,26.29,50
780,29.34,26.01,50
781,29.62,26.29,50
782,29.89,26.29,50
783,30.17,26.29,50
784,29.34,25.45,50
785,29.89,25.73,50
786,29.89,26.29,50
787,29.89,26.29,50
788,29.62,25.73,50
789,29.89,26.01,50
790,29.06,26.29,50
791,29.89,26.29,50
792,29.89,26.29,50
793,29.62,26.29,50
794,29.89,26.01,50
795,29.62,26.29,50
796,29.62,25.45,50
797,29.62,26.29,50
798,29.62,26.29,50
799,29.89,25.73,50
800,30.17,26.29,50
801,29.89,26.29,50
802,29.34,26.01,50
803,29.89,26.01,50
804,29.89,26.01,50
805,30.17,26.01,50
806,29.62,26.29,50
807,30.17,26.01,50
808,29.89,26.01,50
809,29.89,26.01,50
810,29.89,26.01,50
811,29.89,26.29,50
812,29.34,25.45,50
813,29.89,26.01,50
814,29.89,26.01,50
815,29.62,26.01,50
816,29.62,26.01,50
817,29.34,25.45,50
818,29.89,25.73,50
819,29.89,26.29,50
820,29.89,26.01,50
821,29.34,26.29,50
822,29.89,25.73,50
823,30.17,26.01,50
824,29.06,26.01,50
825,29.89,25.45,50
826,29.34,25.73,50
827,29.34,26.01,50
828,29.89,26.29,50
829,29.89,26.29,50
830,29.62,26.01,50
831,29.89,26.29,50
832,29.62,25.73,50
833,29.89,26.01,50
834,29.62,26.29,50
835,29.62,26.29,50
836,30.17,25.73,50
837,29.62,25.73,50
838,29.89,25.73,50
839,29.06,26.01,50
840,29.89,26.01,50
841,29.89,26.01,50
842,29.89,25.73,50
843,29.62,25.45,50
844,29.34,25.45,50
845,29.89,26.01,50
846,29.89,26.01,50
847,29.62,26.29,50
848,29.62,26.01,50
849,29.89,25.73,50
850,29.89,26.01,50
851,29.89,25.73,50
852,30.17,26.01,50
853,29.62,25.73,50
854,29.34,25.73,50
855,30.17,26.01,50
856,29.89,25.73,50
857,29.62,25.73,50
858,29.89,25.73,50
859,30.17,26.01,50
860,29.34,26.01,50
861,29.89,25.73,50
862,29.62,26.29,50
863,29.89,26.29,50
864,29.89,26.01,50
865,29.89,25.73,50
866,29.89,26.29,50
867,29.89,26.29,50
868,29.89,26.56,50
869,29.34,26.01,50
870,29.89,25.73,50
872,29.89,25.73,50
873,29.89,26.01,50
874,30.17,26.01,50
875,29.62,26.01,50
876,29.62,26.29,50
877,29.89,26.56,50
878,29.89,26.29,50
879,29.89,26.29,50
880,29.89,26.01,50
881,29.89,25.17,50
882,29.62,26.29,50
883,29.62,25.73,50
884,29.62,26.29,50
885,29.89,25.73,50
886,29.89,26.56,50
887,29.89,26.56,50
888,29.34,26.01,50
889,30.17,26.29,50
890,30.17,25.73,50
891,29.89,26.29,50
892,29.62,25.73,50
893,29.89,26.29,50
894,29.62,26.01,50
895,30.17,25.73,50
896,30.17,26.01,50
897,29.62,26.29,50
898,29.89,26.01,50
899,29.89,26.29,50
900,29.62,25.73,50
901,29.62,26.29,50
902,29.06,26.29,50
903,29.62,26.56,50
904,29.62,26.29,50
905,29.89,26.29,50
906,29.89,25.45,50
907,29.89,25.73,50
908,29.89,25.73,50
909,29.34,26.29,50
910,29.62,26.29,50
911,29.62,25.73,50
912,29.62,25.73,50
913,29.62,26.29,50
914,29.62,26.29,50
915,29.89,25.73,50
916,29.89,26.01,50
917,29.89,26.29,50
918,29.89,26.01,50
919,29.89,25.73,50
920,29.89,26.01,50
921,29.89,26.29,50
922,29.89,26.01,50
923,29.89,26.29,50
924,29.62,26.56,50
925,29.89,25.45,50
926,30.17,26.29,50
927,30.17,26.01,50
928,29.62,26.29,50
929,30.17,25.45,50
930,29.89,26.01,50
931,30.17,26.29,50
932,29.89,26.29,50
933,29.89,26.29,50
934,29.89,26.01,50
935,30.17,26.56,50
936,29.89,26.29,50
937,29.89,26.01,50
938,29.89,26.56,50
939,29.89,26.01,50
940,29.89,26.29,50
941,29.89,26.56,50
942,29.89,26.01,50
943,29.89,26.56,50
944,29.89,26.01,50
945,29.89,26.56,50
946,30.17,26.29,50
947,29.89,26.56,50
948,29.89,26.29,50
949,30.17,26.56,50
950,29.62,26.56,50
951,30.17,26.56,50
952,29.34,26.29,50
953,29.89,25.73,50
954,29.89,26.29,50
955,30.17,26.29,50
956,29.89,26.56,50
957,29.89,26.56,50
958,29.89,26.29,50
959,29.89,26.29,50
960,29.89,26.29,50
961,29.34,25.73,50
962,29.62,26.01,50
963,29.34,26.29,50
964,29.89,26.56,50
965,28.78,26.56,50
966,30.17,26.56,50
967,30.17,26.01,50
968,29.89,25.73,50
969,29.89,26.29,50
970,29.62,26.29,50
971,29.89,26.01,50
972,29.62,26.56,50
973,29.34,26.29,50
974,29.62,26.29,50
975,29.89,26.56,50
976,29.34,26.29,50
977,30.17,26.56,50
978,29.89,25.73,50
979,29.62,26.56,50
980,29.89,26.56,50
981,29.89,25.73,50
982,30.17,26.29,50
983,29.62,26.29,50
984,30.17,26.56,50
985,30.17,26.56,50
986,29.62,26.56,50
987,29.89,25.45,50
988,29.34,26.56,50
989,29.62,26.29,50
990,29.62,26.56,50
991,30.17,26.29,50
992,29.34,26.56,50
993,30.17,26.56,50
994,30.17,26.01,50
995,29.89,26.01,50
996,30.17,26.29,50
997,29.89,26.56,50
998,30.17,26.29,50
999,30.45,26.56,50
1000,29.89,26.01,50
1001,29.89,26.56,50
1002,29.89,26.56,50
1003,29.89,25.73,50
1004,30.17,26.01,50
1005,29.89,26.29,50
1006,29.89,26.56,50
1007,29.34,26.56,50
1008,29.89,26.56,50
1009,29.89,26.29,50
1010,30.17,26.56,50
1011,29.89,26.29,50
1012,30.17,25.73,50
1013,29.34,26.01,50
1014,30.17,25.45,50
1015,29.34,25.73,50
1016,29.89,26.56,50
1017,29.89,26.29,50
1018,29.89,26.29,50
1019,29.06,26.29,50
1020,29.89,26.56,50
1021,29.89,26.29,50
1022,29.62,25.73,50
1023,29.89,26.01,50
1024,29.89,26.29,50
1025,30.17,25.73,50
1026,29.89,26.29,50
1027,29.89,26.29,50
1028,29.89,25.73,50
1029,29.89,25.73,50
1030,29.89,25.73,50
1031,29.62,26.29,50
1032,29.62,26.29,50
1033,29.89,26.29,50
1034,29.89,25.45,50
1035,29.89,25.73,50
1036,29.89,26.29,50
1037,29.89,26.29,50
1038,29.89,26.29,50
1039,29.89,26.29,50
1040,29.62,26.01,50
1041,29.89,26.29,50
1042,29.89,26.01,50
1043,29.62,26.01,50
1044,29.62,25.45,50
1045,29.62,26.29,50
1046,29.89,25.45,50
1047,29.89,26.01,50
1048,29.89,25.45,50
1049,29.89,26.01,50
1050,29.89,26.01,50
1051,29.89,25.73,50
1052,30.17,26.29,50
1053,29.89,26.29,50
1054,29.89,25.73,50
1055,30.17,26.29,50
1056,29.62,25.73,50
1057,29.34,26.01,50
1058,29.62,26.01,50
1059,30.17,25.17,50
1060,29.89,26.29,50
1061,29.62,26.01,50
1062,30.17,25.73,50
1063,30.17,26.01,50
1064,29.62,26.29,50
1065,29.62,26.01,50
1066,29.62,26.29,50
1067,29.89,26.29,50
1068,30.17,26.29,50
1069,29.89,26.29,50
1070,30.17,26.01,50
1071,29.89,26.01,50
1072,29.89,26.01,50
1073,29.62,26.01,50
1074,29.89,26.29,50
1075,30.45,26.56,50
1076,29.89,26.29,50
1077,30.45,26.01,50
1078,29.89,26.29,50
1079,29.62,26.01,50
1080,30.17,26.29,50
1081,30.45,26.01,50
1082,29.62,26.29,50
1083,30.17,26.01,50
1084,29.62,26.29,50
1085,29.62,25.73,50
1086,29.62,26.29,50
1087,30.17,26.29,50
1088,30.17,26.29,50
1089,29.89,26.29,50
1090,30.17,26.29,50
1091,30.45,26.29,50
1092,30.45,26.29,50
1093,30.17,26.29,50
1094,30.17,26.56,50
1095,30.17,26.56,50
1096,29.62,26.01,50
1097,29.62,26.01,50
1098,30.45,26.29,50
1099,29.62,25.45,50
1100,29.89,26.01,50
1101,30.17,26.29,50
1102,29.89,25.73,50
1103,30.17,25.73,50
1104,29.89,26.01,50
1105,29.89,26.01,50
1106,29.89,25.73,50
1107,30.45,26.01,50
1108,30.17,26.29,50
1109,29.89,26.29,50
1110,30.45,26.29,50
1111,29.62,25.73,50
1112,29.62,26.01,50
1113,29.62,26.29,50
1114,30.17,25.73,50
1115,30.17,25.73,50
1116,30.45,26.01,50
1117,29.34,25.73,50
1118,29.89,25.73,50
1119,30.17,26.29,50
1120,30.17,26.01,50
1121,30.17,26.56,50
1122,29.89,25.17,50
1123,29.89,25.73,50
1124,29.89,26.01,50
1125,30.17,26.29,50
1126,29.62,25.73,50
1127,30.45,25.73,50
1128,29.62,26.01,50
1129,29.89,26.29,50
1130,29.62,25.73,50
1131,29.89,25.45,50
1132,29.62,26.29,50
1133,29.89,26.29,50
1134,30.45,25.45,50
1135,29.62,26.29,50
1136,29.34,26.29,50
1137,30.17,26.29,50
1138,30.17,25.73,50
1139,30.17,26.29,50
1140,29.89,26.29,50
1141,29.89,26.29,50
1142,29.89,26.01,50
1143,29.34,26.29,50
1144,30.17,25.17,50
1145,30.17,26.29,50
1146,30.17,26.01,50
1147,30.17,26.29,50
1148,30.45,26.56,50
1149,30.17,26.29,50
1150,29.34,26.29,50
1151,30.17,26.29,50
1152,29.34,26.29,50
1153,29.62,26.29,50
1154,30.17,26.01,50
1155,29.89,26.01,50
1156,29.89,26.56,50
1157,30.17,26.01,50
1158,29.89,26.56,50
1159,30.17,25.73,50
1160,30.17,26.01,50
1161,29.62,26.56,50
1162,29.62,26.56,50
1163,30.17,26.84,50
1164,29.89,26.56,50
1165,30.17,26.01,50
1166,30.17,26.29,50
1167,29.62,26.84,50
1168,29.34,26.56,50
1169,30.17,26.56,50
1170,29.89,26.84,50
1171,30.17,26.56,50
1172,29.89,26.29,50
1173,29.62,26.56,50
1174,29.89,26.56,50
1175,29.89,26.01,50
1176,30.45,26.56,50
1177,29.89,26.56,50
1178,29.62,26.56,50
1179,30.17,26.29,50
1180,30.17,25.73,50
1181,29.62,26.29,50
1182,29.89,26.56,50
1183,30.45,26.01,50
1184,29.34,26.56,50
1185,29.89,26.56,50
1186,29.62,26.56,50
1187,29.89,26.56,50
1188,29.89,26.56,50
1189,29.62,26.29,50
1190,29.89,26.01,50
1191,29.89,26.29,50
1192,30.17,26.29,50
1193,29.89,26.56,50
1194,29.62,26.01,50
1195,29.62,26.56,50
1196,29.89,26.56,50
1197,29.89,26.01,50
1198,30.17,26.56,50
1199,29.89,26.01,50
1200,30.17,26.56,50
1201,30.17,26.29,50
1202,30.17,26.56,50
1203,29.34,26.56,50
1204,30.45,25.45,50
1205,29.62,26.56,50
1206,30.17,26.56,50
1207,30.45,26.56,50
1208,30.17,26.56,50
1209,29.89,26.01,50
1210,30.45,26.01,50
1211,29.62,26.01,50
1212,29.89,26.56,50
1213,30.17,26.29,50
1214,29.89,26.56,50
1215,29.89,26.56,50
1216,29.34,26.56,50
1217,29.62,26.56,50
1218,29.89,26.56,50
1219,29.62,26.56,50
1220,29.62,26.29,50
1221,29.89,26.56,50
1222,30.17,26.56,50
1223,30.17,26.56,50
1224,29.89,26.01,50
1225,29.89,26.84,50
1226,30.17,25.73,50
1227,29.62,26.01,50
1228,29.89,26.01,50
1229,30.17,26.56,50
1230,30.17,25.45,50
1231,29.62,25.73,50
1232,30.45,26.56,50
1233,30.45,26.29,50
1234,29.62,26.56,50
1235,29.89,26.29,50
1236,29.89,26.01,50
1237,29.89,26.56,50
1238,29.62,26.56,50
1239,30.17,26.29,50
1240,29.89,26.29,50
1241,29.62,26.29,50
1242,29.89,26.56,50
1243,30.17,26.56,50
1244,30.45,26.01,50
1245,29.62,26.56,50
1246,30.17,26.29,50
1247,30.17,26.56,50
1248,29.62,26.56,50
1249,29.89,26.56,50
1250,29.89,26.56,50
1251,30.17,26.56,50
1252,29.89,26.56,50
1253,29.62,26.56,50
1254,29.89,26.56,50
1255,29.89,26.56,50
1256,30.17,26.56,50
1257,29.62,26.56,50
1258,29.62,26.56,50
1259,29.89,26.56,50
1260,30.17,26.56,50
1261,29.89,26.56,50
1262,30.17,26.56,50
1263,30.17,26.29,50
1264,29.34,26.84,50
1265,29.89,26.56,50
1266,30.45,26.29,50
1267,30.17,26.56,50
1268,29.62,26.56,50
1269,29.89,26.56,50
1270,30.17,26.56,50
1271,29.89,26.01,50
1272,29.06,26.01,50
1273,29.89,26.29,50
1274,30.17,26.29,50
1275,29.89,26.29,50
1276,29.89,26.29,50
1277,30.17,26.56,50
1278,29.89,26.29,50
1279,29.89,26.56,50
1280,29.62,26.56,50
1281,30.17,26.29,50
1282,30.17,26.01,50
1283,30.17,26.56,50
1284,30.17,26.56,50
1285,29.62,26.01,50
1286,29.62,26.56,50
1287,29.89,26.56,50
1288,30.17,26.56,50
1289,30.17,26.29,50
1290,29.89,26.01,50
1291,29.89,26.56,50
1292,29.62,26.56,50
1293,29.62,26.29,50
1294,29.62,26.56,50
1295,30.17,26.29,50
1296,30.17,26.56,50
1297,30.17,26.01,50
1298,30.17,26.84,50
1299,29.89,25.73,50
1301,30.17,26.29,50
1302,29.62,26.56,50
1303,30.17,26.56,50
1304,30.45,26.56,50
1305,29.89,26.84,50
1306,30.17,26.84,50
1307,29.62,26.01,50
1308,29.62,25.73,50
1309,29.89,26.56,50
1310,29.34,26.56,50
1311,29.89,26.56,50
1312,29.89,26.56,50
1313,29.89,26.56,50
1314,29.62,26.84,50
1315,29.89,26.01,50
1316,29.06,26.56,50
1317,29.62,26.01,50
1318,30.17,26.01,50
1319,30.17,26.56,50
1320,29.89,26.56,50
1321,29.89,26.56,50
1322,30.17,26.29,50
1323,29.89,26.56,50
1324,29.89,26.56,50
1325,29.89,26.56,50
1326,30.17,26.56,50
1327,29.62,25.73,50
1328,30.17,26.56,50
1329,29.62,26.29,50
1330,29.89,26.29,50
1331,29.89,26.56,50
1332,30.17,26.56,50
1333,29.89,26.29,50
1334,30.45,26.56,50
1335,29.89,26.56,50
1336,29.89,26.29,50
1337,29.62,25.73,50
1338,29.62,26.01,50
1339,30.45,26.56,50
1340,29.89,26.01,50
1341,29.62,26.56,50
1342,29.34,26.56,50
1343,30.45,26.56,50
1344,29.89,26.29,50
1345,29.89,26.01,50
1346,30.17,26.01,50
1347,30.45,26.29,50
1348,30.17,26.29,50
1349,29.89,26.56,50
1350,30.17,26.01,50
1351,29.62,26.29,50
1352,29.89,26.56,50
1353,30.17,26.01,50
1354,29.89,26.01,50
1355,30.17,26.29,50
1356,30.45,26.29,50
1357,30.17,26.29,50
1358,29.34,26.56,50
1359,29.89,26.29,50
1360,30.17,26.01,50
1361,30.17,26.56,50
1362,29.89,26.56,50
1363,29.62,26.29,50
1364,30.17,26.56,50
1365,29.62,26.56,50
1366,29.89,26.56,50
1367,30.17,26.56,50
1368,30.45,26.56,50
1369,29.89,26.56,50
1370,29.89,26.01,50
1371,29.89,26.56,50
1372,30.17,26.56,50
1373,30.17,26.56,50
1374,30.45,26.29,50
1375,29.89,25.73,50
1376,29.89,26.01,50
1377,30.17,26.56,50
1378,30.17,26.29,50
1379,30.17,26.01,50
1380,29.89,26.01,50
1381,30.17,26.84,50
1382,30.17,26.29,50
1383,29.89,26.29,50
1384,30.17,26.29,50
1385,30.17,26.01,50
1386,29.89,26.29,50
1387,30.17,26.56,50
1388,30.17,26.29,50
1389,29.62,26.29,50
1390,29.62,26.29,50
1391,29.89,26.01,50
1392,29.62,26.56,50
1393,29.62,25.73,50
1394,29.89,26.56,50
1395,29.62,26.01,50
1396,29.89,26.56,50
1397,29.62,26.29,50
1398,29.34,26.29,50
1399,30.17,26.56,50
1400,29.62,26.01,50
1401,29.62,26.29,50
1402,29.62,25.73,50
1403,29.06,26.01,50
1404,29.89,26.56,50
1405,30.17,26.01,50
1406,30.17,26.29,50
1407,30.17,26.29,50
1408,30.17,25.45,50
1409,29.62,26.01,50
1410,29.89,26.01,50
1411,30.17,26.29,50
1412,29.06,25.45,50
1413,30.45,26.29,50
1414,29.89,26.01,50
1415,29.62,26.29,50
1416,30.45,26.01,50
1417,29.62,25.45,50
1418,29.34,25.73,50
1419,30.17,25.45,50
1420,29.89,26.56,50
1421,29.62,26.01,50
1422,30.17,26.01,50
1423,29.89,26.01,50
1424,29.62,26.29,50
1425,30.17,26.29,50
1426,29.89,26.01,50
1427,29.34,25.73,50
1428,29.89,26.01,50
1429,30.17,25.73,50
1430,29.89,26.01,50
1431,30.17,26.01,50
1432,30.17,26.29,50
1433,29.89,26.01,50
1434,29.89,25.45,50
1435,29.89,25.73,50
1436,29.89,25.73,50
1437,30.17,26.01,50
1438,29.89,25.73,50
1439,29.89,26.01,50
1440,29.34,26.29,50
1441,29.89,25.73,50
1442,29.89,26.29,50
1443,29.89,26.01,50
1444,29.62,26.29,50
1445,29.89,26.29,50
1446,30.73,26.01,50
1447,30.17,25.73,50
1448,30.17,26.01,50
1449,30.17,26.01,50
1450,29.89,26.01,50
1451,29.62,26.01,50
1452,29.62,26.01,50
1453,29.62,26.29,50
1454,29.62,26.01,50
1455,30.17,25.73,50
1456,29.34,26.01,50
1457,29.62,26.29,50
1458,29.89,26.29,50
1459,29.89,26.01,50
1460,29.89,26.01,50
1461,29.89,25.73,50
1462,29.89,26.01,50
1463,30.17,26.29,50
1464,29.89,26.01,50
1465,30.17,26.56,50
1466,30.17,26.01,50
1467,29.89,26.29,50
1468,29.62,25.73,50
1469,29.62,26.01,50
1470,29.89,26.56,50
1471,29.89,25.73,50
1472,30.17,26.29,50
1473,29.62,26.29,50
1474,30.45,26.01,50
1475,29.62,26.01,50
1476,30.17,25.73,50
1477,30.17,25.73,50
1478,30.17,26.29,50
1479,30.17,26.01,50
1480,30.17,25.45,50
1481,30.17,26.29,50
1482,30.17,26.01,50
1483,30.17,26.01,50
1484,30.17,26.01,50
1485,30.17,26.01,50
1486,29.34,26.29,50
1487,30.17,25.73,50
1488,30.17,26.29,50
1489,29.89,26.01,50
1490,29.62,26.01,50
1491,29.89,26.01,50
1492,30.17,26.29,50
1493,30.17,26.29,50
1494,29.62,26.01,50
1495,30.17,26.01,50
1496,29.89,26.29,50
1497,30.17,25.73,50
1498,29.89,26.01,50
1499,30.17,26.29,50
1500,29.62,26.29,50
1501,29.62,26.01,50
1502,29.89,25.73,50
1503,29.06,25.73,50
1504,29.89,26.56,50
1505,30.17,26.56,50
1506,30.17,26.01,50
1507,30.17,26.29,50
1508,30.45,26.29,50
1509,29.89,26.29,50
1510,30.17,26.29,50
1511,29.34,26.01,50
1512,29.06,26.29,50
1513,30.17,26.01,50
1514,29.89,26.29,50
1515,29.89,25.73,50
1516,29.89,26.01,50
1517,30.17,26.29,50
1518,29.62,26.01,50
1519,29.62,26.29,50
1520,29.62,26.01,50
1521,30.17,26.29,50
1522,29.62,25.73,50
1523,29.89,26.01,50
1524,29.89,25.73,50
1525,29.62,26.29,50
1526,29.62,26.29,50
1527,29.62,26.29,50
1528,29.89,26.01,50
1529,29.89,26.29,50
1530,29.62,26.29,50
1531,29.89,26.56,50
1532,30.17,26.01,50
1533,29.62,26.01,50
1534,29.34,26.01,50
1535,29.89,25.73,50
1536,30.17,26.29,50
1537,30.17,26.01,50
1538,30.17,25.73,50
1539,29.34,25.73,50
1540,30.17,26.29,50
1541,30.45,26.29,50
1542,30.17,25.45,50
1543,29.62,26.29,50
1544,30.17,25.73,50
1545,29.89,26.56,50
1546,30.45,25.73,50
1547,30.17,25.73,50
1548,30.17,26.29,50
1549,30.17,26.01,50
1550,29.89,26.01,50
1551,30.17,25.73,50
1552,29.62,26.56,50
1553,29.89,26.29,50
1554,29.62,26.01,50
1555,29.62,26.01,50
1556,29.62,25.73,50
1557,29.06,26.29,50
1558,30.17,26.01,50
1559,30.17,26.01,50
1560,29.89,26.01,50
1561,30.17,26.01,50
1562,30.17,26.56,50
1563,29.89,26.29,50
1564,29.62,26.29,50
1565,30.17,26.01,50
1566,30.17,26.56,50
1567,30.45,25.17,50
1568,30.17,25.73,50
1569,30.17,26.29,50
1570,29.06,26.01,50
1571,30.17,26.29,50
1572,30.17,26.29,50
1573,30.17,26.01,50
1574,29.89,26.01,50
1575,30.17,26.29,50
1576,29.62,26.01,50
1577,29.89,26.56,50
1578,30.17,26.56,50
1579,30.45,26.01,50
1580,29.89,26.01,50
1581,29.62,26.01,50
1582,29.62,26.56,50
1583,29.62,26.56,50
1584,29.62,26.29,50
1585,30.17,26.56,50
1586,29.34,26.56,50
1587,29.89,25.73,50
1588,30.17,26.01,50
1589,30.17,26.29,50
1590,30.17,26.56,50
1591,29.34,26.01,50
1592,29.89,26.01,50
1593,29.34,26.29,50
1594,29.62,26.56,50
1595,30.45,26.01,50
1596,30.17,25.73,50
1597,30.45,26.29,50
1598,29.62,26.29,50
1599,30.17,26.56,50
1600,29.62,26.29,50
1601,29.62,26.01,50
1602,30.45,26.56,50
1603,29.89,26.01,50
1604,30.17,26.01,50
1605,30.17,26.01,50
1606,30.17,25.73,50
1607,29.62,26.56,50
1608,29.34,26.29,50
1609,30.17,25.73,50
1610,29.89,25.73,50
1611,29.62,26.01,50
1612,30.17,26.01,50
1613,29.34,26.01,50
1614,30.17,26.01,50
1615,29.89,25.73,50
1616,30.17,26.01,50
1617,30.17,26.01,50
1618,29.34,26.29,50
1619,29.89,26.01,50
1620,30.45,26.01,50
1621,30.17,25.45,50
1622,29.89,26.01,50
1623,29.62,26.29,50
1624,30.17,26.29,50
1625,30.17,26.01,50
1626,30.17,26.29,50
1627,30.17,26.01,50
1628,30.17,26.01,50
1629,29.89,26.29,50
1630,29.89,26.01,50
1631,30.17,26.29,50
1632,30.17,26.01,50
1633,30.17,26.29,50
1634,29.62,25.73,50
1635,30.17,26.01,50
1636,29.89,26.29,50
1637,30.17,26.01,50
1638,30.17,25.73,50
1639,30.17,26.29,50
1640,30.17,25.73,50
1641,29.89,26.01,50
1642,29.89,26.29,50
1643,30.17,26.29,50
1644,30.17,26.01,50
1645,29.89,25.45,50
1646,30.17,26.01,50
1647,30.17,26.01,50
1648,29.89,26.56,50
1649,29.89,26.01,50
1650,30.17,25.73,50
1651,29.62,26.29,50
1652,29.89,25.73,50
1653,29.62,26.01,50
1654,30.17,26.29,50
1655,29.62,25.73,50
1656,30.17,26.56,50
1657,30.17,26.29,50
1658,29.89,25.73,50
1659,30.17,26.01,50
1660,29.62,26.01,50
1661,30.17,26.29,50
1662,30.17,26.29,50
1663,29.89,26.56,50
1664,29.34,26.56,50
1665,29.62,26.01,50
1666,29.62,26.29,50
1667,29.06,26.01,50
1668,30.17,26.29,50
1669,30.17,26.29,50
1670,29.62,26.01,50
1671,30.17,25.73,50
1672,29.89,26.01,50
1673,29.89,26.01,50
1674,29.89,25.73,50
1675,29.89,26.29,50
1676,30.17,26.56,50
1677,29.89,25.45,50
1678,30.45,26.29,50
1679,30.17,26.29,50
1680,29.62,25.73,50
1681,30.17,25.73,50
1682,29.62,26.01,50
1683,29.89,26.29,50
1684,30.45,26.56,50
1685,29.89,26.01,50
1686,29.89,26.29,50
1687,29.62,26.56,50
1688,30.17,26.01,50
1689,29.89,25.73,50
1690,29.89,26.01,50
1691,29.34,26.01,50
1692,29.89,26.56,50
1693,30.17,26.29,50
1694,30.45,26.29,50
1695,29.62,25.73,50
1696,29.62,25.73,50
1697,30.17,26.01,50
1698,29.89,25.45,50
1699,29.89,26.29,50
1700,30.17,26.56,50
1701,29.89,26.01,50
1702,30.45,25.73,50
1703,30.17,25.73,50
1704,30.17,26.01,50
1705,29.89,26.01,50
1706,30.17,26.56,50
1707,30.17,26.56,50
1708,29.62,25.73,50
1709,29.06,26.29,50
1710,30.17,25.45,50
1711,29.89,26.56,50
1712,29.62,26.29,50
1713,29.62,26.29,50
1714,30.17,26.29,50
1715,30.17,26.29,50
1716,29.62,26.29,50
1717,29.89,26.29,50
1718,29.89,26.29,50
1719,29.89,25.45,50
1720,30.17,25.73,50
1721,30.17,26.29,50
1722,29.62,26.01,50
1723,30.17,25.45,50
1724,30.17,26.29,50
1725,30.17,26.29,50
1726,29.62,26.29,50
1728,30.17,26.29,50
1729,29.62,26.56,50
1730,29.62,26.01,50
1731,29.89,26.56,50
1732,29.89,26.01,50
1733,30.17,26.01,50
1734,29.62,26.01,50
1735,29.62,26.56,50
1736,29.62,26.29,50
1737,30.17,26.01,50
1738,30.17,26.29,50
1739,29.62,26.01,50
1740,29.89,26.01,50
1741,30.17,26.29,50
1742,30.17,26.29,50
1743,30.17,26.56,50
1744,29.34,26.29,50
1745,30.17,26.29,50
1746,30.17,26.56,50
1747,30.17,25.73,50
1748,30.17,26.01,50
1749,29.89,26.56,50
1750,29.34,25.73,50
1751,29.89,26.56,50
1752,29.06,26.56,50
1753,29.89,26.01,50
1754,30.17,25.45,50
1755,29.89,26.29,50
1756,30.17,26.29,50
1757,30.17,26.56,50
1758,29.62,26.01,50
1759,30.17,26.01,50
1760,29.62,26.01,50
1761,30.17,25.73,50
1762,30.17,26.29,50
1763,30.17,26.56,50
1764,30.17,26.56,50
1765,30.17,26.84,50
1766,30.17,26.29,50
1767,29.89,26.56,50
1768,29.62,26.56,50
1769,29.62,26.01,50
1770,29.89,26.29,50
1771,29.89,26.29,50
1772,29.62,26.29,50
1773,29.89,25.73,50
1774,30.17,26.56,50
1775,30.17,26.29,50
1776,29.62,26.01,50
1777,30.17,26.56,50
1778,29.62,26.29,50
1779,30.17,26.56,50
1780,30.17,26.56,50
1781,30.17,26.84,50
1782,29.62,26.29,50
1783,30.17,26.01,50
1784,30.17,26.29,50
1785,29.62,26.56,50
1786,29.89,26.01,50
1787,30.17,26.56,50
1788,29.34,26.56,50
1789,29.89,26.29,50
1790,29.89,26.01,50
1791,30.17,26.56,50
1792,30.17,26.56,50
1793,30.17,26.56,50
1794,29.34,26.29,50
1795,30.17,26.84,50
1796,29.89,26.29,50
1797,30.17,26.56,50
1798,30.17,26.56,50
1799,29.89,26.01,50
1800,30.17,26.56,50
1801,29.62,26.29,0
1802,30.17,26.84,0
1803,29.89,26.01,0
1804,30.17,26.56,0
1805,29.62,26.29,0
1806,29.06,26.56,0
1807,30.17,26.29,0
1808,29.89,26.84,0
1809,30.17,26.01,0
1810,29.62,26.29,0
1811,30.17,26.56,0
1812,30.17,26.56,0
1813,29.62,26.56,0
1814,29.89,26.56,0
1815,30.17,26.01,0
1816,29.89,26.84,0
1817,30.17,25.45,0
1818,29.89,26.29,0
1819,30.17,26.01,0
1820,29.62,26.01,0
1821,29.62,26.29,0
1822,29.62,25.73,0
1823,29.62,26.29,0
1824,29.89,26.01,0
1825,29.89,25.73,0
1826,29.62,26.56,0
1827,29.89,26.56,0
1828,29.62,26.29,0
1829,29.34,26.29,0
1830,29.89,26.29,0
1831,30.17,26.29,0
1832,29.62,26.29,0
1833,29.62,26.29,0
1834,29.34,25.73,0
1835,29.89,26.01,0
1836,30.17,26.29,0
1837,29.62,26.29,0
1838,30.17,26.29,0
1839,30.17,25.73,0
1840,29.89,26.56,0
1841,29.89,26.29,0
1842,29.62,26.56,0
1843,30.17,26.01,0
1844,29.62,26.01,0
1845,29.62,26.01,0
1846,29.34,26.29,0
1847,29.89,25.45,0
1848,29.89,25.73,0
1849,29.34,26.29,0
1850,29.62,26.29,0
1851,30.17,25.73,0
1852,29.89,26.01,0
1853,29.89,26.01,0
1854,29.34,26.01,0
1855,29.62,25.73,0
1856,29.89,26.29,0
1857,29.89,26.29,0
1858,29.06,26.29,0
1859,29.89,26.56,0
1860,29.34,26.29,0
1861,29.62,26.01,0
1862,29.89,26.56,0
1863,29.62,26.29,0
1864,29.62,26.01,0
1865,29.34,26.29,0
1866,29.89,25.73,0
1867,29.89,26.56,0
1868,29.89,26.29,0
1869,29.89,26.01,0
1870,29.62,26.29,0
1871,29.62,26.56,0
1872,29.89,26.29,0
1873,29.34,26.29,0
1874,29.89,26.01,0
1875,29.62,26.01,0
1876,29.89,26.01,0
1877,29.89,26.01,0
1878,29.89,26.01,0
1879,29.89,26.56,0
1880,29.89,26.01,0
1881,29.89,26.29,0
1882,29.89,26.01,0
1883,29.89,25.73,0
1884,29.89,26.29,0
1885,29.06,26.01,0
1886,29.34,26.29,0
1887,29.34,25.73,0
1888,28.78,26.01,0
1889,29.62,26.29,0
1890,29.89,26.01,0
1891,29.89,26.01,0
1892,29.06,25.73,0
1893,29.89,26.01,0
1894,29.89,26.01,0
1895,29.89,26.01,0
1896,29.62,25.73,0
1897,29.62,25.73,0
1898,29.34,26.29,0
1899,29.62,26.01,0
1900,29.89,26.01,0
1901,29.89,26.29,0
1902,29.34,26.01,0
1903,29.89,25.73,0
1904,29.62,25.73,0
1905,29.06,26.01,0
1906,29.89,26.29,0
1907,29.89,26.01,0
1908,29.34,26.56,0
1909,29.62,26.01,0
1910,29.62,25.73,0
1911,29.34,26.29,0
1912,29.89,25.73,0
1913,29.34,26.29,0
1914,29.06,25.73,0
1915,29.62,25.45,0
1916,29.89,26.01,0
1917,29.62,26.01,0
1918,29.89,26.29,0
1919,29.62,26.01,0
1920,29.06,26.01,0
1921,29.34,25.73,0
1922,29.34,26.01,0
1923,29.89,26.01,0
1924,29.62,26.01,0
1925,29.62,26.01,0
1926,29.89,26.01,0
1927,29.62,26.29,0
1928,29.34,26.01,0
1929,29.62,26.29,0
1930,29.62,26.01,0
1931,29.62,25.73,0
1932,29.62,26.29,0
1933,29.06,26.01,0
1934,29.34,26.29,0
1935,29.89,26.01,0
1936,29.89,25.73,0
1937,29.62,26.01,0
1938,29.62,25.73,0
1939,29.34,26.29,0
1940,29.34,26.01,0
1941,29.34,26.29,0
1942,29.89,26.01,0
1943,29.34,26.01,0
1944,29.06,26.29,0
1945,28.78,26.01,0
1946,29.34,26.29,0
1947,29.34,26.29,0
1948,29.62,25.45,0
1949,29.62,26.01,0
1950,29.34,26.01,0
1951,28.51,26.01,0
1952,29.34,25.73,0
1953,29.34,26.29,0
1954,29.62,26.29,0
1955,29.34,26.29,0
1956,29.62,26.29,0
1957,29.89,26.56,0
1958,29.62,26.29,0
1959,29.06,25.45,0
1960,29.34,25.73,0
1961,29.06,25.73,0
1962,29.62,25.73,0
1963,29.62,26.56,0
1964,29.62,26.01,0
1965,29.62,26.01,0
1966,29.06,26.01,0
1967,29.34,26.01,0
1968,29.34,26.01,0
1969,29.06,26.29,0
1970,29.62,26.01,0
1971,29.34,26.01,0
1972,29.89,26.01,0
1973,29.62,26.01,0
1974,29.62,25.45,0
1975,29.62,26.01,0
1976,29.34,26.01,0
1977,29.62,25.45,0
1978,29.34,25.73,0
1979,29.34,25.73,0
1980,29.34,25.45,0
1981,29.34,25.73,0
1982,29.62,26.29,0
1983,28.78,25.73,0
1984,29.06,25.73,0
1985,29.89,25.73,0
1986,29.62,25.17,0
1987,29.34,26.01,0
1988,29.34,25.73,0
1989,29.89,26.01,0
1990,29.06,26.01,0
1991,28.51,26.01,0
1992,29.34,26.01,0
1993,28.78,26.29,0
1994,28.78,26.01,0
1995,29.62,25.73,0
1996,29.34,26.01,0
1997,29.06,26.01,0
1998,29.06,25.17,0
1999,29.34,26.01,0
2000,29.34,25.73,0
2001,29.06,25.73,0
2002,29.06,26.01,0
2003,29.06,26.29,0
2004,29.34,26.01,0
2005,29.34,26.01,0
2006,29.34,25.73,0
2007,29.34,26.01,0
2008,29.34,26.29,0
2009,29.06,26.01,0
2010,28.78,26.01,0
2011,29.06,26.01,0
2012,29.06,26.01,0
2013,29.06,26.01,0
2014,29.06,26.01,0
2015,29.62,26.29,0
2016,28.51,25.45,0
2017,29.06,26.01,0
2018,28.78,26.01,0
2019,29.34,26.01,0
2020,29.34,26.01,0
2021,29.34,26.01,0
2022,28.78,26.01,0
2023,29.34,26.01,0
2024,29.06,26.01,0
2025,29.62,26.01,0
2026,29.34,26.01,0
2027,29.34,25.73,0
2028,29.34,26.01,0
2029,29.62,25.73,0
2030,29.34,25.17,0
2031,29.62,26.01,0
2032,29.06,25.73,0
2033,29.06,25.73,0
2034,29.34,26.29,0
2035,29.34,26.01,0
2036,29.06,25.45,0
2037,29.34,26.29,0
2038,28.51,25.73,0
2039,29.34,25.73,0
2040,29.06,25.17,0
2041,29.62,26.01,0
2042,28.51,26.01,0
2043,29.06,25.73,0
2044,29.34,26.01,0
2045,29.06,26.01,0
2046,29.62,26.01,0
2047,29.34,25.45,0
2048,29.62,26.01,0
2049,29.34,26.01,0
2050,28.78,26.01,0
2051,29.34,25.17,0
2052,29.06,26.01,0
2053,29.34,25.45,0
2054,29.06,26.01,0
2055,29.34,26.29,0
2056,29.06,26.01,0
2057,29.06,25.73,0
2058,29.62,25.73,0
2059,29.34,26.01,0
2060,29.06,26.01,0
2061,29.62,26.01,0
2062,29.06,25.17,0
2063,29.62,26.01,0
2064,28.78,26.01,0
2065,29.06,26.29,0
2066,29.34,25.45,0
2067,29.34,25.73,0
2068,29.06,25.17,0
2069,29.06,26.01,0
2070,29.62,26.29,0
2071,29.34,26.01,0
2072,29.06,25.73,0
2073,29.62,26.01,0
2074,29.34,26.29,0
2075,29.34,26.01,0
2076,29.34,26.01,0
2077,29.34,26.01,0
2078,29.06,25.73,0
2079,29.06,25.73,0
2080,29.06,25.73,0
2081,29.34,26.01,0
2082,29.34,25.45,0
2083,29.06,26.01,0
2084,29.34,26.29,0
2085,28.51,25.73,0
2086,29.06,26.01,0
2087,29.06,26.01,0
2088,29.06,26.29,0
2089,29.34,26.01,0
2090,29.34,25.45,0
2091,29.34,26.29,0
2092,29.34,25.73,0
2093,29.62,25.45,0
2094,29.34,26.01,0
2095,29.06,26.29,0
2096,29.34,26.01,0
2097,29.06,25.17,0
2098,28.51,26.29,0
2099,29.34,25.73,0
2100,29.06,26.29,0
2101,28.51,26.01,0
2102,28.78,26.01,0
2103,28.78,26.01,0
2104,28.78,26.29,0
2105,28.78,26.29,0
2106,29.06,25.45,0
2107,29.34,26.29,0
2108,29.34,25.73,0
2109,29.62,25.73,0
2110,29.34,26.01,0
2111,29.06,26.01,0
2112,29.06,26.29,0
2113,28.78,26.29,0
2114,29.06,25.73,0
2115,29.06,26.01,0
2116,29.06,26.29,0
2117,29.34,26.29,0
2118,29.06,26.29,0
2119,28.51,25.73,0
2120,28.78,26.01,0
2121,29.62,26.01,0
2122,28.78,25.73,0
2123,29.62,26.29,0
2124,29.06,26.01,0
2125,28.78,26.01,0
2126,29.34,25.73,0
2127,28.51,26.01,0
2128,28.78,26.01,0
2129,28.51,25.45,0
2130,29.06,25.73,0
2131,29.34,26.29,0
2132,29.06,25.73,0
2133,28.78,26.01,0
2134,29.34,25.73,0
2135,28.51,25.45,0
2136,29.06,26.29,0
2137,29.06,26.01,0
2138,29.06,26.29,0
2139,29.34,26.01,0
2140,29.06,26.29,0
2141,29.34,26.29,0
2142,29.06,25.73,0
2143,29.34,26.01,0
2144,29.06,25.73,0
2145,29.06,26.01,0
2146,29.06,26.29,0
2147,28.78,26.01,0
2148,29.06,25.73,0
2149,28.78,26.29,0
2150,29.06,25.45,0
2151,29.06,26.29,0
2152,28.78,25.73,0
2153,28.78,25.45,0
2154,29.34,25.73,0
2155,28.51,26.01,0
2156,29.06,25.73,0
2157,29.06,25.45,0
2158,29.06,26.01,0
2159,28.78,25.45,0
2161,29.06,25.73,0
2162,29.06,26.01,0
2163,29.06,25.73,0
2164,28.78,25.73,0
2165,29.06,26.29,0
2166,29.06,26.01,0
2167,29.06,25.73,0
2168,29.06,26.29,0
2169,29.06,26.29,0
2170,28.51,25.17,0
2171,29.06,25.73,0
2172,29.06,26.29,0
2173,28.78,25.73,0
2174,28.78,25.17,0
2175,29.06,25.73,0
2176,29.34,25.73,0
2177,28.51,26.01,0
2178,29.34,25.73,0
2179,29.34,26.29,0
2180,28.78,25.45,0
2181,29.06,26.01,0
2182,28.78,26.01,0
2183,29.06,26.01,0
2184,29.34,26.01,0
2185,29.06,26.01,0
2186,29.06,25.73,0
2187,28.78,25.45,0
2188,29.06,26.01,0
2189,29.34,26.29,0
2190,29.06,26.01,0
2191,29.06,25.73,0
2192,29.06,26.29,0
2193,28.78,25.73,0
2194,28.78,25.73,0
2195,28.78,25.73,0
2196,28.78,26.01,0
2197,29.06,26.01,0
2198,29.34,25.73,0
2199,28.51,26.01,0
2200,28.51,26.01,0
2201,29.06,25.73,0
2202,28.78,26.01,0
2203,28.51,25.73,0
2204,29.06,26.01,0
2205,28.78,25.73,0
2206,28.51,26.29,0
2207,29.06,26.29,0
2208,29.06,26.29,0
2209,29.06,25.17,0
2210,29.06,25.73,0
2211,28.51,26.01,0
2212,28.78,25.73,0
2213,29.06,26.01,0
2214,28.78,26.01,0
2215,28.78,25.73,0
2216,28.78,26.29,0
2217,28.51,25.73,0
2218,28.51,25.73,0
2219,29.06,26.01,0
2220,29.06,26.01,0
2221,28.78,26.29,0
2222,28.51,26.01,0
2223,28.23,25.73,0
2224,28.78,26.01,0
2225,28.78,26.01,0
2226,28.78,25.73,0
2227,28.78,26.01,0
2228,28.78,26.29,0
2229,28.51,25.45,0
2230,28.78,25.17,0
2231,28.78,26.01,0
2232,27.95,25.73,0
2233,28.78,26.56,0
2234,29.06,26.29,0
2235,29.06,26.01,0
2236,28.78,26.01,0
2237,28.78,26.01,0
2238,28.51,25.73,0
2239,28.78,25.45,0
2240,28.51,25.45,0
2241,28.51,26.01,0
2242,28.51,25.73,0
2243,28.78,26.01,0
2244,28.78,25.73,0
2245,29.06,26.01,0
2246,28.51,25.73,0
2247,29.06,26.56,0
2248,28.78,26.29,0
2249,29.06,26.01,0
2250,28.51,26.01,0
2251,28.51,25.73,0
2252,28.78,26.01,0
2253,28.51,26.29,0
2254,28.51,25.45,0
2255,28.78,26.01,0
2256,29.06,25.45,0
2257,28.78,25.17,0
2258,28.51,26.29,0
2259,28.78,26.01,0
2260,29.06,26.01,0
2261,29.06,26.01,0
2262,28.51,26.29,0
2263,29.06,26.29,0
2264,29.06,25.73,0
2265,28.23,26.29,0
2266,29.06,25.73,0
2267,29.06,26.01,0
2268,28.78,26.29,0
2269,29.06,25.45,0
2270,28.51,25.73,0
2271,28.51,25.73,0
2272,28.51,26.29,0
2273,28.78,25.73,0
2274,29.06,26.01,0
2275,28.78,26.01,0
2276,29.06,26.01,0
2277,28.78,26.01,0
2278,29.06,25.45,0
2279,28.23,25.73,0
2280,29.06,26.01,0
2281,29.06,25.73,0
2282,29.06,26.01,0
2283,28.51,26.29,0
2284,29.06,25.17,0
2285,28.78,25.73,0
2286,28.78,26.01,0
2287,29.06,25.73,0
2288,29.06,25.73,0
2289,28.51,26.01,0
2290,28.78,25.73,0
2291,28.78,25.17,0
2292,28.78,25.73,0
2293,28.51,26.01,0
2294,28.78,26.01,0
2295,28.78,26.29,0
2296,29.06,25.73,0
2297,28.78,26.01,0
2298,29.34,25.73,0
2299,28.78,25.73,0
2300,28.51,26.01,0
2301,28.78,26.29,0
2302,28.51,25.45,0
2303,28.78,25.73,0
2304,28.51,26.01,0
2305,28.51,25.45,0
2306,28.78,25.45,0
2307,28.78,25.73,0
2308,28.78,26.01,0
2309,29.06,26.01,0
2310,28.78,25.45,0
2311,28.51,25.73,0
2312,29.06,26.29,0
2313,28.78,25.45,0
2314,29.06,25.73,0
2315,29.06,25.17,0
2316,29.06,26.01,0
2317,28.23,26.29,0
2318,28.78,26.01,0
2319,28.51,26.01,0
2320,29.06,25.45,0
2321,29.06,26.01,0
2322,28.78,25.73,0
2323,29.06,25.73,0
2324,29.34,26.01,0
2325,29.06,25.73,0
2326,28.78,26.56,0
2327,29.06,25.73,0
2328,28.78,26.01,0
2329,28.51,26.01,0
2330,28.78,25.73,0
2331,29.06,25.45,0
2332,28.78,25.73,0
2333,29.34,26.29,0
2334,28.78,25.45,0
2335,29.34,25.73,0
2336,28.51,25.73,0
2337,28.78,26.01,0
2338,29.34,26.29,0
2339,29.06,26.29,0
2340,29.06,26.01,0
2341,29.06,26.29,0
2342,29.06,26.29,0
2343,28.78,26.01,0
2344,29.06,25.73,0
2345,28.51,26.01,0
2346,28.78,26.29,0
2347,28.51,26.01,0
2348,28.78,26.29,0
2349,29.34,25.73,0
2350,28.51,25.73,0
2351,28.51,25.73,0
2352,28.78,26.01,0
2353,28.78,25.73,0
2354,28.78,25.73,0
2355,28.78,26.01,0
2356,28.23,26.29,0
2357,29.06,26.29,0
2358,28.23,26.01,0
2359,28.78,26.01,0
2360,29.06,26.01,0
2361,28.78,26.01,0
2362,28.51,25.73,0
2363,29.06,26.01,0
2364,28.78,25.45,0
2365,28.78,26.01,0
2366,28.23,25.73,0
2367,28.78,26.01,0
2368,28.51,25.73,0
2369,28.78,26.01,0
2370,28.78,25.73,0
2371,28.78,25.73,0
2372,28.78,25.73,0
2373,28.23,26.29,0
2374,28.78,26.01,0
2375,28.23,25.73,0
2376,28.51,26.01,0
2377,29.06,25.73,0
2378,28.78,25.73,0
2379,28.78,25.73,0
2380,28.78,25.73,0
2381,28.23,26.01,0
2382,28.23,25.73,0
2383,28.78,26.01,0
2384,28.78,26.01,0
2385,28.51,25.73,0
2386,28.23,25.73,0
2387,28.78,25.45,0
2388,28.78,25.73,0
2389,28.78,26.01,0
2390,28.78,25.45,0
2391,28.23,25.45,0
2392,28.51,26.01,0
2393,28.78,26.01,0
2394,28.51,25.73,0
2395,28.78,26.01,0
2396,28.78,25.45,0
2397,28.78,25.73,0
2398,28.78,26.01,0
2399,28.23,26.01,0
2400,28.51,26.29,0
2401,28.51,25.45,0
2402,28.78,26.01,0
2403,28.51,26.29,0
2404,28.23,26.01,0
2405,29.06,26.01,0
2406,28.51,26.01,0
2407,28.23,26.01,0
2408,27.95,25.45,0
2409,28.78,26.01,0
2410,28.78,25.73,0
2411,28.78,26.29,0
2412,28.23,26.29,0
2413,28.51,25.73,0
2414,28.78,25.73,0
2415,28.51,25.45,0
2416,28.51,25.73,0
2417,29.06,25.73,0
2418,28.78,26.01,0
2419,28.78,25.73,0
2420,29.06,26.01,0
2421,28.78,25.45,0
2422,28.51,26.01,0
2423,28.51,25.17,0
2424,28.23,26.29,0
2425,28.78,25.73,0
2426,28.51,26.01,0
2427,29.06,26.01,0
2428,28.23,25.73,0
2429,28.78,26.01,0
2430,28.51,26.01,0
2431,28.51,26.01,0
2432,29.06,25.73,0
2433,28.51,25.73,0
2434,29.06,25.73,0
2435,29.06,26.01,0
2436,28.23,26.29,0
2437,27.95,25.73,0
2438,28.78,25.45,0
2439,27.95,26.01,0
2440,28.23,25.73,0
2441,28.51,25.73,0
2442,28.51,25.45,0
2443,29.06,25.73,0
2444,28.51,25.45,0
2445,28.78,26.01,0
2446,29.06,25.45,0
2447,28.23,26.29,0
2448,28.23,26.01,0
2449,28.78,26.01,0
2450,28.78,25.73,0
2451,28.51,26.01,0
2452,28.51,26.01,0
2453,29.34,26.01,0
2454,28.78,25.73,0
2455,28.78,25.45,0
2456,28.51,25.73,0
2457,28.51,25.45,0
2458,28.51,25.73,0
2459,29.06,26.01,0
2460,28.23,26.01,0
2461,28.23,26.01,0
2462,28.78,25.45,0
2463,27.95,26.01,0
2464,28.78,26.01,0
2465,28.23,26.01,0
2466,28.78,26.29,0
2467,27.95,26.01,0
2468,28.51,26.29,0
2469,28.51,25.73,0
2470,28.78,26.29,0
2471,28.78,26.01,0
2472,28.78,26.01,0
2473,28.78,26.01,0
2474,28.51,26.29,0
2475,28.78,26.29,0
2476,28.78,26.01,0
2477,28.23,25.73,0
2478,28.78,25.73,0
2479,28.23,26.01,0
2480,28.78,25.73,0
2481,28.51,25.73,0
2482,28.78,26.29,0
2483,28.78,26.29,0
2484,27.95,25.45,0
2485,28.78,26.01,0
2486,29.06,25.73,0
2487,29.06,26.01,0
2488,28.23,26.29,0
2489,28.78,26.29,0
2490,28.78,26.01,0
2491,28.23,25.45,0
2492,28.78,25.73,0
2493,28.51,26.29,0
2494,28.78,25.73,0
2495,28.78,25.73,0
2496,28.23,26.01,0
2497,28.78,25.73,0
2498,28.78,25.73,0
2499,28.51,26.01,0
2500,28.78,26.01,0
2501,27.95,26.01,0
2502,28.23,26.01,0
2503,28.51,25.73,0
2504,28.51,26.56,0
2505,28.51,25.73,0
2506,28.51,25.73,0
2507,28.78,25.73,0
2508,28.23,26.29,0
2509,28.51,26.29,0
2510,28.78,25.45,0
2511,28.51,26.01,0
2512,28.78,26.01,0
2513,28.78,26.29,0
2514,28.78,25.73,0
2515,29.06,25.45,0
2516,28.23,26.29,0
2517,28.78,26.01,0
2518,28.51,25.45,0
2519,27.95,25.73,0
2520,28.23,26.01,0
2521,28.78,25.73,0
2522,29.06,26.01,0
2523,28.51,25.73,0
2524,28.78,25.73,0
2525,28.51,25.73,0
2526,28.51,26.01,0
2527,28.23,26.01,0
2528,28.78,26.01,0
2529,28.78,26.01,0
2530,28.51,26.29,0
2531,29.06,25.73,0
2532,28.78,26.01,0
2533,29.06,26.01,0
2534,28.51,26.29,0
2535,28.78,25.45,0
2536,28.78,25.73,0
2537,28.51,26.01,0
2538,28.51,26.29,0
2539,28.23,25.73,0
2540,29.06,25.73,0
2541,28.51,26.01,0
2542,28.51,26.29,0
2543,28.51,25.45,0
2544,28.78,26.29,0
2545,28.51,25.45,0
2546,28.78,26.01,0
2547,28.78,26.01,0
2548,28.23,26.01,0
2549,29.06,26.01,0
2550,29.06,25.73,0
2551,28.51,26.29,0
2552,28.51,25.45,0
2553,28.51,25.73,0
2554,29.06,26.01,0
2555,28.51,26.01,0
2556,28.78,25.73,0
2557,28.23,25.73,0
2558,28.23,25.73,0
2559,28.51,26.01,0
2560,28.78,25.73,0
2561,28.78,26.01,0
2562,28.51,25.45,0
2563,28.51,26.01,0
2564,28.78,25.45,0
2565,29.06,26.29,0
2566,28.78,26.01,0
2567,29.06,26.01,0
2568,28.23,26.01,0
2569,28.78,25.73,0
2570,28.78,25.73,0
2571,28.51,26.01,0
2572,28.78,26.29,0
2573,28.51,26.01,0
2574,28.23,26.01,0
2575,28.51,25.73,0
2576,28.51,26.01,0
2577,28.78,26.01,0
2578,28.78,25.45,0
2579,28.51,26.29,0
2580,29.06,25.73,0
2581,28.78,25.73,0
2582,28.78,26.01,0
2583,28.51,26.01,0
2584,27.95,25.73,0
2585,28.78,25.73,0
2586,28.51,26.01,0
2587,28.23,26.29,0
2588,28.51,25.73,0
2589,28.51,25.73,0
2590,28.78,25.45,0
2591,28.51,25.45,0
2592,27.95,25.45,0
2593,28.51,26.01,0
2595,28.23,26.01,0
2596,28.51,26.01,0
2597,28.78,25.73,0
2598,28.51,26.01,0
2599,28.23,25.73,0
2600,28.78,25.45,0
2601,28.51,25.73,0
2602,28.23,25.73,0
2603,28.51,25.45,0
2604,28.51,25.45,0
2605,28.78,25.73,0
2606,28.78,25.73,0
2607,28.51,25.45,0
2608,28.23,25.45,0
2609,28.51,26.01,0
2610,28.51,26.01,0
2611,28.23,26.01,0
2612,28.78,26.01,0
2613,28.78,25.17,0
2614,28.23,25.73,0
2615,28.51,26.01,0
2616,28.78,25.45,0
2617,28.78,25.73,0
2618,29.06,26.01,0
2619,28.51,26.01,0
2620,28.23,25.73,0
2621,28.51,25.45,0
2622,29.06,25.73,0
2623,28.78,26.01,0
2624,28.51,25.73,0
2625,28.78,26.01,0
2626,28.23,25.45,0
2627,27.95,26.01,0
2628,29.06,25.45,0
2629,28.51,26.29,0
2630,28.78,26.29,0
2631,28.51,26.01,0
2632,28.78,25.45,0
2633,28.23,26.01,0
2634,28.51,26.01,0
2635,29.06,25.73,0
2636,28.78,26.01,0
2637,28.23,25.45,0
2638,28.51,26.29,0
2639,28.23,26.29,0
2640,28.51,26.01,0
2641,28.51,26.01,0
2642,28.51,25.73,0
2643,28.23,25.73,0
2644,28.51,25.73,0
2645,28.23,26.01,0
2646,28.23,25.73,0
2647,28.51,25.73,0
2648,28.23,26.01,0
2649,28.78,26.01,0
2650,28.51,25.73,0
2651,28.51,26.29,0
2652,28.78,25.73,0
2653,28.51,26.01,0
2654,28.23,25.73,0
2655,28.51,26.01,0
2656,28.78,25.73,0
2657,28.23,26.01,0
2658,28.51,25.73,0
2659,28.23,25.73,0
2660,28.23,26.01,0
2661,28.78,26.01,0
2662,28.23,25.73,0
2663,28.78,26.01,0
2664,28.51,25.73,0
2665,28.78,26.01,0
2666,28.51,25.73,0
2667,28.78,26.01,0
2668,28.51,26.01,0
2669,28.23,26.01,0
2670,28.51,25.17,0
2671,28.78,26.29,0
2672,28.23,25.73,0
2673,28.51,26.01,0
2674,28.51,25.73,0
2675,28.23,26.29,0
2676,28.51,26.01,0
2677,28.51,25.73,0
2678,28.51,26.29,0
2679,28.23,26.01,0
2680,27.95,26.01,0
2681,28.78,26.01,0
2682,28.78,25.73,0
2683,28.23,26.01,0
2684,28.78,26.29,0
2685,28.51,26.01,0
2686,28.51,26.01,0
2687,28.78,25.73,0
2688,28.51,26.01,0
2689,28.23,25.45,0
2690,28.78,26.01,0
2691,28.51,26.29,0
2692,28.51,26.29,0
2693,28.51,26.01,0
2694,28.51,25.73,0
2695,28.23,26.01,0
2696,28.78,25.73,0
2697,28.23,26.29,0
2698,28.51,26.01,0
2699,28.78,25.73,0
2700,28.23,26.01,0
2701,28.51,26.01,0
2702,28.51,26.01,0
2703,28.23,26.01,0
2704,28.78,26.29,0
2705,28.51,26.01,0
2706,28.51,25.73,0
2707,28.51,25.73,0
2708,28.51,25.45,0
2709,28.23,25.73,0
2710,28.51,26.01,0
2711,29.06,26.01,0
2712,28.51,26.01,0
2713,28.78,26.01,0
2714,28.78,26.01,0
2715,28.23,26.01,0
2716,28.51,26.01,0
2717,28.78,25.17,0
2718,28.51,25.73,0
2719,28.51,26.01,0
2720,28.51,25.73,0
2721,28.23,25.73,0
2722,28.23,26.01,0
2723,28.78,26.29,0
2724,28.51,26.01,0
2725,28.51,26.01,0
2726,28.51,25.45,0
2727,28.51,26.29,0
2728,28.78,26.29,0
2729,28.51,26.01,0
2730,29.06,25.45,0
2731,27.67,26.01,0
2732,28.23,25.17,0
2733,28.51,26.01,0
2734,28.51,25.73,0
2735,28.51,25.45,0
2736,28.51,25.73,0
2737,28.51,26.01,0
2738,28.51,26.01,0
2739,28.51,25.45,0
2740,28.51,25.73,0
2741,27.95,26.01,0
2742,27.95,25.73,0
2743,28.23,25.73,0
2744,28.78,26.01,0
2745,28.23,25.73,0
2746,28.23,25.73,0
2747,28.23,25.73,0
2748,28.78,25.45,0
2749,28.51,26.01,0
2750,28.78,26.01,0
2751,28.78,25.73,0
2752,28.51,25.17,0
2753,27.67,25.45,0
2754,28.51,26.29,0
2755,28.78,26.29,0
2756,28.51,25.17,0
2757,28.78,25.45,0
2758,28.78,25.73,0
2759,28.51,25.73,0
2760,27.95,26.01,0
2761,28.23,26.01,0
2762,28.51,25.45,0
2763,28.78,26.29,0
2764,28.23,26.29,0
2765,28.78,26.29,0
2766,28.78,25.73,0
2767,28.78,25.73,0
2768,28.51,26.01,0
2769,28.51,25.45,0
2770,28.78,25.73,0
2771,28.51,25.45,0
2772,28.23,25.73,0
2773,28.51,26.29,0
2774,28.51,26.01,0
2775,28.51,26.29,0
2776,28.51,26.29,0
2777,28.51,25.73,0
2778,28.78,25.73,0
2779,28.78,26.01,0
2780,28.23,25.17,0
2781,28.51,26.01,0
2782,28.78,25.73,0
2783,28.51,26.01,0
2784,28.23,25.73,0
2785,28.51,25.45,0
2786,28.23,25.45,0
2787,28.23,26.29,0
2788,27.67,25.73,0
2789,28.51,25.73,0
2790,28.51,25.45,0
2791,28.51,25.73,0
2792,28.78,26.01,0
2793,28.51,25.45,0
2794,28.51,25.17,0
2795,28.51,26.01,0
2796,28.51,26.01,0
2797,28.51,26.01,0
2798,28.51,26.01,0
2799,28.51,25.73,0
2800,28.23,25.73,0
2801,28.23,25.45,0
2802,28.51,25.73,0
2803,28.78,26.01,0
2804,28.23,26.29,0
2805,28.51,25.45,0
2806,27.95,25.73,0
2807,28.23,25.17,0
2808,28.23,26.01,0
2809,28.51,25.73,0
2810,28.23,26.01,0
2811,28.78,26.01,0
2812,28.51,25.73,0
2813,28.78,26.29,0
2814,28.51,25.73,0
2815,28.51,26.01,0
2816,28.51,25.73,0
2817,28.51,25.45,0
2818,28.51,25.73,0
2819,28.51,26.01,0
2820,28.78,26.01,0
2821,28.51,26.01,0
2822,28.23,26.56,0
2823,28.23,26.01,0
2824,28.51,25.73,0
2825,27.95,26.29,0
2826,27.95,26.01,0
2827,28.23,25.73,0
2828,28.51,26.01,0
2829,28.51,26.01,0
2830,28.78,26.01,0
2831,28.51,25.45,0
2832,28.51,26.01,0
2833,27.95,25.73,0
2834,28.23,26.01,0
2835,28.51,26.01,0
2836,28.78,25.73,0
2837,27.95,26.01,0
2838,28.23,26.01,0
2839,28.78,26.01,0
2840,28.51,25.45,0
2841,28.51,26.01,0
2842,28.78,25.73,0
2843,28.23,25.73,0
2844,28.51,26.01,0
2845,28.23,25.73,0
2846,28.23,26.01,0
2847,28.51,26.01,0
2848,28.51,25.17,0
2849,27.95,26.01,0
2850,28.51,26.01,0
2851,27.95,26.01,0
2852,28.51,25.45,0
2853,28.23,25.45,0
2854,28.51,26.01,0
2855,28.51,26.01,0
2856,28.51,26.01,0
2857,28.78,26.01,0
2858,28.78,26.01,0
2859,27.95,26.01,0
2860,28.23,26.01,0
2861,28.51,26.29,0
2862,28.51,26.01,0
2863,27.95,25.73,0
2864,28.23,25.45,0
2865,28.78,26.29,0
2866,28.51,26.29,0
2867,28.78,25.73,0
2868,28.51,25.73,0
2869,28.51,26.29,0
2870,28.51,26.29,0
2871,28.23,26.01,0
2872,28.51,26.01,0
2873,28.51,26.01,0
2874,28.51,26.01,0
2875,28.51,26.01,0
2876,28.51,26.29,0
2877,28.23,25.73,0
2878,27.95,26.01,0
2879,28.78,26.29,0
2880,28.51,25.73,0
