0,27.67,25.73,29
1,27.67,25.73,29
2,28.51,26.29,29
3,27.95,26.29,29
4,28.51,26.29,29
5,28.78,26.01,29
6,29.06,26.29,29
7,28.78,26.01,29
8,28.78,26.56,29
9,28.78,26.56,29
10,28.78,26.29,29
11,28.78,25.73,29
12,29.06,26.84,29
13,29.34,26.56,29
14,29.06,26.84,29
15,28.78,26.56,29
16,28.78,26.29,29
17,28.78,26.56,29
18,29.06,26.56,29
19,29.06,26.56,29
20,29.06,26.84,29
21,29.06,26.29,29
22,29.06,26.01,29
23,29.06,26.84,29
24,29.06,27.12,29
25,29.06,26.56,29
26,29.06,26.01,29
27,28.78,26.01,29
28,28.78,26.56,29
29,29.06,26.84,29
30,29.34,26.29,29
31,28.78,26.84,29
32,29.34,26.84,29
33,28.51,26.84,29
34,29.06,26.29,29
35,29.34,27.12,29
36,29.06,27.12,29
37,29.06,26.56,29
38,29.06,26.29,29
39,29.34,26.84,29
40,29.34,26.29,29
41,29.06,26.29,29
42,28.78,26.56,29
43,29.06,26.56,29
44,28.78,26.84,29
45,28.51,26.56,29
46,29.06,26.29,29
47,28.78,26.56,29
48,28.51,26.84,29
49,28.78,26.29,29
50,29.06,26.84,29
51,29.06,26.84,29
52,29.06,26.29,29
53,28.78,26.84,29
54,28.51,26.29,29
55,29.34,26.84,29
56,29.06,26.01,29
57,29.06,26.84,29
58,28.78,26.56,29
59,28.51,26.01,29
60,29.06,27.12,29
61,29.34,26.84,29
62,28.51,26.29,29
63,28.78,26.29,29
64,28.78,26.84,29
65,28.78,26.56,29
66,29.34,26.84,29
67,29.06,26.01,29
68,29.34,26.29,29
69,28.78,26.84,29
70,29.06,26.84,29
71,29.34,26.84,29
72,29.06,26.29,29
73,29.06,26.56,29
74,29.06,26.84,29
75,29.34,26.56,29
76,29.06,26.84,29
77,29.06,26.29,29
78,28.78,26.84,29
79,28.78,26.84,29
80,28.78,26.84,29
81,29.34,26.29,29
82,29.06,26.56,29
83,28.78,26.84,29
84,28.78,26.84,29
85,28.51,26.56,29
86,29.34,27.12,29
87,29.06,26.84,29
88,29.06,26.56,29
89,29.06,26.84,29
90,29.06,26.56,29
91,28.78,26.29,29
92,28.23,26.01,29
93,29.06,26.56,29
94,29.06,27.12,29
95,28.78,26.84,29
96,28.78,26.84,29
97,28.51,27.12,29
98,28.51,27.12,29
99,28.51,27.12,29
100,29.34,26.56,29
101,29.34,26.56,29
102,29.06,26.56,29
103,29.34,26.56,29
104,29.06,26.56,29
105,28.78,27.12,29
106,29.06,26.56,29
107,28.78,27.12,29
108,29.34,26.56,29
109,29.34,26.84,29
110,28.51,27.12,29
111,29.06,26.56,29
112,29.34,27.12,29
113,29.34,27.12,29
114,29.34,27.12,29
115,29.06,27.12,29
116,29.34,27.12,29
117,29.34,26.56,29
118,28.78,26.56,29
119,29.06,27.12,29
120,29.06,27.12,29
121,29.06,26.84,29
122,29.34,27.12,29
123,29.06,27.12,29
124,29.34,26.84,29
125,29.06,26.84,29
126,29.34,26.01,29
127,28.23,26.84,29
128,29.34,26.29,29
129,28.78,26.84,29
130,28.78,26.84,29
131,29.06,27.12,29
132,29.34,26.84,29
133,29.34,26.84,29
134,29.62,26.56,29
135,29.06,26.29,29
136,28.78,26.84,29
137,29.34,26.84,29
138,29.34,26.56,29
139,29.34,26.84,29
140,29.06,26.56,29
141,29.34,26.29,29
142,28.78,26.56,29
143,29.34,26.29,29
144,29.34,26.84,29
145,28.78,26.84,29
146,29.34,26.84,29
147,29.34,26.84,29
148,29.34,26.56,29
149,29.34,26.56,29
150,29.34,26.56,29
151,29.06,26.84,29
152,29.34,26.56,29
153,29.06,26.56,29
154,29.06,26.84,29
155,29.34,27.12,29
156,29.06,26.84,29
157,28.78,26.56,29
158,28.51,26.84,29
159,29.34,26.56,29
160,29.34,26.84,29
161,28.78,26.56,29
162,28.78,26.56,29
163,29.06,26.01,29
164,29.34,26.56,29
165,28.78,26.29,29
166,29.06,26.56,29
167,29.06,26.84,29
168,28.78,26.84,29
169,29.34,26.56,29
170,29.34,26.29,29
171,29.06,26.84,29
172,29.34,26.56,29
173,29.34,26.84,29
174,29.34,26.56,29
175,28.78,26.29,29
176,29.34,26.84,29
177,29.62,26.56,29
178,29.06,26.56,29
179,29.06,26.84,29
180,29.34,26.84,29
181,29.34,26.56,29
182,29.06,26.84,29
183,29.34,26.84,29
184,29.34,26.56,29
185,29.34,26.84,29
186,28.78,26.56,29
187,29.34,27.12,29
188,29.34,27.12,29
189,29.06,26.84,29
190,29.62,26.56,29
191,29.06,26.84,29
192,29.34,26.56,29
193,29.34,27.12,29
194,29.06,26.56,29
195,29.34,26.84,29
196,29.34,27.12,29
197,28.51,26.84,29
198,29.62,27.12,29
199,28.78,26.29,29
200,29.34,26.56,29
201,29.34,26.56,29
202,29.06,26.84,29
203,29.06,27.12,29
204,29.34,26.29,29
205,28.23,26.56,29
206,28.23,26.84,29
207,29.34,26.84,29
208,29.34,27.12,29
209,29.34,26.84,29
210,28.78,26.56,29
211,29.06,26.56,29
212,29.06,26.56,29
213,29.62,26.56,29
214,29.34,26.56,29
215,28.78,26.29,29
216,29.34,26.84,29
217,29.06,26.84,29
218,29.06,26.56,29
219,29.34,26.56,29
220,29.34,26.84,29
221,29.34,26.84,29
222,29.62,26.84,29
223,29.34,26.84,29
224,29.34,26.84,29
225,29.62,26.84,29
226,29.34,26.84,29
227,29.34,26.56,29
228,29.34,27.12,29
229,29.34,26.56,29
230,29.34,27.12,29
231,29.06,26.29,29
232,29.34,27.12,29
233,29.34,26.84,29
234,29.34,26.84,29
235,29.06,26.84,29
236,29.34,26.84,29
237,29.06,26.84,29
238,29.34,26.84,29
239,29.34,27.12,29
240,28.78,26.84,29
241,29.06,26.56,29
242,29.34,27.12,29
243,28.78,26.56,29
244,29.34,26.84,29
245,29.06,26.29,29
246,29.06,26.84,29
247,29.34,26.84,29
248,29.34,27.12,29
249,28.78,26.56,29
250,29.62,26.56,29
251,29.34,26.84,29
252,29.06,26.84,29
253,28.78,26.84,29
254,28.78,26.29,29
255,29.34,26.84,29
256,29.34,26.56,29
257,29.34,27.12,29
258,29.62,26.01,29
259,29.34,27.12,29
260,28.78,26.84,29
261,29.34,27.12,29
262,29.34,27.12,29
263,29.34,26.84,29
264,29.34,26.56,29
265,29.34,27.12,29
266,29.34,26.84,29
267,29.34,26.56,29
268,29.34,26.84,29
269,29.62,26.84,29
270,29.06,27.12,29
271,29.34,27.12,29
272,28.78,26.56,29
273,29.62,27.12,29
274,28.78,27.12,29
275,29.06,27.12,29
276,29.62,26.84,29
277,29.34,26.56,29
278,29.34,26.84,29
279,29.06,26.56,29
280,29.34,27.12,29
281,29.34,26.29,29
282,29.34,26.84,29
283,28.78,26.56,29
284,29.34,26.84,29
285,29.34,26.84,29
286,29.89,26.84,29
287,29.34,26.84,29
288,29.62,26.84,29
289,29.34,27.12,29
290,29.06,26.84,29
291,29.34,26.84,29
292,29.06,27.12,29
293,29.06,26.84,29
294,29.34,26.84,29
295,29.62,26.84,29
296,29.34,27.12,29
297,29.34,27.12,29
298,29.06,27.12,29
299,29.34,26.84,29
300,29.34,26.84,29
301,29.62,27.12,29
302,29.34,27.12,29
303,29.34,26.84,29
304,29.06,27.12,29
305,29.89,27.12,29
306,29.34,26.56,29
307,29.34,27.12,29
308,29.34,26.84,29
309,29.34,27.12,29
310,29.62,27.12,29
311,29.34,26.84,29
312,29.34,26.84,29
313,29.34,27.12,29
314,29.62,27.12,29
315,29.06,26.84,29
316,28.78,26.84,29
317,29.62,27.12,29
318,28.51,27.12,29
319,29.62,26.84,29
320,29.34,26.84,29
321,29.34,27.12,29
322,29.06,26.84,29
323,29.06,27.12,29
324,29.62,27.12,29
325,29.34,26.56,29
326,29.34,26.56,29
327,29.06,26.29,29
328,29.62,27.12,29
329,29.34,26.84,29
330,29.34,26.84,29
331,29.34,26.84,29
332,29.62,26.01,29
333,29.62,27.12,29
334,29.06,26.84,29
335,29.06,26.84,29
336,29.34,26.84,29
337,29.34,26.84,29
338,29.34,26.84,29
339,29.06,26.84,29
340,29.62,27.12,29
341,29.06,27.12,29
342,29.34,27.12,29
343,29.06,26.84,29
344,29.62,26.84,29
345,29.62,27.12,29
346,29.62,26.84,29
347,29.06,27.12,29
348,29.34,26.84,29
349,29.62,26.84,29
350,29.06,26.84,29
351,29.06,27.12,29
352,29.89,26.84,29
353,29.34,27.12,29
354,29.06,26.84,29
355,28.78,26.56,29
356,29.34,26.84,29
357,29.06,26.84,29
358,29.89,27.12,29
359,29.62,27.12,29
360,29.62,26.56,29
361,28.51,26.84,29
362,29.34,27.12,29
363,28.78,26.84,29
364,29.06,26.29,29
365,29.06,26.56,29
366,29.06,27.12,29
367,29.34,26.84,29
368,29.62,27.12,29
369,29.62,26.56,29
370,29.06,26.84,29
371,29.34,27.12,29
372,28.78,27.12,29
373,29.06,26.56,29
374,29.06,27.40,29
375,29.06,26.56,29
376,28.78,26.29,29
377,29.34,27.12,29
378,28.78,26.84,29
379,29.34,27.12,29
380,29.62,26.01,29
381,29.06,26.01,29
382,29.62,26.56,29
383,29.34,27.12,29
384,29.34,27.12,29
385,29.62,27.40,29
386,29.34,27.12,29
387,29.34,27.12,29
388,29.62,26.56,29
389,29.62,27.12,29
390,29.34,26.84,29
391,29.62,26.56,29
392,29.34,27.12,29
393,29.06,26.56,29
394,29.34,27.12,29
395,29.62,27.12,29
396,29.62,27.12,29
397,29.34,26.84,29
398,29.34,26.84,29
399,29.06,26.01,29
400,29.06,26.56,29
401,29.06,27.12,29
402,29.06,26.29,29
403,29.62,27.12,29
404,29.34,27.12,29
405,29.62,26.56,29
406,29.06,26.56,29
407,29.62,26.56,29
408,29.62,26.56,29
409,29.62,27.12,29
410,29.89,27.12,29
411,29.62,26.84,29
412,29.89,26.84,29
413,29.62,26.84,29
414,29.62,26.56,29
415,29.62,26.56,29
416,29.34,27.12,29
417,29.89,26.56,29
418,29.62,26.84,29
419,29.62,26.84,29
420,29.62,27.12,29
421,29.06,27.12,29
422,29.62,26.56,29
423,29.34,26.56,29
424,29.89,26.84,29
425,28.78,26.84,29
426,29.34,27.12,29
427,29.62,26.29,29
428,29.34,27.12,29
429,29.34,26.56,29
430,29.62,26.84,29
431,29.62,26.84,29
432,29.06,26.84,29
433,29.62,27.12,29
434,29.62,27.12,29
435,29.06,26.84,29
437,29.34,27.12,29
438,29.89,26.56,29
439,29.62,27.40,29
440,29.62,26.84,29
441,29.06,27.12,29
442,29.62,27.12,29
443,29.89,26.84,29
444,29.34,26.29,29
445,29.89,27.12,29
446,29.34,26.84,29
447,29.89,27.12,29
448,29.62,26.84,29
449,29.62,26.84,29
450,29.62,26.84,29
451,29.34,26.84,29
452,29.06,26.84,29
453,29.06,26.56,29
454,29.34,26.56,29
455,29.62,26.56,29
456,29.62,26.56,29
457,29.62,27.12,29
458,29.06,27.12,29
459,29.34,26.56,29
460,29.34,26.56,29
461,29.34,27.12,29
462,29.34,27.12,29
463,29.34,26.84,29
464,29.89,26.29,29
465,29.34,26.84,29
466,29.62,27.12,29
467,29.62,27.12,29
468,29.34,27.12,29
469,29.06,26.84,29
470,29.34,26.29,29
471,29.62,26.84,29
472,29.06,26.56,29
473,28.23,26.84,29
474,29.06,26.84,29
475,29.62,26.84,29
476,29.34,27.12,29
477,29.34,26.84,29
478,29.89,26.84,29
479,29.62,26.84,29
480,29.62,27.12,29
481,29.89,26.84,29
482,29.06,26.56,29
483,29.06,26.84,29
484,29.62,26.84,29
485,29.06,26.56,29
486,29.06,26.84,29
487,29.34,27.12,29
488,29.34,26.84,29
489,29.62,26.84,29
490,29.34,27.12,29
491,29.62,27.12,29
492,29.34,26.56,29
493,29.62,27.12,29
494,29.89,26.56,29
495,29.62,27.12,29
496,29.34,27.12,29
497,29.34,26.84,29
498,29.62,27.12,29
499,29.62,27.12,29
500,29.34,26.56,29
501,29.34,27.12,29
502,29.62,27.40,29
503,28.78,26.56,29
504,29.34,27.12,29
505,29.06,26.84,29
506,29.34,27.12,29
507,29.62,26.56,29
508,29.62,27.40,29
509,29.06,27.12,29
510,29.06,27.12,29
511,29.62,26.84,29
512,29.34,26.56,29
513,28.78,26.56,29
514,29.62,26.84,29
515,29.62,26.84,29
516,29.62,26.01,29
517,29.62,26.84,29
518,29.06,26.84,29
519,29.34,27.12,29
520,29.89,26.56,29
521,29.89,26.56,29
522,29.34,26.84,29
523,29.62,26.56,29
524,29.06,27.12,29
525,29.62,27.12,29
526,29.62,26.56,29
527,29.34,26.84,29
528,29.34,26.84,29
529,29.06,26.56,29
530,29.06,26.29,29
531,29.62,26.56,29
532,29.89,26.84,29
533,29.89,27.12,29
534,29.34,27.12,29
535,28.51,26.56,29
536,29.34,26.56,29
537,29.62,26.84,29
538,29.62,26.01,29
539,29.34,27.12,29
540,29.62,26.84,29
541,29.62,27.12,29
542,29.62,27.12,29
543,29.06,27.12,29
544,30.17,26.29,29
545,29.34,26.84,29
546,29.89,26.56,29
547,29.62,27.12,29
548,29.62,26.56,29
549,29.34,27.12,29
550,29.89,27.12,29
551,29.89,26.01,29
552,29.62,26.56,29
553,29.62,26.56,29
554,29.34,26.84,29
555,29.34,27.12,29
556,29.62,27.12,29
557,29.62,27.12,29
558,29.34,27.12,29
559,29.89,27.12,29
560,29.62,26.29,29
561,29.34,26.56,29
562,29.89,26.29,29
563,29.89,26.84,29
564,30.17,27.12,29
565,29.34,27.12,29
566,29.34,26.56,29
567,29.89,26.84,29
568,29.62,26.29,29
569,29.34,26.56,29
570,29.34,26.56,29
571,29.62,27.12,29
572,29.62,26.84,29
573,29.89,26.84,29
574,29.89,26.84,29
575,28.78,26.84,29
576,29.89,26.84,29
577,29.62,26.84,29
578,29.62,26.56,29
579,29.89,26.29,29
580,29.62,26.84,29
581,29.62,26.29,29
582,29.89,26.56,29
583,29.62,26.84,29
584,29.89,26.29,29
585,29.89,26.56,29
586,29.62,26.56,29
587,29.62,26.84,29
588,29.34,26.01,29
589,29.62,27.12,29
590,29.89,27.12,29
591,29.34,26.84,29
592,30.17,26.84,29
593,29.89,26.84,29
594,29.34,26.84,29
595,29.34,26.84,29
596,29.34,26.84,29
597,29.06,26.56,29
598,29.34,27.12,29
599,29.34,26.84,29
600,29.62,27.12,29
601,29.89,26.84,29
602,29.89,26.84,29
603,29.34,27.12,29
604,29.62,26.84,29
605,29.89,27.12,29
606,29.34,26.56,29
607,29.34,27.40,29
608,29.34,26.84,29
609,29.34,26.56,29
610,29.34,27.12,29
611,29.62,26.29,29
612,29.34,26.56,29
613,29.34,26.56,29
614,29.89,26.84,29
615,29.62,26.84,29
616,29.62,26.84,29
617,29.62,26.56,29
618,29.34,26.84,29
619,29.62,26.84,29
620,29.89,26.29,29
621,29.34,27.12,29
622,29.34,26.56,29
623,29.06,26.29,29
624,29.62,26.84,29
625,29.62,26.29,29
626,29.62,26.84,29
627,29.62,26.29,29
628,29.34,26.29,29
629,29.89,26.56,29
630,29.62,27.12,29
631,29.62,26.56,29
632,29.62,26.84,29
633,29.89,26.84,29
634,29.89,26.56,29
635,29.34,26.84,29
636,29.89,26.84,29
637,29.89,26.56,29
638,29.62,26.84,29
639,29.89,26.29,29
640,29.06,26.56,29
641,29.34,26.29,29
642,29.62,26.84,29
643,29.34,26.56,29
644,29.34,26.56,29
645,29.62,26.84,29
646,29.06,26.84,29
647,30.17,26.56,29
648,29.34,26.56,29
649,29.06,26.56,29
650,29.89,26.29,29
651,29.62,26.56,29
652,29.62,26.56,29
653,29.89,26.84,29
654,29.34,26.56,29
655,29.89,26.56,29
656,29.89,26.29,29
657,29.62,26.29,29
658,29.34,26.29,29
659,29.62,26.56,29
660,29.89,26.01,29
661,29.62,26.84,29
662,29.89,26.29,29
663,29.62,26.56,29
664,29.89,26.84,29
665,29.62,26.84,29
666,29.34,26.84,29
667,29.89,27.12,29
668,29.62,26.29,29
669,29.62,26.84,29
670,29.89,26.84,29
671,29.34,26.84,29
672,29.62,26.56,29
673,29.89,26.56,29
674,29.62,26.56,29
675,29.34,26.84,29
676,30.17,26.29,29
677,29.06,26.56,29
678,29.89,26.84,29
679,29.62,26.29,29
680,29.62,26.01,29
681,29.34,26.84,29
682,29.89,26.56,29
683,29.62,26.84,29
684,29.34,26.56,29
685,29.89,27.12,29
686,29.62,26.84,29
687,29.34,26.29,29
688,29.62,26.29,29
689,29.06,26.84,29
690,29.62,26.56,29
691,29.62,26.56,29
692,30.17,26.56,29
693,29.34,26.29,29
694,29.62,27.12,29
695,29.62,26.56,29
696,29.89,26.56,29
697,29.89,26.56,29
698,29.34,26.84,29
699,29.89,26.56,29
700,29.89,26.29,29
701,29.34,26.29,29
702,29.62,26.84,29
703,29.89,26.84,29
704,29.62,26.84,29
705,28.78,26.84,29
706,29.62,26.01,29
707,29.89,26.29,29
708,29.62,26.84,29
709,28.78,26.84,29
710,29.34,26.01,29
711,29.34,26.56,29
712,29.62,26.56,29
713,29.62,26.56,29
714,29.34,25.73,29
715,29.34,26.01,29
716,29.34,26.29,29
717,29.06,26.01,29
718,29.06,26.56,29
719,29.62,26.29,29
720,29.62,26.56,29
721,30.17,26.56,29
722,29.34,26.56,29
723,29.89,26.29,29
724,29.34,26.84,29
725,29.62,26.01,29
726,29.62,26.84,29
727,29.06,26.84,29
728,29.62,26.84,29
729,29.89,26.29,29
730,29.89,26.84,29
731,29.89,26.56,29
732,29.34,26.84,29
733,29.62,26.84,29
734,29.62,26.29,29
735,29.89,27.12,29
736,29.34,26.56,29
737,29.34,26.29,29
738,29.62,26.56,29
739,29.62,26.29,29
740,29.89,26.56,29
741,29.06,26.56,29
742,29.34,26.84,29
743,29.34,26.56,29
744,29.62,27.12,29
745,29.62,26.56,29
746,29.06,26.29,29
747,29.62,26.29,29
748,29.62,26.56,29
749,29.06,26.01,29
750,29.06,26.56,29
751,29.89,26.56,29
752,29.89,26.84,29
753,29.89,26.56,29
754,29.62,26.84,29
755,29.62,26.56,29
756,29.62,26.01,29
757,29.34,26.29,29
758,29.34,26.84,29
759,29.62,26.56,29
760,29.89,26.56,29
761,29.62,26.56,29
762,30.17,26.84,29
763,29.89,26.29,29
764,29.62,26.01,29
765,29.34,26.56,29
766,29.34,26.56,29
767,29.62,26.84,29
768,29.89,26.84,29
769,29.06,26.84,29
770,29.89,26.56,29
771,29.34,26.84,29
772,29.62,26.84,29
773,29.62,27.12,29
774,29.06,26.56,29
775,29.34,26.84,29
776,29.34,26.01,29
777,29.62,26.56,29
778,29.34,26.84,29
779,29.89,26.84,29
780,29.89,26.84,29
781,29.89,26.84,29
782,29.89,26.29,29
783,29.34,26.84,29
784,29.62,27.12,29
785,29.34,26.56,29
786,30.17,27.40,29
787,29.62,26.56,29
788,29.62,27.12,29
789,30.17,26.84,29
790,29.62,26.84,29
791,29.89,26.56,29
792,29.62,26.29,29
793,28.78,26.84,29
794,29.89,26.84,29
795,29.62,26.56,29
796,29.89,26.56,29
797,29.62,26.56,29
798,29.89,26.56,29
799,29.89,26.29,29
800,29.89,26.84,29
801,29.06,26.56,29
802,29.89,26.29,29
803,29.06,26.84,29
804,29.89,26.56,29
805,29.62,26.84,29
806,29.06,26.29,29
807,29.62,26.84,29
808,29.62,26.84,29
809,29.89,26.29,29
810,29.62,26.84,29
811,29.62,26.84,29
812,30.17,26.84,29
813,29.34,26.84,29
814,29.62,26.84,29
815,29.34,26.56,29
816,29.89,26.29,29
817,29.34,26.56,29
818,29.89,26.84,29
819,29.89,27.12,29
820,29.89,26.84,29
821,29.62,26.84,29
822,28.78,26.84,29
823,29.89,26.84,29
824,29.62,26.84,29
825,29.06,26.56,29
826,29.34,26.84,29
827,29.89,26.84,29
828,29.06,26.84,29
829,29.34,26.29,29
830,29.34,26.56,29
831,29.62,26.56,29
832,29.62,27.12,29
833,29.89,26.56,29
834,29.34,26.84,29
835,29.62,26.56,29
836,29.34,26.84,29
837,29.06,26.84,29
838,28.78,26.01,29
839,29.89,26.56,29
840,29.34,26.56,29
841,29.06,26.84,29
842,29.62,26.56,29
843,29.62,26.84,29
844,29.34,26.84,29
845,29.62,26.29,29
846,30.17,26.56,29
847,29.34,26.84,29
848,29.34,26.56,29
849,29.89,26.56,29
850,29.34,26.84,29
851,29.34,26.84,29
852,29.89,26.84,29
853,29.34,26.84,29
854,29.34,26.56,29
855,29.89,27.12,29
856,29.62,26.56,29
857,29.62,26.84,29
858,29.62,27.12,29
859,29.62,26.84,29
860,29.89,26.56,29
861,29.62,26.84,29
862,29.06,26.01,29
863,29.89,27.12,29
864,29.89,26.56,29
865,29.62,26.84,29
866,29.34,26.84,29
867,29.89,27.12,29
868,29.62,26.84,29
869,29.89,26.29,29
870,29.34,26.84,29
872,29.06,26.29,29
873,29.62,26.56,29
874,29.62,26.84,29
875,29.89,26.84,29
876,29.34,26.84,29
877,29.34,26.84,29
878,29.34,26.29,29
879,28.78,26.84,29
880,29.34,26.29,29
881,29.34,26.84,29
882,29.89,26.56,29
883,29.34,26.84,29
884,29.34,26.84,29
885,29.89,26.84,29
886,29.89,26.84,29
887,29.62,26.84,29
888,29.89,26.84,29
889,29.89,26.84,29
890,29.62,26.84,29
891,29.89,26.56,29
892,29.62,26.84,29
893,29.62,26.29,29
894,29.62,26.84,29
895,29.89,26.84,29
896,29.89,26.56,29
897,29.89,26.84,29
898,29.62,26.29,29
899,29.89,26.84,29
900,29.89,26.84,29
901,29.89,26.56,29
902,29.89,26.29,29
903,29.34,26.84,29
904,29.62,26.84,29
905,29.89,26.84,29
906,29.89,26.29,29
907,29.89,26.84,29
908,29.34,26.84,29
909,29.89,26.56,29
910,29.34,26.56,29
911,29.89,26.84,29
912,29.62,26.29,29
913,29.06,26.29,29
914,29.34,26.84,29
915,29.62,26.84,29
916,29.89,26.29,29
917,29.06,26.84,29
918,29.89,26.29,29
919,29.62,26.84,29
920,29.89,26.84,29
921,29.89,26.56,29
922,29.62,26.29,29
923,29.89,26.56,29
924,29.62,26.84,29
925,29.89,26.56,29
926,29.34,26.84,29
927,29.89,26.56,29
928,29.06,26.29,29
929,29.89,26.84,29
930,29.62,26.56,29
931,29.62,26.84,29
932,30.17,26.01,29
933,29.62,26.29,29
934,30.17,26.56,29
935,29.89,26.29,29
936,29.62,26.56,29
937,30.17,26.84,29
938,30.17,26.84,29
939,29.06,26.84,29
940,29.89,26.56,29
941,30.17,26.29,29
942,29.89,26.84,29
943,29.89,26.56,29
944,29.62,26.84,29
945,29.62,26.84,29
946,29.89,26.84,29
947,29.06,26.84,29
948,29.34,26.84,29
949,29.89,26.84,29
950,29.89,26.56,29
951,29.34,26.56,29
952,29.89,26.01,29
953,30.17,26.29,29
954,29.62,26.29,29
955,29.89,26.29,29
956,29.62,26.84,29
957,29.89,26.56,29
958,29.89,26.84,29
959,29.89,26.84,29
960,29.06,26.01,29
961,29.62,26.56,29
962,29.62,26.56,29
963,29.62,26.56,29
964,29.62,26.56,29
965,29.62,27.12,29
966,29.89,26.84,29
967,29.62,26.56,29
968,30.17,26.56,29
969,29.06,26.56,29
970,29.89,26.56,29
971,29.62,26.56,29
972,29.89,26.56,29
973,29.62,26.84,29
974,29.34,26.29,29
975,29.89,26.56,29
976,29.62,26.84,29
977,29.89,26.56,29
978,29.62,27.12,29
979,29.34,26.84,29
980,29.89,26.56,29
981,29.89,26.84,29
982,29.89,26.84,29
983,29.62,26.84,29
984,29.34,26.84,29
985,29.89,26.56,29
986,29.62,26.84,29
987,30.17,26.84,29
988,30.17,26.84,29
989,29.89,26.84,29
990,29.89,26.84,29
991,29.34,26.84,29
992,29.34,26.84,29
993,29.34,26.29,29
994,29.89,26.29,29
995,29.89,26.84,29
996,29.62,26.29,29
997,29.89,26.84,29
998,29.89,26.84,29
999,29.89,26.84,29
1000,29.34,26.84,29
1001,29.34,26.84,29
1002,29.06,26.56,29
1003,29.62,26.01,29
1004,29.62,26.84,29
1005,29.89,26.56,29
1006,29.06,26.56,29
1007,29.62,26.84,29
1008,29.89,26.56,29
1009,29.89,26.01,29
1010,29.89,26.56,29
1011,29.89,26.56,29
1012,29.62,26.56,29
1013,30.17,26.29,29
1014,30.17,26.56,29
1015,29.89,26.84,29
1016,29.89,26.56,29
1017,29.89,26.56,29
1018,29.89,26.84,29
1019,30.17,26.84,29
1020,29.34,26.84,29
1021,29.89,26.56,29
1022,29.06,26.84,29
1023,29.62,26.84,29
1024,29.62,26.84,29
1025,29.89,26.84,29
1026,29.89,26.84,29
1027,29.62,26.56,29
1028,29.34,27.12,29
1029,29.06,26.84,29
1030,30.17,26.29,29
1031,29.89,26.84,29
1032,29.89,26.29,29
1033,29.62,26.84,29
1034,29.89,26.56,29
1035,29.89,26.84,29
1036,29.89,26.84,29
1037,29.34,26.84,29
1038,29.62,26.56,29
1039,29.62,26.84,29
1040,29.62,26.56,29
1041,29.89,26.01,29
1042,28.78,26.56,29
1043,29.89,26.56,29
1044,28.78,26.84,29
1045,29.89,26.29,29
1046,29.62,26.56,29
1047,30.17,26.84,29
1048,29.62,26.84,29
1049,29.89,26.56,29
1050,29.34,26.84,29
1051,30.17,27.12,29
1052,29.89,26.84,29
1053,29.62,26.56,29
1054,29.34,26.84,29
1055,29.89,26.84,29
1056,29.62,26.84,29
1057,29.89,26.56,29
1058,29.62,26.84,29
1059,29.62,26.84,29
1060,29.62,26.56,29
1061,28.78,26.84,29
1062,29.89,26.84,29
1063,29.62,26.84,29
1064,29.89,27.12,29
1065,29.89,26.84,29
1066,29.34,26.84,29
1067,29.34,26.56,29
1068,29.89,26.84,29
1069,29.89,26.84,29
1070,30.17,26.84,29
1071,29.89,26.84,29
1072,29.34,26.84,29
1073,29.34,26.84,29
1074,29.34,26.84,29
1075,29.62,26.84,29
1076,29.62,26.84,29
1077,30.17,26.84,29
1078,29.89,26.84,29
1079,30.17,26.84,29
1080,29.89,26.84,29
1081,29.89,26.56,29
1082,29.62,26.01,29
1083,29.89,26.56,29
1084,29.62,27.12,29
1085,29.89,26.84,29
1086,29.62,26.56,29
1087,29.62,27.12,29
1088,30.17,26.56,29
1089,29.62,26.56,29
1090,29.62,26.84,29
1091,29.06,26.56,29
1092,29.34,26.84,29
1093,29.34,26.56,29
1094,29.34,26.29,29
1095,29.89,26.84,29
1096,29.89,26.84,29
1097,29.34,26.84,29
1098,29.62,26.29,29
1099,29.62,26.56,29
1100,29.34,26.56,29
1101,29.62,26.56,29
1102,29.89,26.29,29
1103,29.34,26.56,29
1104,29.34,26.84,29
1105,29.34,26.56,29
1106,29.34,26.01,29
1107,29.62,27.12,29
1108,29.89,26.56,29
1109,29.62,26.56,29
1110,29.89,26.84,29
1111,29.34,26.84,29
1112,29.62,26.56,29
1113,29.89,26.29,29
1114,29.89,26.56,29
1115,29.89,26.29,29
1116,29.89,26.84,29
1117,29.89,26.56,29
1118,29.06,26.56,29
1119,30.17,26.56,29
1120,30.17,26.29,29
1121,29.89,26.56,29
1122,29.62,26.56,29
1123,29.89,26.29,29
1124,29.34,26.56,29
1125,29.89,26.29,29
1126,29.62,26.56,29
1127,30.17,26.84,29
1128,29.89,26.29,29
1129,29.89,26.56,29
1130,29.89,26.56,29
1131,29.89,26.29,29
1132,29.89,27.12,29
1133,29.89,26.84,29
1134,29.34,26.84,29
1135,30.17,26.84,29
1136,29.62,26.29,29
1137,29.62,26.56,29
1138,30.17,26.84,29
1139,29.62,26.29,29
1140,29.89,26.56,29
1141,29.89,26.56,29
1142,29.34,26.56,29
1143,29.89,26.56,29
1144,29.62,26.84,29
1145,29.62,26.56,29
1146,29.06,26.56,29
1147,29.89,26.56,29
1148,29.89,26.56,29
1149,29.89,26.84,29
1150,29.89,26.01,29
1151,30.17,26.56,29
1152,29.89,26.84,29
1153,29.06,26.56,29
1154,30.17,26.56,29
1155,29.34,26.56,29
1156,29.62,26.84,29
1157,29.34,26.56,29
1158,29.34,26.56,29
1159,29.89,26.84,29
1160,29.62,26.84,29
1161,29.62,26.84,29
1162,30.17,26.29,29
1163,29.34,26.84,29
1164,29.34,26.56,29
1165,29.34,26.56,29
1166,29.89,27.12,29
1167,29.62,26.56,29
1168,29.62,26.84,29
1169,29.62,26.84,29
1170,29.62,26.84,29
1171,30.17,26.84,29
1172,29.89,26.84,29
1173,29.89,26.84,29
1174,29.89,26.84,29
1175,29.89,26.56,29
1176,29.06,26.84,29
1177,30.17,26.56,29
1178,29.62,26.84,29
1179,29.62,26.56,29
1180,29.62,26.84,29
1181,29.89,26.84,29
1182,29.89,27.12,29
1183,29.89,26.84,29
1184,29.62,26.84,29
1185,29.89,26.56,29
1186,30.17,26.84,29
1187,30.17,26.84,29
1188,29.89,26.56,29
1189,29.34,26.01,29
1190,29.62,26.56,29
1191,29.89,26.56,29
1192,30.17,26.29,29
1193,29.62,26.56,29
1194,29.62,26.56,29
1195,29.89,26.56,29
1196,29.89,26.56,29
1197,29.89,26.29,29
1198,29.62,26.56,29
1199,29.62,26.84,29
1200,29.89,25.73,29
1201,29.89,26.84,29
1202,29.62,26.29,29
1203,30.17,26.56,29
1204,29.89,26.56,29
1205,29.89,26.56,29
1206,29.89,26.56,29
1207,29.89,26.56,29
1208,29.34,26.29,29
1209,29.89,26.56,29
1210,29.89,26.84,29
1211,29.62,26.56,29
1212,29.89,26.56,29
1213,29.62,26.84,29
1214,29.62,26.56,29
1215,29.89,26.56,29
1216,29.89,26.29,29
1217,29.34,26.29,29
1218,29.34,26.01,29
1219,29.34,26.56,29
1220,29.62,26.56,29
1221,29.89,26.84,29
1222,29.62,26.84,29
1223,29.89,26.56,29
1224,29.62,26.84,29
1225,29.62,26.84,29
1226,29.89,27.12,29
1227,29.89,26.56,29
1228,29.89,26.56,29
1229,29.62,26.84,29
1230,29.62,26.29,29
1231,29.34,26.56,29
1232,29.06,26.29,29
1233,29.34,26.84,29
1234,29.62,27.12,29
1235,29.89,26.56,29
1236,29.89,27.12,29
1237,29.62,26.29,29
1238,29.34,26.56,29
1239,30.17,26.56,29
1240,29.89,26.56,29
1241,29.62,26.56,29
1242,29.34,26.56,29
1243,30.17,26.29,29
1244,29.06,26.56,29
1245,29.89,26.84,29
1246,29.89,26.29,29
1247,29.06,26.29,29
1248,29.89,26.84,29
1249,29.89,26.29,29
1250,29.06,26.84,29
1251,30.17,26.56,29
1252,29.34,26.01,29
1253,29.89,26.84,29
1254,29.89,26.56,29
1255,29.89,26.56,29
1256,29.62,26.56,29
1257,29.89,26.56,29
1258,29.89,26.56,29
1259,30.17,27.12,29
1260,29.89,26.84,29
1261,29.89,26.01,29
1262,29.89,26.56,29
1263,30.17,26.56,29
1264,29.34,26.84,29
1265,29.89,26.56,29
1266,29.89,26.56,29
1267,29.89,26.01,29
1268,29.89,26.84,29
1269,29.62,27.12,29
1270,29.62,26.56,29
1271,29.62,26.56,29
1272,29.89,26.84,29
1273,29.89,26.56,29
1274,29.34,27.40,29
1275,29.62,26.84,29
1276,30.17,26.56,29
1277,29.34,26.56,29
1278,29.89,26.84,29
1279,29.89,26.56,29
1280,30.17,26.56,29
1281,29.89,26.84,29
1282,29.34,26.84,29
1283,29.89,26.56,29
1284,29.89,26.84,29
1285,29.89,26.84,29
1286,29.89,26.56,29
1287,29.62,26.84,29
1288,29.34,26.56,29
1289,30.17,26.29,29
1290,30.17,26.84,29
1291,29.62,26.01,29
1292,29.62,26.29,29
1293,29.34,26.56,29
1294,29.89,26.84,29
1295,29.06,26.56,29
1296,29.89,25.73,29
1297,30.17,26.56,29
1298,29.34,26.84,29
1299,29.34,26.56,29
1301,29.89,26.56,29
1302,30.17,26.84,29
1303,29.62,26.56,29
1304,29.62,26.84,29
1305,30.17,26.56,29
1306,29.34,26.56,29
1307,29.89,26.29,29
1308,29.62,26.84,29
1309,30.17,26.84,29
1310,29.34,27.12,29
1311,29.62,26.84,29
1312,29.62,26.56,29
1313,29.89,27.12,29
1314,29.62,26.84,29
1315,29.34,26.29,29
1316,29.34,26.84,29
1317,29.89,26.84,29
1318,29.89,26.56,29
1319,29.62,26.29,29
1320,29.89,26.29,29
1321,29.62,26.56,29
1322,29.34,26.56,29
1323,29.89,26.56,29
1324,29.89,26.29,29
1325,30.17,26.29,29
1326,29.89,26.84,29
1327,29.34,26.84,29
1328,29.89,26.29,29
1329,30.17,26.84,29
1330,29.89,26.84,29
1331,29.89,26.56,29
1332,29.62,26.56,29
1333,29.62,26.84,29
1334,29.34,26.84,29
1335,29.89,26.29,29
1336,29.62,26.29,29
1337,29.89,26.29,29
1338,29.89,26.84,29
1339,29.89,26.29,29
1340,29.89,26.01,29
1341,29.62,26.56,29
1342,29.89,26.56,29
1343,29.89,26.29,29
1344,29.89,26.56,29
1345,29.62,26.84,29
1346,29.89,26.29,29
1347,29.89,26.29,29
1348,29.62,26.56,29
1349,30.17,26.56,29
1350,29.89,26.56,29
1351,29.89,26.84,29
1352,29.89,26.84,29
1353,30.17,26.56,29
1354,29.89,26.01,29
1355,29.06,26.84,29
1356,29.06,26.56,29
1357,29.62,26.84,29
1358,29.89,26.56,29
1359,29.34,26.84,29
1360,29.06,26.84,29
1361,29.34,26.29,29
1362,29.62,26.29,29
1363,29.62,26.56,29
1364,29.34,26.29,29
1365,29.34,26.84,29
1366,29.89,26.56,29
1367,29.06,26.56,29
1368,30.17,26.29,29
1369,29.34,26.56,29
1370,30.17,26.56,29
1371,29.62,26.56,29
1372,29.89,27.12,29
1373,29.06,26.29,29
1374,29.06,26.29,29
1375,30.17,26.56,29
1376,29.34,26.84,29
1377,30.17,26.84,29
1378,30.17,26.84,29
1379,29.89,26.56,29
1380,29.62,26.84,29
1381,30.17,26.56,29
1382,29.89,26.56,29
1383,29.89,26.29,29
1384,29.89,27.12,29
1385,29.62,26.56,29
1386,29.89,26.84,29
1387,29.89,27.12,29
1388,29.62,26.56,29
1389,29.89,26.84,29
1390,29.62,27.12,29
1391,29.06,26.84,29
1392,29.34,26.56,29
1393,29.06,26.84,29
1394,29.89,26.84,29
1395,29.62,26.56,29
1396,29.89,26.84,29
1397,29.62,26.56,29
1398,30.17,27.12,29
1399,29.89,26.56,29
1400,29.89,26.84,29
1401,29.62,26.56,29
1402,29.89,26.84,29
1403,29.89,26.84,29
1404,29.62,26.56,29
1405,29.34,27.12,29
1406,29.62,26.84,29
1407,29.89,26.56,29
1408,30.17,26.56,29
1409,29.62,26.56,29
1410,29.89,26.84,29
1411,29.89,26.29,29
1412,29.62,26.29,29
1413,29.89,26.56,29
1414,30.17,26.84,29
1415,29.62,26.56,29
1416,29.89,26.84,29
1417,29.89,26.56,29
1418,30.17,26.56,29
1419,29.89,26.84,29
1420,29.62,27.12,29
1421,29.62,26.84,29
1422,29.34,27.12,29
1423,29.34,26.56,29
1424,29.89,27.12,29
1425,29.89,27.12,29
1426,29.34,26.29,29
1427,30.17,26.29,29
1428,29.62,27.12,29
1429,29.89,26.56,29
1430,29.89,26.01,29
1431,29.89,26.56,29
1432,29.89,26.84,29
1433,29.89,26.84,29
1434,29.62,27.12,29
1435,29.89,26.56,29
1436,29.89,27.12,29
1437,29.89,26.56,29
1438,29.89,26.56,29
1439,30.17,26.56,29
1440,29.89,26.84,29
1441,29.89,26.56,29
1442,30.17,27.12,29
1443,29.89,26.56,29
1444,29.89,26.56,29
1445,29.89,26.56,29
1446,29.89,26.84,29
1447,29.89,26.56,29
1448,29.89,26.56,29
1449,29.89,26.56,29
1450,29.89,26.56,29
1451,29.89,26.84,29
1452,29.89,26.56,29
1453,29.62,26.56,29
1454,29.89,26.56,29
1455,29.89,27.12,29
1456,29.62,26.56,29
1457,29.34,26.84,29
1458,29.89,26.56,29
1459,29.89,26.56,29
1460,30.17,26.84,29
1461,30.17,26.29,29
1462,29.89,26.56,29
1463,29.89,26.56,29
1464,29.89,26.84,29
1465,29.89,26.56,29
1466,29.62,26.56,29
1467,29.62,27.12,29
1468,29.89,26.29,29
1469,29.89,26.29,29
1470,29.89,26.29,29
1471,29.89,26.84,29
1472,29.89,26.29,29
1473,29.62,26.29,29
1474,30.17,26.84,29
1475,29.89,26.01,29
1476,29.62,26.29,29
1477,29.89,26.84,29
1478,29.89,26.29,29
1479,30.17,26.29,29
1480,29.62,26.29,29
1481,29.62,27.12,29
1482,29.89,26.84,29
1483,29.62,26.56,29
1484,29.62,27.12,29
1485,29.62,26.84,29
1486,29.62,26.56,29
1487,29.62,26.84,29
1488,29.89,26.29,29
1489,29.62,26.29,29
1490,29.89,26.84,29
1491,29.34,26.56,29
1492,29.89,26.01,29
1493,29.89,26.29,29
1494,29.62,26.56,29
1495,29.62,26.56,29
1496,29.89,26.56,29
1497,30.17,26.56,29
1498,29.34,26.56,29
1499,29.62,26.56,29
1500,29.62,26.29,29
1501,29.34,26.56,29
1502,29.89,26.29,29
1503,29.62,26.29,29
1504,29.89,26.84,29
1505,30.17,26.56,29
1506,29.89,26.01,29
1507,29.89,26.84,29
1508,29.89,26.56,29
1509,29.62,26.84,29
1510,29.89,26.29,29
1511,29.34,26.29,29
1512,29.89,26.56,29
1513,29.62,27.12,29
1514,29.89,26.84,29
1515,29.34,26.84,29
1516,29.89,26.56,29
1517,29.89,26.01,29
1518,30.17,26.56,29
1519,30.17,26.56,29
1520,29.62,26.56,29
1521,29.34,26.56,29
1522,29.62,26.84,29
1523,29.89,26.56,29
1524,30.17,27.12,29
1525,29.89,26.01,29
1526,29.62,26.84,29
1527,29.89,26.29,29
1528,29.89,26.56,29
1529,29.62,26.84,29
1530,29.89,26.56,29
1531,29.89,26.29,29
1532,29.62,26.56,29
1533,29.62,26.56,29
1534,29.89,26.01,29
1535,29.89,26.84,29
1536,29.89,26.56,29
1537,28.78,26.56,29
1538,29.34,26.56,29
1539,29.62,26.29,29
1540,29.89,26.29,29
1541,30.17,26.84,29
1542,29.89,26.01,29
1543,29.62,26.29,29
1544,29.89,26.29,29
1545,29.89,26.84,29
1546,29.62,26.84,29
1547,29.34,26.84,29
1548,29.89,26.84,29
1549,29.62,26.84,29
1550,29.89,26.56,29
1551,29.89,26.29,29
1552,29.06,26.56,29
1553,29.34,26.56,29
1554,29.89,26.29,29
1555,29.62,26.56,29
1556,29.89,26.84,29
1557,29.89,27.12,29
1558,29.89,26.84,29
1559,30.17,26.84,29
1560,29.89,26.56,29
1561,29.62,26.84,29
1562,30.17,26.56,29
1563,29.34,26.56,29
1564,29.34,26.56,29
1565,29.89,26.84,29
1566,29.89,26.29,29
1567,29.89,27.12,29
1568,29.89,27.12,29
1569,29.89,26.84,29
1570,29.89,26.84,29
1571,29.62,26.56,29
1572,29.62,26.84,29
1573,29.89,26.56,29
1574,30.17,26.29,29
1575,29.34,27.12,29
1576,29.89,26.29,29
1577,29.89,26.84,29
1578,29.89,26.84,29
1579,29.89,26.56,29
1580,29.62,26.84,29
1581,29.89,26.56,29
1582,30.17,26.56,29
1583,29.89,26.84,29
1584,29.89,26.56,29
1585,30.17,26.56,29
1586,29.89,26.29,29
1587,29.06,26.84,29
1588,29.62,26.56,29
1589,29.62,26.84,29
1590,29.62,26.84,29
1591,29.62,26.56,29
1592,29.62,26.84,29
1593,29.62,26.56,29
1594,29.89,26.56,29
1595,30.17,26.56,29
1596,29.89,26.56,29
1597,29.62,26.56,29
1598,29.89,26.56,29
1599,29.89,26.56,29
1600,29.89,26.56,29
1601,29.89,26.56,29
1602,29.89,26.56,29
1603,29.89,26.84,29
1604,30.17,26.56,29
1605,29.62,26.84,29
1606,29.89,26.84,29
1607,29.89,26.01,29
1608,29.34,26.29,29
1609,30.17,27.12,29
1610,29.89,26.56,29
1611,29.89,26.56,29
1612,29.06,26.56,29
1613,29.89,26.84,29
1614,29.89,26.29,29
1615,29.89,26.29,29
1616,29.62,26.84,29
1617,30.17,26.84,29
1618,29.89,26.84,29
1619,29.89,26.84,29
1620,29.89,26.84,29
1621,29.89,26.56,29
1622,29.34,26.84,29
1623,29.62,26.29,29
1624,29.89,26.84,29
1625,29.89,26.56,29
1626,29.89,26.84,29
1627,29.89,26.56,29
1628,29.62,26.29,29
1629,29.62,26.29,29
1630,30.17,26.84,29
1631,29.34,27.12,29
1632,29.62,26.56,29
1633,29.34,26.56,29
1634,29.34,26.84,29
1635,29.62,26.56,29
1636,30.17,26.56,29
1637,29.62,26.56,29
1638,29.89,27.12,29
1639,29.62,26.29,29
1640,29.89,26.84,29
1641,29.89,25.73,29
1642,29.89,26.84,29
1643,30.17,26.84,29
1644,30.17,26.84,29
1645,29.89,26.84,29
1646,30.17,26.84,29
1647,30.17,26.29,29
1648,30.17,26.56,29
1649,29.89,26.84,29
1650,29.89,25.73,29
1651,29.34,26.56,29
1652,29.89,26.56,29
1653,29.62,26.01,29
1654,29.89,26.84,29
1655,29.89,26.29,29
1656,29.89,25.73,29
1657,29.89,26.84,29
1658,29.89,26.01,29
1659,29.62,26.56,29
1660,29.89,26.84,29
1661,30.17,26.84,29
1662,30.17,26.84,29
1663,29.89,26.56,29
1664,29.89,26.84,29
1665,29.89,26.84,29
1666,29.89,26.84,29
1667,30.17,26.29,29
1668,29.89,26.84,29
1669,29.89,26.84,29
1670,30.17,26.84,29
1671,29.89,26.56,29
1672,29.89,26.56,29
1673,29.89,26.84,29
1674,29.62,26.84,29
1675,29.62,26.56,29
1676,29.34,26.29,29
1677,29.89,26.29,29
1678,30.17,26.29,29
1679,30.17,26.56,29
1680,29.89,26.29,29
1681,29.62,26.84,29
1682,29.89,26.84,29
1683,29.89,26.01,29
1684,30.17,26.84,29
1685,29.34,26.56,29
1686,29.89,26.84,29
1687,30.17,26.56,29
1688,29.62,26.29,29
1689,29.34,26.56,29
1690,30.17,26.29,29
1691,29.62,26.29,29
1692,29.89,26.29,29
1693,29.34,26.29,29
1694,29.62,26.29,29
1695,29.89,26.29,29
1696,29.89,26.84,29
1697,30.17,26.29,29
1698,29.89,26.84,29
1699,29.62,26.29,29
1700,30.17,26.84,29
1701,29.89,26.56,29
1702,29.89,26.29,29
1703,29.34,26.29,29
1704,30.17,26.29,29
1705,29.89,26.56,29
1706,29.89,26.84,29
1707,29.62,26.84,29
1708,29.89,26.29,29
1709,29.34,26.84,29
1710,29.89,26.56,29
1711,29.89,26.84,29
1712,29.89,26.84,29
1713,29.62,25.73,29
1714,29.89,26.84,29
1715,29.62,26.84,29
1716,29.62,26.56,29
1717,29.62,26.56,29
1718,29.89,26.56,29
1719,29.89,26.84,29
1720,29.89,26.56,29
1721,29.34,26.29,29
1722,29.89,26.56,29
1723,29.34,26.56,29
1724,29.89,26.56,29
1725,29.89,26.56,29
1726,29.89,26.29,29
1728,30.17,27.12,29
1729,29.89,26.84,29
1730,30.17,26.56,29
1731,30.17,26.56,29
1732,29.34,26.84,29
1733,29.34,26.29,29
1734,29.34,26.84,29
1735,29.34,26.56,29
1736,29.34,26.84,29
1737,29.89,26.29,29
1738,30.17,26.01,29
1739,29.89,26.84,29
1740,29.89,26.56,29
1741,29.34,26.29,29
1742,29.62,26.56,29
1743,30.17,26.01,29
1744,30.17,26.56,29
1745,29.34,26.84,29
1746,29.34,26.84,29
1747,30.17,26.84,29
1748,29.62,26.56,29
1749,30.17,26.84,29
1750,29.62,25.73,29
1751,29.89,26.84,29
1752,29.89,26.56,29
1753,29.62,26.29,29
1754,29.34,26.84,29
1755,29.06,26.84,29
1756,30.17,26.84,29
1757,30.17,26.84,29
1758,29.62,26.01,29
1759,29.89,26.56,29
1760,29.89,26.56,29
1761,29.34,26.01,29
1762,29.89,26.01,29
1763,30.17,26.56,29
1764,30.17,26.84,29
1765,29.89,26.56,29
1766,29.34,26.84,29
1767,29.34,26.56,29
1768,29.89,26.29,29
1769,29.34,26.56,29
1770,30.17,26.29,29
1771,29.89,26.56,29
1772,29.89,26.84,29
1773,29.62,26.84,29
1774,29.89,26.56,29
1775,30.17,26.84,29
1776,29.89,26.84,29
1777,30.17,26.29,29
1778,30.17,26.84,29
1779,29.89,26.56,29
1780,29.89,26.84,29
1781,30.17,26.56,29
1782,30.17,26.29,29
1783,29.89,26.84,29
1784,29.89,26.84,29
1785,29.34,26.84,29
1786,29.89,26.29,29
1787,29.62,26.29,29
1788,29.89,26.84,29
1789,30.17,26.84,29
1790,30.17,26.56,29
1791,29.62,26.84,29
1792,29.62,26.56,29
1793,29.06,26.56,29
1794,30.17,26.56,29
1795,29.89,26.56,29
1796,29.34,26.56,29
1797,29.89,26.84,29
1798,29.89,26.29,29
1799,29.89,26.56,29
1800,30.17,26.84,29
1801,29.89,26.84,0
1802,29.34,26.29,0
1803,30.17,26.56,0
1804,29.89,26.84,0
1805,29.89,26.56,0
1806,29.89,26.29,0
1807,30.17,26.29,0
1808,29.62,26.56,0
1809,29.62,26.29,0
1810,29.62,26.84,0
1811,29.34,26.29,0
1812,29.89,26.56,0
1813,30.17,26.56,0
1814,29.89,26.84,0
1815,30.17,26.56,0
1816,29.06,26.84,0
1817,29.89,27.12,0
1818,30.17,26.56,0
1819,29.89,26.84,0
1820,30.17,26.56,0
1821,29.62,26.84,0
1822,30.17,26.84,0
1823,29.89,26.56,0
1824,29.89,26.56,0
1825,30.17,27.12,0
1826,29.62,26.84,0
1827,30.17,26.29,0
1828,30.17,26.84,0
1829,30.17,26.56,0
1830,30.17,26.84,0
1831,29.89,26.56,0
1832,29.34,26.56,0
1833,30.17,26.01,0
1834,29.89,26.84,0
1835,30.17,26.84,0
1836,29.89,26.84,0
1837,30.17,26.84,0
1838,30.17,26.56,0
1839,30.17,26.56,0
1840,30.17,26.56,0
1841,29.34,26.84,0
1842,29.89,26.29,0
1843,29.89,26.84,0
1844,30.17,26.84,0
1845,29.89,26.01,0
1846,29.34,26.84,0
1847,29.34,27.12,0
1848,29.89,26.01,0
1849,30.17,26.84,0
1850,30.17,26.56,0
1851,29.89,26.29,0
1852,29.34,26.84,0
1853,29.34,26.56,0
1854,30.17,26.56,0
1855,29.62,26.84,0
1856,29.89,26.29,0
1857,29.89,26.84,0
1858,29.62,26.56,0
1859,29.34,26.01,0
1860,29.06,26.56,0
1861,29.06,27.12,0
1862,29.62,27.12,0
1863,29.89,26.56,0
1864,29.34,26.84,0
1865,29.34,26.56,0
1866,30.17,26.29,0
1867,29.89,26.84,0
1868,30.45,26.84,0
1869,29.89,26.56,0
1870,29.89,26.29,0
1871,29.89,26.29,0
1872,29.62,27.40,0
1873,29.62,26.56,0
1874,29.89,26.84,0
1875,29.89,26.84,0
1876,29.89,26.84,0
1877,29.89,26.84,0
1878,29.89,26.84,0
1879,29.89,26.84,0
1880,29.34,26.84,0
1881,29.89,26.84,0
1882,29.89,26.84,0
1883,29.89,26.84,0
1884,29.89,26.56,0
1885,29.62,26.56,0
1886,29.62,26.56,0
1887,29.89,26.29,0
1888,30.17,26.29,0
1889,29.89,27.12,0
1890,29.89,26.84,0
1891,29.89,26.56,0
1892,29.89,26.84,0
1893,29.62,26.84,0
1894,29.62,26.56,0
1895,29.34,26.84,0
1896,29.34,26.84,0
1897,29.89,26.29,0
1898,29.89,26.84,0
1899,29.89,26.56,0
1900,29.62,26.29,0
1901,29.89,26.56,0
1902,29.62,26.01,0
1903,29.62,26.29,0
1904,29.89,26.84,0
1905,29.89,26.84,0
1906,29.89,26.56,0
1907,29.89,27.12,0
1908,29.34,26.56,0
1909,29.34,26.56,0
1910,30.17,26.29,0
1911,29.89,26.56,0
1912,29.89,26.29,0
1913,29.89,26.84,0
1914,29.89,26.01,0
1915,29.34,26.84,0
1916,29.89,26.84,0
1917,29.89,26.56,0
1918,29.89,26.29,0
1919,29.89,26.29,0
1920,30.17,26.84,0
1921,29.34,26.56,0
1922,30.17,26.84,0
1923,29.34,26.84,0
1924,29.34,26.84,0
1925,29.62,26.84,0
1926,29.89,26.84,0
1927,29.62,26.56,0
1928,29.89,26.84,0
1929,29.89,26.84,0
1930,29.89,26.84,0
1931,29.62,26.84,0
1932,29.06,26.56,0
1933,29.89,26.56,0
1934,29.89,26.84,0
1935,29.89,26.29,0
1936,29.62,26.56,0
1937,29.62,26.84,0
1938,29.62,26.56,0
1939,29.62,26.29,0
1940,29.89,26.56,0
1941,29.89,26.01,0
1942,29.89,26.56,0
1943,29.89,26.56,0
1944,29.89,26.56,0
1945,29.34,26.56,0
1946,29.62,26.56,0
1947,29.34,26.56,0
1948,29.62,26.29,0
1949,29.62,26.56,0
1950,29.89,26.01,0
1951,29.34,26.29,0
1952,29.34,25.73,0
1953,29.34,26.56,0
1954,29.62,26.56,0
1955,29.34,26.56,0
1956,28.78,26.01,0
1957,29.89,26.01,0
1958,29.06,26.84,0
1959,29.89,26.56,0
1960,28.78,26.29,0
1961,29.89,26.56,0
1962,29.34,26.29,0
1963,29.89,26.56,0
1964,29.34,26.29,0
1965,29.62,26.29,0
1966,29.62,26.84,0
1967,29.34,26.56,0
1968,29.89,26.56,0
1969,29.89,26.84,0
1970,29.89,26.29,0
1971,29.34,26.29,0
1972,29.89,26.56,0
1973,29.89,26.01,0
1974,29.34,26.56,0
1975,29.62,26.84,0
1976,29.06,26.29,0
1977,29.62,26.29,0
1978,29.62,26.29,0
1979,29.62,26.29,0
1980,29.06,26.56,0
1981,29.06,26.29,0
1982,29.62,26.29,0
1983,29.06,26.84,0
1984,29.89,26.56,0
1985,29.62,26.29,0
1986,29.34,26.29,0
1987,29.62,26.01,0
1988,29.62,26.84,0
1989,29.62,26.01,0
1990,29.34,26.56,0
1991,29.89,26.56,0
1992,29.06,26.84,0
1993,29.62,26.29,0
1994,29.62,26.01,0
1995,29.06,26.56,0
1996,29.34,25.73,0
1997,29.89,26.84,0
1998,29.06,26.56,0
1999,29.34,26.56,0
2000,29.34,26.56,0
2001,29.89,26.29,0
2002,29.34,26.84,0
2003,29.89,26.56,0
2004,29.89,26.84,0
2005,29.62,26.84,0
2006,29.34,26.84,0
2007,29.06,26.56,0
2008,29.62,26.56,0
2009,29.62,26.56,0
2010,29.62,26.29,0
2011,29.62,25.73,0
2012,29.34,26.29,0
2013,29.34,26.84,0
2014,29.62,26.56,0
2015,29.34,26.84,0
2016,29.06,26.84,0
2017,29.34,26.29,0
2018,29.34,26.29,0
2019,29.62,26.01,0
2020,29.34,26.84,0
2021,29.89,26.56,0
2022,29.62,26.01,0
2023,29.89,26.56,0
2024,29.34,26.29,0
2025,29.34,26.29,0
2026,29.62,26.56,0
2027,29.34,26.01,0
2028,29.34,26.56,0
2029,29.62,27.12,0
2030,29.06,26.56,0
2031,29.62,25.73,0
2032,29.34,26.84,0
2033,29.62,26.84,0
2034,29.34,26.84,0
2035,29.34,26.56,0
2036,29.62,26.84,0
2037,29.34,26.56,0
2038,29.06,26.84,0
2039,29.34,26.56,0
2040,29.89,26.29,0
2041,29.89,26.56,0
2042,29.06,26.29,0
2043,29.06,26.01,0
2044,29.34,26.01,0
2045,29.62,26.56,0
2046,29.62,26.56,0
2047,29.62,26.01,0
2048,29.34,26.29,0
2049,29.89,26.56,0
2050,29.34,26.56,0
2051,29.34,26.56,0
2052,29.06,26.56,0
2053,29.34,26.01,0
2054,29.06,26.84,0
2055,29.89,26.56,0
2056,29.34,26.56,0
2057,29.62,26.01,0
2058,29.62,26.84,0
2059,29.34,26.56,0
2060,29.62,26.56,0
2061,29.34,26.56,0
2062,29.34,26.56,0
2063,29.34,26.56,0
2064,29.62,26.56,0
2065,29.62,26.56,0
2066,29.62,26.29,0
2067,29.06,26.01,0
2068,29.62,26.56,0
2069,29.62,26.56,0
2070,29.34,26.56,0
2071,29.62,26.56,0
2072,29.06,26.56,0
2073,29.34,26.01,0
2074,29.06,26.56,0
2075,28.78,26.01,0
2076,29.34,26.56,0
2077,29.89,26.56,0
2078,30.17,26.56,0
2079,29.06,26.01,0
2080,29.34,26.29,0
2081,29.34,26.56,0
2082,29.34,26.01,0
2083,29.34,26.84,0
2084,29.34,25.73,0
2085,29.34,26.01,0
2086,29.62,26.01,0
2087,29.62,26.01,0
2088,29.06,26.29,0
2089,28.78,26.29,0
2090,29.34,26.56,0
2091,29.34,26.56,0
2092,29.34,26.56,0
2093,29.34,26.56,0
2094,29.34,26.56,0
2095,29.34,26.56,0
2096,29.34,26.56,0
2097,29.62,26.56,0
2098,29.62,26.56,0
2099,29.06,26.56,0
2100,29.06,26.01,0
2101,29.06,26.29,0
2102,29.34,26.56,0
2103,29.62,26.56,0
2104,29.06,26.56,0
2105,29.34,26.56,0
2106,28.78,26.56,0
2107,29.34,26.56,0
2108,29.34,26.56,0
2109,29.06,26.56,0
2110,29.34,26.56,0
2111,29.06,26.01,0
2112,29.34,26.29,0
2113,29.34,26.01,0
2114,29.06,26.56,0
2115,29.34,26.56,0
2116,29.62,26.56,0
2117,29.89,26.01,0
2118,29.62,26.56,0
2119,29.06,26.56,0
2120,29.62,26.84,0
2121,29.62,26.29,0
2122,29.62,26.56,0
2123,29.06,26.29,0
2124,29.62,26.56,0
2125,29.06,26.56,0
2126,29.06,26.01,0
2127,29.34,26.29,0
2128,29.06,26.56,0
2129,29.62,26.29,0
2130,29.62,26.56,0
2131,29.62,26.01,0
2132,29.06,26.29,0
2133,29.34,26.01,0
2134,28.78,26.01,0
2135,29.06,26.56,0
2136,29.62,26.29,0
2137,28.78,26.29,0
2138,29.34,26.29,0
2139,29.62,26.56,0
2140,29.62,26.84,0
2141,29.62,26.56,0
2142,29.34,26.56,0
2143,29.34,26.84,0
2144,29.34,26.29,0
2145,29.34,26.56,0
2146,28.78,26.29,0
2147,29.34,26.56,0
2148,28.78,26.56,0
2149,29.34,26.84,0
2150,29.62,26.01,0
2151,29.62,26.56,0
2152,29.34,26.56,0
2153,29.34,26.56,0
2154,29.62,26.84,0
2155,29.62,26.29,0
2156,29.34,26.56,0
2157,29.34,26.56,0
2158,29.06,26.56,0
2160,29.62,26.84,0
2161,29.06,26.29,0
2162,29.62,26.84,0
2163,29.34,26.56,0
2164,29.06,26.56,0
2165,29.34,26.01,0
2166,29.34,26.29,0
2167,29.34,26.84,0
2168,28.78,26.56,0
2169,29.34,26.29,0
2170,29.34,26.29,0
2171,29.06,26.01,0
2172,29.34,26.56,0
2173,28.78,26.29,0
2174,28.78,26.29,0
2175,28.51,26.29,0
2176,29.06,26.29,0
2177,29.34,26.29,0
2178,29.62,26.29,0
2179,29.34,26.01,0
2180,29.34,26.29,0
2181,29.34,26.56,0
2182,29.06,26.29,0
2183,29.06,26.01,0
2184,29.34,26.01,0
2185,29.34,26.29,0
2186,29.62,26.56,0
2187,29.62,26.56,0
2188,29.06,26.56,0
2189,29.34,26.56,0
2190,29.34,26.56,0
2191,29.06,25.73,0
2192,29.34,26.01,0
2193,29.34,26.29,0
2194,29.06,26.29,0
2195,29.34,26.29,0
2196,29.34,26.01,0
2197,29.34,26.29,0
2198,29.34,26.84,0
2199,29.34,26.29,0
2200,29.06,25.73,0
2201,29.62,26.56,0
2202,29.62,26.56,0
2203,28.78,26.01,0
2204,29.34,26.56,0
2205,29.34,26.01,0
2206,28.78,26.01,0
2207,29.62,26.01,0
2208,29.34,26.01,0
2209,29.34,26.29,0
2210,28.78,26.01,0
2211,29.34,26.01,0
2212,29.34,26.29,0
2213,29.06,26.56,0
2214,28.78,26.56,0
2215,29.34,25.73,0
2216,29.06,26.01,0
2217,29.34,26.56,0
2218,29.62,26.56,0
2219,28.78,26.01,0
2220,29.34,26.56,0
2221,29.06,26.29,0
2222,29.34,26.01,0
2223,29.34,26.29,0
2224,29.62,26.29,0
2225,29.34,26.29,0
2226,29.34,26.29,0
2227,29.34,26.29,0
2228,29.34,26.01,0
2229,29.06,26.29,0
2230,29.34,26.01,0
2231,29.34,26.01,0
2232,29.06,26.56,0
2233,29.34,26.56,0
2234,28.78,26.29,0
2235,28.78,26.01,0
2236,28.51,26.01,0
2237,28.23,26.56,0
2238,28.78,26.56,0
2239,29.62,26.01,0
2240,29.06,26.56,0
2241,29.06,26.29,0
2242,29.34,26.01,0
2243,29.34,25.73,0
2244,29.34,26.29,0
2245,29.34,26.29,0
2246,29.62,26.56,0
2247,28.78,26.29,0
2248,29.06,25.73,0
2249,29.06,26.29,0
2250,28.78,26.01,0
2251,29.62,26.56,0
2252,29.34,26.29,0
2253,29.34,26.29,0
2254,29.34,26.56,0
2255,28.78,26.01,0
2256,29.34,26.29,0
2257,29.34,26.56,0
2258,28.78,26.56,0
2259,29.34,26.56,0
2260,29.34,26.29,0
2261,29.62,26.56,0
2262,29.06,26.01,0
2263,29.06,26.56,0
2264,29.06,26.56,0
2265,29.62,26.56,0
2266,29.62,25.73,0
2267,29.06,26.56,0
2268,29.34,26.56,0
2269,29.34,26.29,0
2270,29.34,26.56,0
2271,29.06,26.29,0
2272,29.34,26.56,0
2273,29.34,26.56,0
2274,29.34,26.29,0
2275,29.62,25.45,0
2276,29.06,26.01,0
2277,29.34,26.29,0
2278,29.34,26.29,0
2279,28.78,26.29,0
2280,29.06,26.56,0
2281,29.34,26.29,0
2282,29.34,26.01,0
2283,29.34,26.29,0
2284,28.78,26.29,0
2285,29.06,26.56,0
2286,29.62,25.45,0
2287,29.62,26.29,0
2288,29.34,26.01,0
2289,29.34,26.56,0
2290,28.78,26.29,0
2291,29.06,26.56,0
2292,29.34,26.01,0
2293,29.06,26.29,0
2294,29.34,25.73,0
2295,29.06,26.29,0
2296,29.34,26.56,0
2297,29.34,26.01,0
2298,29.34,26.29,0
2299,29.34,25.73,0
2300,28.78,26.01,0
2301,28.78,26.29,0
2302,29.34,26.29,0
2303,29.34,26.01,0
2304,29.34,26.01,0
2305,28.78,26.01,0
2306,29.06,26.01,0
2307,29.34,26.56,0
2308,29.06,26.56,0
2309,29.06,26.56,0
2310,29.34,26.56,0
2311,29.62,26.56,0
2312,28.78,26.01,0
2313,29.62,26.29,0
2314,29.34,26.29,0
2315,28.23,26.56,0
2316,29.34,26.29,0
2317,28.78,26.56,0
2318,28.51,26.29,0
2319,29.34,26.56,0
2320,29.34,26.01,0
2321,29.34,25.73,0
2322,29.06,26.56,0
2323,29.62,26.29,0
2324,29.06,26.01,0
2325,29.06,26.01,0
2326,29.34,26.56,0
2327,29.34,26.01,0
2328,28.78,26.56,0
2329,29.06,26.56,0
2330,28.78,26.29,0
2331,29.06,26.01,0
2332,29.34,26.56,0
2333,29.34,26.56,0
2334,29.34,26.29,0
2335,28.78,26.84,0
2336,28.78,26.56,0
2337,29.34,26.29,0
2338,29.62,26.29,0
2339,28.78,26.29,0
2340,29.06,26.56,0
2341,29.34,26.29,0
2342,29.34,26.56,0
2343,29.34,26.56,0
2344,29.34,26.56,0
2345,29.34,26.84,0
2346,29.06,26.56,0
2347,29.62,26.56,0
2348,28.78,26.29,0
2349,28.78,26.56,0
2350,29.34,26.01,0
2351,28.78,25.45,0
2352,29.06,25.45,0
2353,28.78,26.01,0
2354,29.34,26.29,0
2355,29.34,25.73,0
2356,29.34,26.01,0
2357,29.62,26.29,0
2358,29.34,26.29,0
2359,29.62,26.29,0
2360,29.34,26.01,0
2361,29.34,26.29,0
2362,29.62,26.01,0
2363,29.34,26.84,0
2364,29.34,26.29,0
2365,29.34,26.01,0
2366,29.34,26.29,0
2367,28.78,25.73,0
2368,29.06,26.56,0
2369,29.06,26.84,0
2370,29.34,26.29,0
2371,29.62,26.84,0
2372,29.34,26.56,0
2373,29.34,26.56,0
2374,29.06,26.29,0
2375,28.78,26.01,0
2376,29.34,26.29,0
2377,29.34,26.29,0
2378,29.06,26.01,0
2379,29.34,26.01,0
2380,29.34,26.56,0
2381,29.06,26.84,0
2382,29.06,26.29,0
2383,29.34,25.73,0
2384,28.78,26.29,0
2385,29.34,26.01,0
2386,28.78,26.56,0
2387,28.78,26.29,0
2388,28.78,26.01,0
2389,29.62,26.01,0
2390,29.06,26.29,0
2391,29.06,26.56,0
2392,28.78,26.29,0
2393,28.51,26.56,0
2394,28.78,26.01,0
2395,29.62,26.56,0
2396,29.34,26.29,0
2397,29.06,26.56,0
2398,29.34,26.29,0
2399,29.34,26.29,0
2400,29.06,26.29,0
2401,29.06,26.29,0
2402,28.78,26.01,0
2403,28.78,26.29,0
2404,29.06,26.56,0
2405,29.06,26.01,0
2406,29.34,26.29,0
2407,29.06,26.56,0
2408,28.78,26.56,0
2409,29.34,26.01,0
2410,29.06,26.56,0
2411,29.06,26.56,0
2412,29.06,26.29,0
2413,28.78,26.01,0
2414,29.06,26.56,0
2415,29.34,26.29,0
2416,29.06,26.29,0
2417,29.06,26.01,0
2418,28.51,26.56,0
2419,29.06,26.56,0
2420,28.78,26.29,0
2421,29.06,26.56,0
2422,29.34,26.29,0
2423,29.34,26.29,0
2424,28.51,26.29,0
2425,29.06,26.29,0
2426,29.34,26.29,0
2427,28.78,26.29,0
2428,29.34,26.01,0
2429,29.06,26.56,0
2430,28.78,26.01,0
2431,29.06,26.01,0
2432,29.06,26.29,0
2433,28.78,26.56,0
2434,28.78,26.01,0
2435,29.06,26.29,0
2436,28.78,26.56,0
2437,28.78,26.29,0
2438,29.06,26.84,0
2439,29.06,26.56,0
2440,29.34,26.56,0
2441,28.78,26.56,0
2442,29.06,26.29,0
2443,29.34,26.56,0
2444,29.06,26.01,0
2445,29.34,26.29,0
2446,29.06,26.29,0
2447,29.06,26.29,0
2448,29.06,26.29,0
2449,28.51,26.29,0
2450,29.34,26.01,0
2451,29.34,26.56,0
2452,29.62,26.29,0
2453,28.51,26.56,0
2454,29.34,26.01,0
2455,29.34,26.56,0
2456,28.51,26.56,0
2457,29.34,26.29,0
2458,29.34,26.29,0
2459,29.06,26.29,0
2460,28.78,26.29,0
2461,28.78,26.29,0
2462,28.23,26.01,0
2463,28.78,26.29,0
2464,29.34,26.56,0
2465,29.34,26.56,0
2466,28.78,26.29,0
2467,29.34,26.01,0
2468,29.34,26.29,0
2469,28.78,26.56,0
2470,29.34,26.29,0
2471,29.06,26.29,0
2472,29.06,26.01,0
2473,28.78,26.84,0
2474,29.34,25.73,0
2475,29.34,26.56,0
2476,29.06,26.56,0
2477,29.06,26.29,0
2478,28.78,26.29,0
2479,29.06,26.01,0
2480,28.78,26.01,0
2481,29.06,26.29,0
2482,29.06,26.56,0
2483,29.06,26.29,0
2484,28.78,26.01,0
2485,28.78,26.29,0
2486,29.62,26.29,0
2487,28.78,26.56,0
2488,28.78,26.56,0
2489,29.62,26.01,0
2490,28.51,26.56,0
2491,29.06,26.29,0
2492,29.06,26.56,0
2493,29.06,26.56,0
2494,28.78,26.01,0
2495,29.06,26.29,0
2496,29.06,26.29,0
2497,28.78,26.01,0
2498,28.78,26.01,0
2499,28.78,26.56,0
2500,29.34,26.56,0
2501,29.06,26.29,0
2502,28.78,26.56,0
2503,29.06,26.56,0
2504,29.06,26.29,0
2505,29.06,26.29,0
2506,28.78,25.73,0
2507,29.34,26.01,0
2508,29.06,26.56,0
2509,29.34,26.29,0
2510,29.06,26.56,0
2511,29.06,26.29,0
2512,29.06,26.01,0
2513,29.06,26.56,0
2514,29.06,26.29,0
2515,29.34,26.56,0
2516,29.62,26.56,0
2517,29.06,26.56,0
2518,29.06,26.56,0
2519,29.06,26.29,0
2520,29.06,26.01,0
2521,29.34,26.56,0
2522,29.34,26.56,0
2523,29.62,26.56,0
2524,29.06,26.29,0
2525,29.34,26.01,0
2526,29.06,26.56,0
2527,29.06,26.56,0
2528,29.62,26.01,0
2529,29.34,26.56,0
2530,29.06,26.56,0
2531,28.78,26.56,0
2532,29.34,26.56,0
2533,29.06,26.29,0
2534,29.06,26.01,0
2535,29.06,26.01,0
2536,28.78,26.29,0
2537,29.34,26.29,0
2538,29.34,26.01,0
2539,29.06,26.56,0
2540,29.06,26.01,0
2541,29.06,26.56,0
2542,28.78,26.56,0
2543,29.34,26.56,0
2544,29.06,26.56,0
2545,29.06,26.01,0
2546,28.78,26.29,0
2547,28.78,26.56,0
2548,29.06,26.01,0
2549,29.06,26.56,0
2550,29.06,26.29,0
2551,28.78,26.56,0
2552,28.78,26.56,0
2553,29.06,26.01,0
2554,29.06,26.56,0
2555,29.06,26.56,0
2556,29.06,26.29,0
2557,29.06,26.56,0
2558,28.78,26.56,0
2559,28.78,26.01,0
2560,29.34,25.45,0
2561,29.06,26.29,0
2562,28.51,25.73,0
2563,28.78,26.56,0
2564,29.06,26.56,0
2565,29.34,26.56,0
2566,29.06,26.01,0
2567,29.34,26.56,0
2568,29.06,26.84,0
2569,29.34,26.56,0
2570,29.06,26.01,0
2571,29.06,26.01,0
2572,29.06,26.56,0
2573,29.34,26.29,0
2574,29.06,26.29,0
2575,29.06,26.29,0
2576,29.06,26.01,0
2577,28.51,26.56,0
2578,28.78,26.01,0
2579,28.51,25.73,0
2580,28.51,26.56,0
2581,28.78,26.56,0
2582,29.34,26.01,0
2583,28.51,26.84,0
2584,29.06,25.73,0
2585,28.78,26.01,0
2586,29.34,26.01,0
2587,29.06,26.01,0
2588,28.78,26.29,0
2589,29.62,26.01,0
2590,29.06,26.56,0
2591,29.06,26.29,0
2592,29.06,26.56,0
2593,28.51,26.56,0
2595,28.78,26.29,0
2596,29.06,26.01,0
2597,28.78,26.56,0
2598,29.06,26.56,0
2599,29.06,26.56,0
2600,29.34,26.01,0
2601,29.34,26.29,0
2602,28.78,26.29,0
2603,28.78,26.29,0
2604,28.78,26.56,0
2605,29.06,26.56,0
2606,28.23,25.73,0
2607,28.51,26.01,0
2608,28.78,26.01,0
2609,28.78,26.56,0
2610,28.78,26.29,0
2611,29.62,26.56,0
2612,29.06,26.56,0
2613,29.34,26.29,0
2614,29.34,26.29,0
2615,29.06,26.56,0
2616,28.51,26.29,0
2617,29.06,26.56,0
2618,28.78,25.73,0
2619,28.78,26.56,0
2620,28.78,26.56,0
2621,29.06,26.29,0
2622,29.06,26.29,0
2623,28.78,26.56,0
2624,28.78,26.56,0
2625,29.34,26.56,0
2626,28.51,26.29,0
2627,29.06,26.56,0
2628,29.06,26.56,0
2629,29.34,26.29,0
2630,29.06,26.84,0
2631,28.51,26.29,0
2632,28.78,26.29,0
2633,29.06,26.29,0
2634,28.51,26.29,0
2635,28.78,26.56,0
2636,29.06,26.29,0
2637,29.06,26.56,0
2638,28.51,26.29,0
2639,29.06,26.29,0
2640,28.51,25.73,0
2641,29.34,25.73,0
2642,29.34,25.73,0
2643,28.51,26.01,0
2644,29.06,26.01,0
2645,29.06,26.29,0
2646,29.06,25.73,0
2647,28.78,26.01,0
2648,28.78,26.56,0
2649,29.06,26.29,0
2650,28.78,26.56,0
2651,28.51,26.29,0
2652,29.62,26.56,0
2653,28.78,26.01,0
2654,29.34,26.29,0
2655,29.06,26.01,0
2656,29.06,25.73,0
2657,28.78,26.29,0
2658,28.78,26.29,0
2659,29.34,26.01,0
2660,28.51,26.84,0
2661,29.06,26.01,0
2662,28.23,26.29,0
2663,29.06,26.29,0
2664,29.06,26.56,0
2665,28.78,26.56,0
2666,29.06,26.56,0
2667,28.78,26.84,0
2668,29.06,26.56,0
2669,29.06,26.01,0
2670,28.78,26.56,0
2671,29.06,26.84,0
2672,28.23,26.01,0
2673,29.06,26.29,0
2674,29.06,26.29,0
2675,29.06,26.01,0
2676,29.06,26.01,0
2677,28.78,26.29,0
2678,28.23,26.29,0
2679,29.06,26.01,0
2680,28.78,26.01,0
2681,28.78,26.56,0
2682,28.51,26.01,0
2683,29.06,26.56,0
2684,29.06,26.29,0
2685,29.06,26.56,0
2686,29.06,26.29,0
2687,29.06,26.29,0
2688,28.78,26.29,0
2689,28.51,26.56,0
2690,29.06,26.29,0
2691,29.06,26.29,0
2692,29.06,26.56,0
2693,29.06,26.29,0
2694,29.34,26.29,0
2695,29.06,26.01,0
2696,28.78,26.29,0
2697,29.06,26.56,0
2698,28.78,26.29,0
2699,29.06,26.29,0
2700,29.06,25.73,0
2701,29.06,26.29,0
2702,29.06,26.56,0
2703,28.78,26.01,0
2704,29.06,26.29,0
2705,28.78,26.84,0
2706,29.06,26.56,0
2707,29.06,26.29,0
2708,29.06,25.73,0
2709,28.51,26.56,0
2710,28.78,26.29,0
2711,28.78,26.56,0
2712,29.06,26.29,0
2713,28.51,26.29,0
2714,29.34,26.01,0
2715,29.34,26.01,0
2716,29.06,26.56,0
2717,28.78,25.73,0
2718,29.06,26.01,0
2719,29.06,26.56,0
2720,28.51,26.01,0
2721,28.78,26.29,0
2722,29.06,26.01,0
2723,29.06,26.29,0
2724,29.06,26.29,0
2725,29.06,26.29,0
2726,29.06,26.01,0
2727,28.78,26.56,0
2728,28.23,26.29,0
2729,29.06,26.29,0
2730,29.06,25.45,0
2731,29.34,26.01,0
2732,29.34,26.29,0
2733,29.06,25.73,0
2734,29.06,26.56,0
2735,28.78,26.29,0
2736,28.78,26.01,0
2737,28.78,26.56,0
2738,28.51,26.01,0
2739,29.06,26.01,0
2740,29.06,26.01,0
