0,28.78,25.45,30
1,29.34,25.73,30
2,29.62,25.73,30
3,29.06,26.01,30
4,29.62,26.56,30
5,29.34,26.29,30
6,29.62,26.84,30
7,29.62,26.84,30
8,29.62,26.01,30
9,29.62,26.01,30
10,29.62,26.84,30
11,30.17,26.29,30
12,29.62,26.29,30
13,30.17,26.01,30
14,30.17,26.84,30
15,29.06,26.84,30
16,30.17,26.84,30
17,29.89,26.84,30
18,29.06,26.84,30
19,30.45,26.56,30
20,29.89,26.29,30
21,29.62,27.12,30
22,30.17,26.84,30
23,29.89,26.29,30
24,30.73,26.84,30
25,30.45,26.84,30
26,30.45,27.12,30
27,30.45,26.29,30
28,30.45,26.29,30
29,30.17,27.12,30
30,30.17,26.84,30
31,30.17,26.56,30
32,30.45,26.84,30
33,29.89,26.84,30
34,30.45,26.84,30
35,30.17,27.12,30
36,30.45,26.84,30
37,30.45,26.56,30
38,30.17,27.12,30
39,29.89,26.84,30
40,30.45,26.84,30
41,30.45,26.56,30
42,30.73,27.12,30
43,31.00,26.84,30
44,30.45,26.84,30
45,30.73,27.12,30
46,30.17,27.12,30
47,30.17,26.84,30
48,30.73,27.12,30
49,30.73,26.56,30
50,30.73,26.29,30
51,30.73,26.29,30
52,30.45,26.84,30
53,30.73,26.56,30
54,30.45,26.01,30
55,30.45,26.84,30
56,30.73,26.56,30
57,30.73,26.56,30
58,30.73,26.56,30
59,30.45,26.29,30
60,30.73,26.29,30
61,30.17,27.12,30
62,30.73,26.56,30
63,30.45,26.84,30
64,30.73,26.84,30
65,30.73,26.56,30
66,30.45,26.56,30
67,30.45,26.84,30
68,30.17,27.12,30
69,30.73,26.56,30
70,31.00,27.12,30
71,30.73,26.56,30
72,31.00,26.84,30
73,31.00,26.84,30
74,30.73,27.12,30
75,30.73,26.56,30
76,30.73,26.56,30
77,31.00,27.12,30
78,30.73,26.56,30
79,31.28,26.56,30
80,30.73,26.84,30
81,31.00,26.84,30
82,30.73,26.56,30
83,31.28,26.84,30
84,31.00,26.84,30
85,30.45,26.56,30
86,31.00,26.84,30
87,31.00,26.56,30
88,31.28,26.56,30
89,30.73,26.84,30
90,31.56,27.12,30
91,30.45,26.84,30
92,31.00,26.84,30
93,30.45,26.84,30
94,31.00,26.84,30
95,31.00,26.84,30
96,31.28,26.56,30
97,31.00,26.56,30
98,31.28,26.29,30
99,30.45,26.84,30
100,31.56,26.84,30
101,31.28,27.12,30
102,31.00,26.84,30
103,30.73,26.56,30
104,31.00,26.84,30
105,31.28,26.56,30
106,30.73,26.29,30
107,31.00,26.29,30
108,31.00,26.84,30
109,31.56,26.01,30
110,31.00,26.56,30
111,31.56,26.29,30
112,31.56,26.84,30
113,31.00,26.56,30
114,31.56,26.84,30
115,31.84,26.56,30
116,31.56,27.12,30
117,31.56,26.84,30
118,31.56,27.12,30
119,31.56,26.56,30
120,31.28,26.84,30
121,31.00,26.84,30
122,31.28,26.84,30
123,31.56,27.12,30
124,30.45,27.12,30
125,31.00,26.56,30
126,31.28,26.56,30
127,31.28,26.84,30
128,31.28,26.56,30
129,31.28,26.84,30
130,31.28,26.84,30
131,31.56,27.12,30
132,31.84,26.84,30
133,31.00,27.12,30
134,31.56,26.84,30
135,31.56,26.56,30
136,31.56,26.84,30
137,31.56,27.12,30
138,31.28,27.12,30
139,31.28,26.84,30
140,31.28,26.84,30
141,31.56,26.56,30
142,31.28,26.29,30
143,31.28,27.12,30
144,31.00,26.84,30
145,32.11,27.12,30
146,31.56,27.12,30
147,31.56,27.12,30
148,31.56,26.56,30
149,31.84,26.56,30
150,31.84,26.56,30
151,31.84,27.12,30
152,31.84,27.12,30
153,31.28,27.12,30
154,31.28,27.12,30
155,31.56,26.84,30
156,31.84,26.84,30
157,31.84,26.56,30
158,31.84,27.12,30
159,31.84,27.12,30
160,31.84,26.56,30
161,31.84,26.84,30
162,31.28,26.56,30
163,31.84,27.12,30
164,31.28,27.12,30
165,31.28,27.12,30
166,31.28,26.56,30
167,31.56,27.12,30
168,32.11,26.84,30
169,31.00,27.12,30
170,32.11,27.12,30
171,32.11,27.12,30
172,31.84,26.84,30
173,31.56,26.84,30
174,31.56,26.84,30
175,31.56,26.84,30
176,31.84,27.12,30
177,31.56,26.84,30
178,32.11,26.56,30
179,31.84,27.12,30
180,32.11,27.12,30
181,31.84,27.12,30
182,32.11,27.12,30
183,31.56,26.84,30
184,31.56,27.40,30
185,31.84,26.84,30
186,32.11,27.12,30
187,32.39,27.40,30
188,32.39,27.40,30
189,31.84,26.29,30
190,31.84,26.84,30
191,32.11,26.56,30
192,32.11,26.84,30
193,32.11,27.12,30
194,32.39,26.84,30
195,32.11,27.12,30
196,31.56,26.84,30
197,32.39,27.12,30
198,31.84,26.84,30
199,31.00,26.84,30
200,31.84,27.12,30
201,32.11,27.12,30
202,32.39,26.56,30
203,32.39,27.12,30
204,32.39,26.56,30
205,31.84,27.12,30
206,31.56,27.12,30
207,32.39,27.12,30
208,31.84,26.84,30
209,32.39,26.84,30
210,31.84,27.12,30
211,32.39,26.84,30
212,32.39,26.84,30
213,31.84,27.12,30
214,32.39,26.84,30
215,32.39,26.84,30
216,32.39,26.84,30
217,32.11,26.84,30
218,32.11,27.12,30
219,32.67,26.84,30
220,32.39,27.12,30
221,32.39,26.84,30
222,32.39,26.84,30
223,32.39,26.84,30
224,32.67,27.12,30
225,32.39,26.84,30
226,32.39,27.12,30
227,32.39,27.12,30
228,32.11,26.84,30
229,32.39,27.12,30
230,32.67,27.12,30
231,32.67,27.40,30
232,32.11,27.12,30
233,31.84,27.40,30
234,32.39,26.84,30
235,32.39,27.12,30
236,32.67,26.84,30
237,32.11,26.84,30
238,32.67,27.12,30
239,32.11,26.29,30
240,32.39,26.29,30
241,32.67,26.84,30
242,32.67,27.12,30
243,32.95,27.40,30
244,31.84,26.29,30
245,32.67,26.29,30
246,32.67,26.84,30
247,32.11,27.12,30
248,32.67,26.84,30
249,32.39,26.84,30
250,32.67,27.40,30
251,32.67,27.12,30
252,32.67,26.84,30
253,32.11,27.12,30
254,32.67,27.40,30
255,32.67,27.12,30
256,32.11,27.40,30
257,32.39,27.12,30
258,32.67,27.12,30
259,32.67,27.12,30
260,32.67,27.40,30
261,32.11,26.84,30
262,32.39,27.12,30
263,32.95,27.12,30
264,32.67,27.12,30
265,32.95,27.12,30
266,32.95,27.12,30
267,32.95,26.84,30
268,32.95,27.40,30
269,32.67,27.12,30
270,32.67,26.84,30
271,32.39,26.56,30
272,32.95,27.12,30
273,31.84,27.40,30
274,32.67,27.12,30
275,31.84,27.12,30
276,32.95,26.29,30
277,32.95,27.12,30
278,32.95,27.12,30
279,32.95,27.12,30
280,32.95,27.40,30
281,33.22,26.84,30
282,33.22,26.84,30
283,32.95,27.12,30
284,32.67,26.56,30
285,32.95,27.12,30
286,32.67,26.56,30
287,32.39,27.12,30
288,32.67,27.12,30
289,32.95,26.84,30
290,32.95,27.12,30
291,32.39,26.84,30
292,32.95,26.84,30
293,32.67,27.12,30
294,32.67,26.84,30
295,32.39,26.84,30
296,32.95,26.56,30
297,32.11,26.56,30
298,32.95,26.84,30
299,32.39,27.12,30
300,32.95,27.12,30
301,32.67,26.84,30
302,33.22,26.29,30
303,32.95,27.12,30
304,33.22,26.29,30
305,33.22,26.84,30
306,31.84,27.12,30
307,32.95,26.84,30
308,33.22,27.40,30
309,33.50,26.01,30
310,32.95,27.12,30
311,32.95,27.12,30
312,32.95,27.12,30
313,32.67,27.12,30
314,32.95,26.84,30
315,33.22,27.12,30
316,33.22,27.12,30
317,33.22,26.56,30
318,33.22,27.12,30
319,32.67,26.56,30
320,33.22,27.12,30
321,32.95,26.84,30
322,33.22,27.12,30
323,32.67,27.12,30
324,32.67,27.12,30
325,33.22,27.12,30
326,33.22,27.12,30
327,32.39,27.40,30
328,32.95,27.12,30
329,32.67,26.29,30
330,32.95,26.84,30
331,32.67,26.29,30
332,33.22,27.12,30
333,33.22,26.56,30
334,32.67,26.56,30
335,32.39,27.40,30
336,32.95,27.12,30
337,33.22,26.84,30
338,32.95,26.29,30
339,33.22,26.84,30
340,32.95,27.12,30
341,32.67,27.12,30
342,33.22,27.12,30
343,33.22,27.40,30
344,33.22,26.84,30
345,33.50,27.12,30
346,33.22,26.84,30
347,33.22,27.12,30
348,33.50,27.40,30
349,33.22,27.12,30
350,33.50,26.56,30
351,33.22,26.84,30
352,33.22,26.56,30
353,32.95,27.12,30
354,32.39,26.84,30
355,33.22,26.84,30
356,33.22,27.40,30
357,33.22,27.12,30
358,33.22,26.56,30
359,33.22,26.56,30
360,32.95,27.12,30
361,33.50,27.40,30
362,32.67,26.56,30
363,33.50,26.84,30
364,33.22,26.84,30
365,32.95,26.84,30
366,32.95,27.12,30
367,33.50,27.12,30
368,33.50,27.12,30
369,33.22,26.84,30
370,33.50,26.84,30
371,32.95,26.84,30
372,33.50,26.56,30
373,33.50,27.12,30
374,33.22,26.84,30
375,33.50,26.56,30
376,33.50,26.84,30
377,33.22,26.56,30
378,33.50,26.84,30
379,33.78,26.56,30
380,33.22,26.56,30
381,33.78,27.40,30
382,33.50,27.40,30
383,32.95,27.12,30
384,32.95,26.84,30
385,33.50,26.84,30
386,33.22,26.56,30
387,33.22,26.56,30
388,33.50,26.84,30
389,33.50,27.12,30
390,33.50,27.12,30
391,33.78,27.12,30
392,33.50,26.56,30
393,33.50,26.29,30
394,33.22,26.84,30
395,33.22,26.84,30
396,32.95,27.40,30
397,33.78,26.84,30
398,33.22,26.56,30
399,33.22,26.56,30
400,33.50,27.12,30
401,33.50,26.84,30
402,33.50,27.40,30
403,33.50,27.12,30
404,33.22,26.84,30
405,32.95,26.84,30
406,33.50,26.84,30
407,33.22,27.12,30
408,34.06,26.84,30
409,33.50,27.12,30
410,33.78,27.12,30
411,32.95,27.12,30
412,33.50,27.12,30
413,33.78,26.29,30
414,33.78,26.84,30
415,33.78,26.56,30
416,34.06,26.84,30
417,33.50,26.29,30
418,33.22,26.56,30
419,33.78,26.56,30
420,33.78,27.40,30
421,33.50,27.12,30
422,33.50,27.40,30
423,33.50,26.84,30
424,33.50,27.12,30
425,33.50,26.84,30
426,33.78,26.56,30
427,33.78,26.84,30
428,33.78,27.12,30
429,34.06,27.12,30
430,33.50,27.12,30
431,33.78,27.12,30
432,33.50,26.84,30
433,33.50,26.84,30
434,33.50,26.84,30
435,33.22,27.12,30
437,33.78,27.40,30
438,33.78,27.40,30
439,33.50,26.84,30
440,33.22,26.56,30
441,33.78,27.12,30
442,33.50,27.12,30
443,34.06,26.84,30
444,33.50,27.12,30
445,34.06,26.84,30
446,34.06,26.29,30
447,33.50,26.56,30
448,33.78,26.84,30
449,33.78,26.29,30
450,33.78,26.56,30
451,34.06,27.12,30
452,33.78,26.56,30
453,33.50,27.12,30
454,34.06,26.84,30
455,33.50,26.56,30
456,34.06,26.84,30
457,33.78,27.12,30
458,33.50,26.84,30
459,34.06,27.12,30
460,34.06,26.84,30
461,33.50,27.12,30
462,33.78,26.29,30
463,34.06,27.12,30
464,33.50,27.12,30
465,34.06,27.12,30
466,33.50,26.56,30
467,33.78,26.56,30
468,34.06,26.84,30
469,34.06,26.29,30
470,34.06,27.12,30
471,34.06,26.84,30
472,33.78,26.84,30
473,33.78,26.84,30
474,33.78,26.84,30
475,34.06,26.56,30
476,33.78,26.56,30
477,33.50,26.84,30
478,33.50,27.12,30
479,33.78,26.56,30
480,33.78,26.56,30
481,33.50,26.56,30
482,33.78,26.56,30
483,33.50,26.84,30
484,33.50,27.12,30
485,34.06,27.12,30
486,34.06,27.12,30
487,33.50,27.12,30
488,34.06,27.12,30
489,33.22,26.84,30
490,33.78,26.84,30
491,34.06,26.84,30
492,33.78,26.56,30
493,34.06,26.84,30
494,33.78,26.56,30
495,34.06,27.12,30
496,32.95,26.56,30
497,33.78,26.84,30
498,34.06,26.56,30
499,33.50,27.12,30
500,33.78,27.12,30
501,33.78,26.56,30
502,34.33,26.29,30
503,33.22,26.84,30
504,33.78,27.12,30
505,34.06,26.84,30
506,34.33,26.84,30
507,33.78,27.12,30
508,32.95,26.84,30
509,33.78,26.84,30
510,34.33,27.12,30
511,34.33,27.12,30
512,33.78,27.12,30
513,34.06,26.84,30
514,34.06,27.12,30
515,34.33,27.12,30
516,34.33,26.84,30
517,33.78,27.12,30
518,34.33,26.84,30
519,33.50,27.40,30
520,33.78,26.56,30
521,33.78,26.84,30
522,34.06,26.84,30
523,33.78,26.56,30
524,34.33,27.12,30
525,33.78,26.29,30
526,34.33,26.84,30
527,34.33,26.84,30
528,34.33,26.84,30
529,33.78,26.84,30
530,33.78,26.84,30
531,34.33,26.56,30
532,33.50,26.84,30
533,34.33,26.84,30
534,33.50,26.29,30
535,34.06,26.84,30
536,34.33,27.12,30
537,33.50,27.12,30
538,34.33,26.84,30
539,34.06,26.84,30
540,34.33,26.84,30
541,34.33,27.40,30
542,34.33,27.12,30
543,34.06,27.12,30
544,34.33,26.84,30
545,34.06,27.12,30
546,34.06,26.84,30
547,34.06,26.84,30
548,34.33,26.84,30
549,34.33,27.40,30
550,34.06,26.56,30
551,33.50,27.12,30
552,34.33,26.56,30
553,33.78,27.12,30
554,34.06,26.84,30
555,34.33,26.56,30
556,34.33,26.56,30
557,34.33,27.12,30
558,34.61,27.12,30
559,33.50,26.29,30
560,34.06,27.12,30
561,34.33,27.12,30
562,34.61,26.84,30
563,34.33,26.84,30
564,34.33,26.84,30
565,34.33,26.29,30
566,34.61,26.84,30
567,34.33,27.12,30
568,34.61,26.84,30
569,34.06,26.56,30
570,34.06,26.84,30
571,34.61,26.84,30
572,34.06,26.56,30
573,34.33,26.84,30
574,34.61,26.84,30
575,33.78,26.84,30
576,34.33,26.56,30
577,33.78,26.84,30
578,34.33,27.12,30
579,34.33,26.84,30
580,34.61,26.84,30
581,33.50,26.84,30
582,34.33,26.56,30
583,34.33,26.84,30
584,33.78,27.40,30
585,34.06,27.12,30
586,34.33,27.12,30
587,34.61,27.12,30
588,34.61,26.84,30
589,34.61,27.12,30
590,34.33,26.84,30
591,34.06,26.56,30
592,34.33,26.56,30
593,34.06,27.12,30
594,34.33,26.01,30
595,33.78,26.84,30
596,34.33,26.84,30
597,34.06,26.84,30
598,34.61,27.12,30
599,34.33,27.12,30
600,34.33,27.12,30
601,34.61,26.84,30
602,33.78,26.29,30
603,34.89,26.84,30
604,33.78,26.56,30
605,34.06,27.12,30
606,34.89,26.29,30
607,34.61,26.56,30
608,34.06,26.84,30
609,33.50,27.40,30
610,34.61,27.12,30
611,34.33,27.12,30
612,34.06,26.84,30
613,34.61,26.84,30
614,34.06,26.84,30
615,34.61,27.40,30
616,34.06,27.12,30
617,34.33,26.84,30
618,34.61,27.40,30
619,34.06,27.12,30
620,34.89,26.84,30
621,34.06,26.56,30
622,34.61,26.56,30
623,34.61,27.12,30
624,34.61,26.84,30
625,34.61,27.40,30
626,34.33,26.84,30
627,34.61,26.84,30
628,34.89,26.56,30
629,34.61,26.56,30
630,34.33,27.12,30
631,34.33,27.40,30
632,34.06,26.84,30
633,34.61,26.84,30
634,34.33,26.56,30
635,34.61,26.84,30
636,34.33,26.56,30
637,34.33,26.84,30
638,34.33,26.84,30
639,34.33,27.12,30
640,34.33,26.84,30
641,34.61,26.84,30
642,34.89,26.84,30
643,34.89,27.12,30
644,34.61,27.12,30
645,34.33,27.40,30
646,34.33,27.12,30
647,34.61,26.56,30
648,34.89,26.01,30
649,34.06,26.84,30
650,34.89,26.84,30
651,34.89,26.84,30
652,33.78,26.29,30
653,34.33,27.12,30
654,34.06,26.29,30
655,34.33,26.84,30
656,34.89,26.84,30
657,34.61,26.56,30
658,34.61,26.84,30
659,34.33,26.84,30
660,34.33,26.84,30
661,34.33,26.84,30
662,34.06,26.84,30
663,34.89,26.56,30
664,34.61,26.56,30
665,34.61,26.56,30
666,34.89,26.84,30
667,34.61,27.12,30
668,34.61,26.29,30
669,34.89,26.84,30
670,34.61,26.84,30
671,34.61,26.56,30
672,34.06,26.29,30
673,34.33,26.29,30
674,34.89,26.29,30
675,34.33,26.84,30
676,34.61,27.12,30
677,34.61,26.29,30
678,34.61,26.56,30
679,34.89,26.84,30
680,34.33,26.56,30
681,34.33,26.84,30
682,34.33,27.12,30
683,34.61,26.56,30
684,34.33,26.84,30
685,34.61,27.12,30
686,34.61,26.84,30
687,34.61,26.84,30
688,34.61,26.84,30
689,34.61,26.84,30
690,34.89,26.56,30
691,34.89,26.84,30
692,34.89,27.40,30
693,34.61,26.84,30
694,35.17,27.12,30
695,34.33,26.29,30
696,34.61,26.84,30
697,34.61,27.12,30
698,34.33,27.12,30
699,34.61,26.56,30
700,34.61,26.84,30
701,34.61,26.56,30
702,34.89,26.56,30
703,34.61,26.84,30
704,34.61,26.56,30
705,34.89,26.29,30
706,34.89,27.12,30
707,34.89,26.84,30
708,34.89,26.84,30
709,34.89,26.84,30
710,34.33,26.84,30
711,34.33,26.29,30
712,35.17,26.84,30
713,34.89,26.84,30
714,34.61,26.84,30
715,34.33,26.84,30
716,34.89,26.84,30
717,34.61,26.84,30
718,34.89,26.84,30
719,34.89,26.84,30
720,34.61,27.12,30
721,34.33,27.12,30
722,34.33,26.56,30
723,34.33,26.56,30
724,34.61,26.84,30
725,34.61,26.84,30
726,34.89,26.84,30
727,34.06,27.12,30
728,34.33,27.12,30
729,34.89,27.12,30
730,34.61,26.84,30
731,34.61,26.84,30
732,34.61,27.12,30
733,34.61,26.84,30
734,34.33,26.84,30
735,34.89,26.56,30
736,34.89,26.84,30
737,34.61,26.29,30
738,34.89,26.84,30
739,34.89,26.29,30
740,35.17,26.29,30
741,34.89,26.84,30
742,34.33,26.84,30
743,34.33,26.56,30
744,35.17,26.01,30
745,34.33,26.84,30
746,34.89,26.84,30
747,34.61,26.84,30
748,34.61,26.84,30
749,35.17,26.84,30
750,34.89,26.84,30
751,34.89,26.29,30
752,34.61,26.56,30
753,34.89,26.84,30
754,34.89,26.84,30
755,34.89,26.56,30
756,34.89,26.29,30
757,34.06,26.56,30
758,34.89,26.84,30
759,34.89,26.29,30
760,35.17,26.01,30
761,34.61,26.84,30
762,34.61,26.84,30
763,34.89,26.56,30
764,34.89,26.84,30
765,34.33,26.01,30
766,34.89,26.84,30
767,34.89,26.56,30
768,35.17,26.56,30
769,34.89,26.29,30
770,34.89,26.01,30
771,35.17,26.84,30
772,34.89,26.84,30
773,34.89,26.56,30
774,34.61,26.84,30
775,34.61,26.84,30
776,35.17,26.56,30
777,34.89,26.29,30
778,35.17,26.84,30
779,34.33,26.84,30
780,34.89,26.56,30
781,34.89,26.56,30
782,34.89,26.84,30
783,34.61,26.84,30
784,34.61,26.84,30
785,34.06,26.56,30
786,34.89,26.84,30
787,34.89,26.56,30
788,34.89,26.84,30
789,34.33,26.29,30
790,34.89,26.56,30
791,34.06,26.84,30
792,35.17,26.84,30
793,34.89,26.84,30
794,35.17,26.84,30
795,34.61,26.29,30
796,34.61,26.84,30
797,35.17,26.56,30
798,34.89,26.84,30
799,35.17,26.84,30
800,35.17,27.12,30
801,34.33,27.12,30
802,34.89,26.84,30
803,34.89,26.84,30
804,34.89,26.84,30
805,35.17,26.56,30
806,34.33,26.29,30
807,34.61,27.12,30
808,35.17,26.56,30
809,34.89,26.84,30
810,34.89,26.84,30
811,34.89,26.84,30
812,34.89,26.84,30
813,34.89,26.29,30
814,34.89,26.84,30
815,34.33,26.84,30
816,34.61,26.84,30
817,34.61,26.84,30
818,35.17,26.84,30
819,34.89,26.56,30
820,34.61,26.29,30
821,34.89,27.12,30
822,35.45,26.84,30
823,34.89,26.84,30
824,34.61,26.84,30
825,35.17,26.84,30
826,34.89,26.84,30
827,35.17,26.84,30
828,35.17,26.84,30
829,34.89,26.84,30
830,34.33,26.84,30
831,34.89,26.84,30
832,35.17,26.56,30
833,34.61,26.84,30
834,34.61,26.84,30
835,34.61,26.56,30
836,35.45,26.84,30
837,34.61,26.56,30
838,34.89,26.84,30
839,34.89,26.84,30
840,35.17,26.56,30
841,35.45,26.84,30
842,34.89,26.56,30
843,34.89,26.56,30
844,35.17,26.84,30
845,35.17,26.56,30
846,34.33,27.12,30
847,34.89,26.29,30
848,35.17,26.84,30
849,35.17,26.56,30
850,35.17,26.84,30
851,35.45,26.56,30
852,35.17,26.84,30
853,34.61,26.84,30
854,35.45,26.56,30
855,35.17,26.56,30
856,34.89,26.29,30
857,34.61,26.84,30
858,35.17,26.56,30
859,35.45,27.12,30
860,35.45,26.84,30
861,35.45,26.84,30
862,34.61,26.56,30
863,34.61,26.29,30
864,35.17,26.29,30
865,34.89,26.29,30
866,35.17,26.56,30
867,35.17,26.84,30
868,34.61,26.29,30
869,34.61,26.84,30
870,35.17,26.56,30
872,35.17,26.29,30
873,35.17,26.56,30
874,34.89,26.84,30
875,34.61,26.29,30
876,35.17,26.01,30
877,34.89,26.56,30
878,35.17,26.56,30
879,35.17,26.29,30
880,35.45,26.56,30
881,35.45,26.56,30
882,35.17,26.29,30
883,34.89,26.84,30
884,34.61,26.29,30
885,34.61,26.84,30
886,35.45,26.56,30
887,35.45,26.56,30
888,34.61,26.56,30
889,34.89,26.29,30
890,34.89,26.56,30
891,35.17,26.56,30
892,34.89,26.84,30
893,35.17,26.56,30
894,34.89,26.29,30
895,34.61,26.56,30
896,35.17,26.29,30
897,35.17,26.56,30
898,35.17,26.56,30
899,35.17,26.56,30
900,35.17,27.12,30
901,35.17,26.56,30
902,34.61,26.56,30
903,34.89,26.29,30
904,35.45,26.56,30
905,35.17,26.84,30
906,35.17,26.56,30
907,34.89,27.12,30
908,34.61,26.29,30
909,34.89,26.56,30
910,35.45,26.56,30
911,35.17,26.01,30
912,35.17,26.29,30
913,34.89,26.84,30
914,34.89,26.29,30
915,35.17,26.84,30
916,35.17,26.84,30
917,35.17,26.84,30
918,35.45,27.12,30
919,34.61,27.12,30
920,35.17,26.84,30
921,35.17,26.56,30
922,35.45,26.29,30
923,35.45,26.56,30
924,34.61,26.84,30
925,34.89,26.84,30
926,35.17,26.56,30
927,35.17,26.01,30
928,35.17,27.12,30
929,35.17,26.01,30
930,35.17,27.12,30
931,34.61,26.56,30
932,34.89,27.12,30
933,35.45,26.29,30
934,35.17,26.84,30
935,35.17,26.84,30
936,35.45,27.12,30
937,35.17,26.84,30
938,35.17,26.84,30
939,35.17,26.56,30
940,35.17,26.84,30
941,35.17,26.84,30
942,34.89,26.84,30
943,35.17,26.84,30
944,35.45,26.29,30
945,35.17,27.12,30
946,35.45,26.84,30
947,35.17,26.29,30
948,35.17,26.84,30
949,34.89,26.84,30
950,35.17,26.84,30
951,35.17,26.29,30
952,34.89,26.84,30
953,35.45,26.84,30
954,35.17,26.56,30
955,35.17,27.12,30
956,34.89,26.84,30
957,35.17,27.12,30
958,34.89,26.56,30
959,35.45,26.56,30
960,34.89,26.29,30
961,35.45,26.29,30
962,35.45,26.56,30
963,35.17,26.56,30
964,35.45,26.29,30
965,35.17,26.56,30
966,35.45,26.56,30
967,34.89,26.56,30
968,34.61,26.29,30
969,34.89,26.84,30
970,34.89,26.56,30
971,35.17,26.84,30
972,35.17,26.84,30
973,35.45,26.56,30
974,34.89,26.56,30
975,34.89,26.56,30
976,35.45,26.29,30
977,35.45,26.84,30
978,34.89,26.56,30
979,34.89,26.56,30
980,34.33,26.29,30
981,35.45,26.84,30
982,35.17,26.56,30
983,35.45,26.29,30
984,35.45,26.56,30
985,35.17,26.29,30
986,35.45,26.84,30
987,35.45,26.56,30
988,35.45,26.56,30
989,35.17,27.12,30
990,34.89,26.84,30
991,34.89,26.84,30
992,35.72,26.84,30
993,34.89,26.56,30
994,35.45,25.73,30
995,34.89,26.84,30
996,35.45,26.84,30
997,35.45,26.56,30
998,34.89,26.56,30
999,35.45,26.84,30
1000,35.45,26.29,30
1001,34.89,27.12,30
1002,35.17,26.84,30
1003,34.61,26.29,30
1004,35.17,26.84,30
1005,35.72,26.84,30
1006,35.17,26.29,30
1007,35.45,26.84,30
1008,35.45,27.12,30
1009,35.45,26.84,30
1010,35.45,26.84,30
1011,35.17,26.56,30
1012,35.45,26.84,30
1013,35.45,26.29,30
1014,35.45,27.12,30
1015,35.17,26.01,30
1016,35.17,26.84,30
1017,35.17,26.84,30
1018,35.17,26.56,30
1019,34.89,26.56,30
1020,35.17,26.56,30
1021,34.89,26.84,30
1022,35.45,26.84,30
1023,35.45,26.56,30
1024,35.17,26.84,30
1025,35.45,26.56,30
1026,34.61,27.12,30
1027,34.61,26.56,30
1028,34.89,26.29,30
1029,34.89,26.84,30
1030,35.17,26.56,30
1031,35.72,26.56,30
1032,35.45,26.56,30
1033,35.17,26.56,30
1034,34.89,26.56,30
1035,35.17,26.56,30
1036,34.89,26.84,30
1037,35.45,26.56,30
1038,34.61,26.84,30
1039,35.17,26.01,30
1040,35.45,26.29,30
1041,35.45,26.29,30
1042,35.17,26.84,30
1043,34.89,26.29,30
1044,35.45,26.56,30
1045,35.72,26.29,30
1046,35.45,26.01,30
1047,35.45,26.29,30
1048,35.72,26.84,30
1049,35.17,26.56,30
1050,35.17,26.84,30
1051,35.17,26.84,30
1052,35.72,26.56,30
1053,35.45,26.56,30
1054,35.17,25.73,30
1055,35.17,26.29,30
1056,35.17,26.84,30
1057,34.89,26.84,30
1058,35.17,26.56,30
1059,35.72,26.56,30
1060,35.45,26.84,30
1061,35.45,26.84,30
1062,34.89,26.84,30
1063,34.89,26.56,30
1064,35.17,26.29,30
1065,34.89,26.29,30
1066,34.61,26.84,30
1067,35.45,26.01,30
1068,35.17,26.56,30
1069,35.45,26.29,30
1070,35.45,26.29,30
1071,35.17,27.12,30
1072,35.45,27.12,30
1073,35.72,26.56,30
1074,34.89,26.84,30
1075,34.89,26.56,30
1076,35.17,26.84,30
1077,35.17,26.56,30
1078,35.17,26.84,30
1079,35.45,26.84,30
1080,35.45,26.84,30
1081,34.89,26.84,30
1082,35.17,26.84,30
1083,35.17,26.84,30
1084,35.17,26.29,30
1085,35.45,26.56,30
1086,34.61,26.29,30
1087,35.45,27.12,30
1088,35.45,26.56,30
1089,35.17,26.29,30
1090,35.17,26.84,30
1091,35.72,26.84,30
1092,35.17,26.84,30
1093,35.72,26.84,30
1094,35.17,26.84,30
1095,35.17,27.12,30
1096,35.17,26.56,30
1097,35.45,26.84,30
1098,35.17,26.84,30
1099,35.45,26.84,30
1100,35.45,26.56,30
1101,35.45,26.84,30
1102,35.17,26.84,30
1103,35.45,26.01,30
1104,35.72,26.84,30
1105,34.89,25.73,30
1106,35.72,26.29,30
1107,35.17,26.84,30
1108,34.89,26.29,30
1109,35.45,26.84,30
1110,34.89,26.01,30
1111,35.17,26.29,30
1112,35.72,26.84,30
1113,35.72,26.84,30
1114,34.89,26.84,30
1115,35.17,26.56,30
1116,35.45,27.12,30
1117,34.89,26.56,30
1118,35.45,26.29,30
1119,35.72,26.56,30
1120,35.45,26.84,30
1121,34.89,26.84,30
1122,34.89,26.84,30
1123,35.45,26.84,30
1124,35.45,26.56,30
1125,35.72,26.56,30
1126,35.17,25.73,30
1127,35.72,26.56,30
1128,35.45,26.56,30
1129,35.17,26.56,30
1130,34.89,26.01,30
1131,35.45,26.29,30
1132,35.17,26.56,30
1133,35.17,26.56,30
1134,35.45,26.29,30
1135,34.89,26.29,30
1136,35.72,26.84,30
1137,35.45,26.56,30
1138,35.72,26.84,30
1139,35.45,26.84,30
1140,35.72,26.84,30
1141,35.17,26.84,30
1142,35.45,26.56,30
1143,35.45,27.12,30
1144,35.72,26.29,30
1145,35.45,26.29,30
1146,35.45,26.84,30
1147,35.17,26.29,30
1148,35.45,26.84,30
1149,35.45,26.56,30
1150,35.45,26.84,30
1151,35.17,26.56,30
1152,35.17,26.56,30
1153,35.45,26.84,30
1154,35.17,26.56,30
1155,35.45,26.56,30
1156,35.45,26.29,30
1157,35.17,26.56,30
1158,35.45,26.01,30
1159,35.17,26.56,30
1160,35.45,26.56,30
1161,35.72,26.29,30
1162,35.45,26.84,30
1163,35.45,26.01,30
1164,35.72,26.56,30
1165,35.72,26.84,30
1166,35.72,26.84,30
1167,35.17,26.56,30
1168,35.72,26.56,30
1169,34.89,26.56,30
1170,35.17,26.84,30
1171,35.17,26.56,30
1172,35.72,26.84,30
1173,35.17,26.29,30
1174,35.72,26.84,30
1175,35.17,26.84,30
1176,35.72,26.56,30
1177,35.45,26.84,30
1178,35.45,26.56,30
1179,35.72,26.29,30
1180,35.72,26.56,30
1181,35.45,26.01,30
1182,35.17,26.84,30
1183,35.45,26.56,30
1184,35.17,26.56,30
1185,35.45,26.84,30
1186,35.45,26.29,30
1187,35.72,26.84,30
1188,35.45,26.84,30
1189,35.17,26.29,30
1190,35.45,26.84,30
1191,35.45,26.84,30
1192,35.17,25.73,30
1193,34.61,26.84,30
1194,35.45,26.84,30
1195,35.45,26.56,30
1196,36.00,26.56,30
1197,35.72,26.84,30
1198,35.17,26.56,30
1199,34.89,26.84,30
1200,35.45,26.84,30
1201,35.17,26.84,30
1202,34.89,26.29,30
1203,35.45,26.84,30
1204,35.72,26.29,30
1205,35.72,26.84,30
1206,35.45,25.73,30
1207,34.89,26.84,30
1208,35.72,26.84,30
1209,34.89,26.29,30
1210,35.17,26.84,30
1211,35.17,26.84,30
1212,35.72,26.84,30
1213,35.45,26.84,30
1214,35.17,26.56,30
1215,35.45,26.84,30
1216,34.61,26.84,30
1217,35.45,26.84,30
1218,35.17,26.84,30
1219,35.45,26.84,30
1220,35.72,26.84,30
1221,36.00,26.84,30
1222,35.45,26.56,30
1223,34.61,26.84,30
1224,35.45,26.84,30
1225,35.45,25.73,30
1226,35.72,26.84,30
1227,35.45,26.84,30
1228,35.72,26.56,30
1229,35.72,26.84,30
1230,35.45,26.84,30
1231,35.45,26.29,30
1232,35.17,26.84,30
1233,35.72,26.29,30
1234,35.45,26.84,30
1235,35.72,26.56,30
1236,35.45,26.56,30
1237,35.17,26.29,30
1238,34.89,26.56,30
1239,35.72,26.84,30
1240,35.72,26.29,30
1241,36.00,26.84,30
1242,35.72,26.56,30
1243,35.45,26.56,30
1244,34.89,26.84,30
1245,35.17,26.84,30
1246,34.89,26.84,30
1247,35.45,26.56,30
1248,35.17,26.84,30
1249,35.72,26.84,30
1250,35.45,26.84,30
1251,35.72,26.29,30
1252,35.72,26.29,30
1253,34.89,26.84,30
1254,35.45,26.56,30
1255,35.17,26.56,30
1256,35.45,26.56,30
1257,34.89,26.01,30
1258,35.45,26.56,30
1259,35.72,26.29,30
1260,34.61,26.84,30
1261,35.17,25.73,30
1262,35.45,26.84,30
1263,35.72,26.29,30
1264,35.17,26.29,30
1265,35.45,26.29,30
1266,34.89,26.84,30
1267,36.00,26.84,30
1268,34.89,26.84,30
1269,34.89,25.73,30
1270,35.17,26.29,30
1271,34.89,26.84,30
1272,35.72,26.84,30
1273,35.17,26.56,30
1274,35.45,26.84,30
1275,35.45,26.29,30
1276,35.45,26.56,30
1277,35.45,26.56,30
1278,35.72,26.56,30
1279,35.17,26.56,30
1280,35.45,26.84,30
1281,35.72,26.56,30
1282,35.72,26.01,30
1283,35.72,26.01,30
1284,35.45,26.56,30
1285,36.00,26.56,30
1286,35.72,26.56,30
1287,35.45,26.29,30
1288,35.45,26.29,30
1289,35.45,26.84,30
1290,35.72,26.84,30
1291,35.72,26.56,30
1292,35.72,26.84,30
1293,35.17,26.29,30
1294,34.89,26.84,30
1295,35.45,26.56,30
1296,35.45,26.01,30
1297,35.45,26.56,30
1298,35.17,26.84,30
1299,35.17,26.29,30
1301,35.72,26.29,30
1302,35.72,26.56,30
1303,35.72,26.84,30
1304,35.45,26.29,30
1305,35.72,26.56,30
1306,35.72,26.56,30
1307,34.61,26.56,30
1308,35.45,26.29,30
1309,35.45,26.29,30
1310,35.17,26.29,30
1311,35.45,26.84,30
1312,35.45,26.29,30
1313,35.72,26.29,30
1314,35.45,26.84,30
1315,35.45,26.84,30
1316,35.45,26.29,30
1317,35.72,26.29,30
1318,35.45,26.84,30
1319,34.89,26.56,30
1320,35.17,26.84,30
1321,35.45,26.56,30
1322,35.17,26.84,30
1323,35.17,26.56,30
1324,35.72,26.56,30
1325,35.45,26.29,30
1326,35.17,26.56,30
1327,35.45,26.56,30
1328,35.72,26.56,30
1329,35.72,26.29,30
1330,35.72,26.84,30
1331,35.45,26.56,30
1332,35.45,26.84,30
1333,35.17,26.84,30
1334,35.45,26.84,30
1335,35.72,26.56,30
1336,35.45,26.84,30
1337,35.45,26.84,30
1338,35.72,26.84,30
1339,35.72,26.56,30
1340,34.89,26.84,30
1341,35.17,26.56,30
1342,35.72,27.12,30
1343,34.89,26.56,30
1344,35.72,26.56,30
1345,35.72,26.84,30
1346,35.72,26.84,30
1347,35.72,26.84,30
1348,35.45,26.84,30
1349,35.45,26.84,30
1350,35.45,26.84,30
1351,35.45,26.84,30
1352,35.72,26.01,30
1353,35.17,26.84,30
1354,35.45,26.84,30
1355,34.89,26.84,30
1356,35.17,26.84,30
1357,36.00,26.84,30
1358,35.72,26.29,30
1359,35.72,26.84,30
1360,35.45,26.56,30
1361,35.72,26.56,30
1362,34.89,25.73,30
1363,35.45,26.56,30
1364,35.72,26.84,30
1365,35.72,26.84,30
1366,36.00,26.56,30
1367,35.45,26.84,30
1368,35.17,26.84,30
1369,35.72,26.29,30
1370,35.17,26.29,30
1371,35.17,26.56,30
1372,35.17,26.56,30
1373,35.72,25.73,30
1374,35.17,26.56,30
1375,35.45,26.29,30
1376,35.72,26.56,30
1377,34.89,26.29,30
1378,35.72,26.56,30
1379,35.72,26.56,30
1380,35.45,26.84,30
1381,35.17,26.56,30
1382,35.45,26.56,30
1383,35.72,26.84,30
1384,35.45,26.84,30
1385,35.45,26.84,30
1386,35.72,26.29,30
1387,34.89,26.56,30
1388,35.17,26.29,30
1389,35.72,26.29,30
1390,35.72,26.84,30
1391,35.72,26.01,30
1392,35.45,26.84,30
1393,35.45,26.56,30
1394,35.45,26.84,30
1395,35.45,26.84,30
1396,35.72,26.56,30
1397,35.17,26.29,30
1398,35.72,26.56,30
1399,35.72,26.56,30
1400,35.72,26.01,30
1401,35.17,26.56,30
1402,35.72,26.84,30
1403,35.72,26.84,30
1404,35.72,26.84,30
1405,35.72,26.84,30
1406,35.45,26.01,30
1407,34.89,26.29,30
1408,34.89,26.29,30
1409,35.17,26.56,30
1410,35.45,26.56,30
1411,35.72,26.84,30
1412,35.72,26.29,30
1413,35.45,26.84,30
1414,35.72,26.84,30
1415,35.45,26.84,30
1416,35.17,26.84,30
1417,35.72,26.29,30
1418,35.17,26.56,30
1419,35.45,26.84,30
1420,35.45,26.56,30
1421,35.17,26.84,30
1422,35.72,26.84,30
1423,35.17,26.56,30
1424,35.72,26.84,30
1425,35.72,26.56,30
1426,35.17,26.29,30
1427,35.72,26.84,30
1428,35.17,25.73,30
1429,35.45,26.84,30
1430,35.45,26.56,30
1431,35.45,26.56,30
1432,35.72,26.56,30
1433,35.72,26.56,30
1434,35.45,26.56,30
1435,35.45,26.56,30
1436,35.17,26.01,30
1437,34.89,26.84,30
1438,35.72,26.56,30
1439,35.72,26.29,30
1440,35.72,26.56,30
1441,35.45,26.01,30
1442,35.45,26.56,30
1443,35.45,26.84,30
1444,35.45,26.56,30
1445,35.72,26.84,30
1446,35.45,26.84,30
1447,35.45,26.84,30
1448,35.72,26.56,30
1449,35.72,26.84,30
1450,35.72,26.56,30
1451,34.89,26.84,30
1452,35.17,26.56,30
1453,35.17,26.56,30
1454,35.45,26.84,30
1455,35.72,26.56,30
1456,35.45,26.56,30
1457,35.45,26.56,30
1458,34.89,26.56,30
1459,35.45,26.84,30
1460,34.61,26.84,30
1461,35.72,26.56,30
1462,35.45,26.84,30
1463,35.17,26.29,30
1464,36.00,26.29,30
1465,34.61,26.56,30
1466,35.17,26.56,30
1467,35.72,26.56,30
1468,36.00,26.84,30
1469,35.72,26.29,30
1470,35.72,26.56,30
1471,35.72,26.56,30
1472,35.72,26.84,30
1473,35.17,26.84,30
1474,36.00,26.84,30
1475,35.45,26.56,30
1476,35.17,27.12,30
1477,36.00,26.29,30
1478,35.45,26.56,30
1479,35.45,26.84,30
1480,35.17,26.84,30
1481,35.45,26.56,30
1482,36.00,26.29,30
1483,35.17,26.56,30
1484,35.72,26.56,30
1485,35.45,26.84,30
1486,35.45,26.56,30
1487,35.72,26.56,30
1488,35.72,26.84,30
1489,35.45,26.01,30
1490,35.72,26.84,30
1491,35.17,26.29,30
1492,35.45,26.56,30
1493,35.45,26.84,30
1494,35.72,26.56,30
1495,34.89,26.56,30
1496,35.17,26.56,30
1497,35.45,26.29,30
1498,35.45,26.56,30
1499,35.72,26.56,30
1500,35.72,26.29,30
1501,35.72,26.84,30
1502,35.72,26.84,30
1503,36.00,26.56,30
1504,35.45,26.29,30
1505,35.72,26.84,30
1506,35.17,26.56,30
1507,34.89,26.84,30
1508,35.45,26.56,30
1509,35.72,26.56,30
1510,35.72,26.84,30
1511,35.17,26.56,30
1512,35.72,26.29,30
1513,35.45,26.29,30
1514,35.72,26.84,30
1515,35.72,26.56,30
1516,35.72,26.84,30
1517,35.72,26.84,30
1518,35.72,26.01,30
1519,35.45,26.84,30
1520,35.17,26.29,30
1521,35.17,26.84,30
1522,35.72,26.29,30
1523,35.17,26.01,30
1524,35.17,26.84,30
1525,35.45,26.56,30
1526,35.45,26.56,30
1527,35.45,26.56,30
1528,35.72,26.56,30
1529,35.72,26.84,30
1530,35.72,26.56,30
1531,35.72,26.01,30
1532,34.89,26.84,30
1533,35.17,26.84,30
1534,35.72,26.84,30
1535,36.00,26.29,30
1536,35.72,26.56,30
1537,35.45,26.84,30
1538,35.17,26.56,30
1539,35.72,26.84,30
1540,35.17,26.84,30
1541,35.72,26.84,30
1542,35.17,26.56,30
1543,35.72,26.84,30
1544,35.72,26.29,30
1545,35.72,26.84,30
1546,35.17,26.84,30
1547,35.45,26.56,30
1548,35.17,26.84,30
1549,36.00,26.56,30
1550,35.72,26.84,30
1551,35.45,26.29,30
1552,35.17,26.29,30
1553,35.72,26.29,30
1554,35.72,26.56,30
1555,35.72,26.56,30
1556,35.72,26.56,30
1557,35.72,26.84,30
1558,35.72,26.56,30
1559,35.17,26.29,30
1560,35.72,26.56,30
1561,35.72,26.56,30
1562,35.45,26.56,30
1563,35.45,26.01,30
1564,35.72,26.56,30
1565,35.72,26.56,30
1566,35.45,26.84,30
1567,35.45,26.56,30
1568,35.45,26.56,30
1569,35.45,26.56,30
1570,35.72,26.56,30
1571,35.72,26.56,30
1572,35.45,26.56,30
1573,35.17,26.56,30
1574,35.72,26.29,30
1575,35.45,26.29,30
1576,35.72,26.84,30
1577,35.72,26.56,30
1578,35.72,26.29,30
1579,35.72,26.56,30
1580,35.17,26.29,30
1581,35.72,26.56,30
1582,35.72,26.56,30
1583,35.17,26.56,30
1584,35.45,26.56,30
1585,35.45,26.84,30
1586,35.72,26.29,30
1587,36.00,26.56,30
1588,35.72,26.56,30
1589,35.72,26.56,30
1590,35.72,26.29,30
1591,35.72,26.56,30
1592,35.45,26.56,30
1593,35.72,26.01,30
1594,34.61,26.56,30
1595,35.72,26.84,30
1596,35.72,26.84,30
1597,35.72,26.01,30
1598,35.72,26.56,30
1599,35.45,26.56,30
1600,35.17,26.84,30
1601,34.89,26.56,30
1602,35.72,26.29,30
1603,35.72,26.56,30
1604,35.45,26.01,30
1605,35.72,26.29,30
1606,35.17,26.01,30
1607,35.72,26.29,30
1608,35.72,26.56,30
1609,35.17,26.56,30
1610,35.72,26.84,30
1611,35.72,26.29,30
1612,35.72,26.56,30
1613,35.72,26.56,30
1614,35.72,26.56,30
1615,35.72,25.73,30
1616,35.72,26.56,30
1617,35.45,26.56,30
1618,35.17,26.56,30
1619,34.89,26.01,30
1620,35.72,26.56,30
1621,35.45,26.29,30
1622,35.17,26.29,30
1623,35.45,26.29,30
1624,36.00,26.56,30
1625,35.72,26.84,30
1626,35.72,26.56,30
1627,35.17,26.56,30
1628,35.72,26.56,30
1629,36.00,26.29,30
1630,35.45,26.56,30
1631,34.61,26.56,30
1632,35.17,26.29,30
1633,35.72,26.56,30
1634,35.17,26.56,30
1635,35.72,26.56,30
1636,36.00,26.56,30
1637,35.72,26.56,30
1638,36.00,26.29,30
1639,35.72,26.56,30
1640,35.72,26.56,30
1641,35.17,26.29,30
1642,35.45,26.56,30
1643,36.00,26.56,30
1644,35.45,26.56,30
1645,35.45,26.56,30
1646,35.72,26.56,30
1647,35.72,26.29,30
1648,35.72,26.56,30
1649,35.72,26.56,30
1650,35.72,26.56,30
1651,36.00,26.29,30
1652,35.72,26.56,30
1653,35.72,26.56,30
1654,35.72,26.56,30
1655,35.72,26.29,30
1656,35.17,26.56,30
1657,36.00,26.56,30
1658,35.17,26.01,30
1659,35.72,26.01,30
1660,35.72,26.56,30
1661,35.17,26.56,30
1662,35.72,26.84,30
1663,35.72,26.56,30
1664,35.72,26.29,30
1665,35.45,26.56,30
1666,35.45,26.56,30
1667,35.72,26.56,30
1668,35.72,26.84,30
1669,35.72,26.84,30
1670,36.00,26.84,30
1671,35.45,26.56,30
1672,35.17,26.56,30
1673,35.72,26.56,30
1674,35.72,26.29,30
1675,35.72,26.56,30
1676,35.45,26.56,30
1677,35.72,26.84,30
1678,35.72,26.56,30
1679,35.45,26.56,30
1680,35.45,27.12,30
1681,35.72,26.84,30
1682,35.72,26.56,30
1683,35.72,26.56,30
1684,35.72,26.56,30
1685,35.45,26.56,30
1686,36.00,27.12,30
1687,35.45,26.29,30
1688,35.45,26.84,30
1689,35.72,26.84,30
1690,36.00,26.84,30
1691,35.72,26.84,30
1692,35.72,26.84,30
1693,35.72,26.56,30
1694,34.89,26.56,30
1695,35.72,26.56,30
1696,35.45,26.84,30
1697,35.72,26.84,30
1698,35.72,26.56,30
1699,35.45,26.84,30
1700,35.72,26.84,30
1701,36.00,26.29,30
1702,35.72,26.84,30
1703,35.45,26.84,30
1704,35.45,26.29,30
1705,35.72,26.56,30
1706,35.72,26.84,30
1707,35.72,26.56,30
1708,35.72,26.84,30
1709,36.00,26.56,30
1710,34.89,26.84,30
1711,35.72,26.56,30
1712,35.72,26.56,30
1713,35.72,26.29,30
1714,35.72,26.56,30
1715,36.00,26.56,30
1716,35.72,26.29,30
1717,35.72,26.56,30
1718,35.72,26.56,30
1719,35.72,26.29,30
1720,35.72,26.56,30
1721,35.72,26.56,30
1722,35.72,26.84,30
1723,35.17,26.29,30
1724,35.72,26.56,30
1725,35.72,26.56,30
1726,35.45,26.29,30
1728,35.72,26.56,30
1729,35.72,26.56,30
1730,35.45,26.29,30
1731,35.72,26.01,30
1732,35.72,26.56,30
1733,35.17,26.56,30
1734,35.72,26.84,30
1735,35.45,26.56,30
1736,35.45,26.29,30
1737,35.72,26.84,30
1738,35.72,26.29,30
1739,35.72,26.29,30
1740,35.45,26.29,30
1741,35.72,27.40,30
1742,35.72,26.84,30
1743,35.72,26.29,30
1744,34.89,26.56,30
1745,35.72,26.56,30
1746,35.45,26.56,30
1747,36.00,26.84,30
1748,35.72,26.84,30
1749,35.45,26.56,30
1750,35.72,26.84,30
1751,35.72,26.84,30
1752,34.89,26.29,30
1753,35.72,26.56,30
1754,35.72,26.56,30
1755,35.72,26.84,30
1756,35.72,26.29,30
1757,35.17,26.56,30
1758,35.72,26.56,30
1759,36.00,26.29,30
1760,35.72,26.84,30
1761,36.00,26.56,30
1762,35.72,26.29,30
1763,34.89,26.56,30
1764,35.72,26.56,30
1765,35.72,26.84,30
1766,35.45,26.84,30
1767,35.72,26.01,30
1768,35.45,26.56,30
1769,36.00,26.56,30
1770,35.17,26.56,30
1771,36.00,26.84,30
1772,35.17,26.29,30
1773,35.72,26.29,30
1774,35.72,26.29,30
1775,35.72,26.56,30
1776,35.72,26.29,30
1777,35.72,26.84,30
1778,35.17,26.56,30
1779,35.17,26.84,30
1780,35.72,26.84,30
1781,35.72,26.29,30
1782,35.72,26.56,30
1783,35.17,26.56,30
1784,35.17,26.84,30
1785,35.45,26.84,30
1786,35.45,26.56,30
1787,35.72,26.84,30
1788,35.72,26.84,30
1789,35.72,26.29,30
1790,35.45,26.56,30
1791,35.45,26.84,30
1792,35.72,26.84,30
1793,35.72,26.56,30
1794,35.72,26.56,30
1795,35.72,26.56,30
1796,35.72,26.84,30
1797,35.72,26.56,30
1798,35.72,26.56,30
1799,35.72,26.56,30
1800,35.72,26.29,30
1801,35.72,26.56,0
1802,35.72,26.56,0
1803,35.72,26.56,0
1804,35.72,26.56,0
1805,35.72,26.29,0
1806,35.72,26.29,0
1807,36.00,26.29,0
1808,35.72,27.12,0
1809,35.72,26.29,0
1810,34.89,26.56,0
1811,35.17,26.01,0
1812,35.17,26.84,0
1813,35.72,26.29,0
1814,35.72,26.56,0
1815,35.72,26.56,0
1816,35.72,26.29,0
1817,35.45,26.29,0
1818,34.89,26.29,0
1819,35.45,26.56,0
1820,35.17,26.56,0
1821,34.89,26.29,0
1822,34.89,26.84,0
1823,34.89,26.01,0
1824,35.17,26.84,0
1825,35.17,26.84,0
1826,35.17,26.56,0
1827,35.45,26.56,0
1828,35.17,26.84,0
1829,35.45,26.56,0
1830,34.33,26.84,0
1831,35.45,26.84,0
1832,35.17,26.56,0
1833,35.17,26.56,0
1834,34.89,26.56,0
1835,34.89,26.56,0
1836,35.45,26.84,0
1837,35.17,26.56,0
1838,34.61,26.29,0
1839,35.17,26.29,0
1840,35.17,26.29,0
1841,35.17,26.56,0
1842,34.89,26.29,0
1843,34.61,26.56,0
1844,34.89,26.56,0
1845,34.89,26.56,0
1846,35.17,26.84,0
1847,35.17,26.56,0
1848,34.61,26.29,0
1849,34.89,26.56,0
1850,34.61,26.56,0
1851,35.17,26.84,0
1852,34.89,26.56,0
1853,34.61,26.56,0
1854,34.61,26.56,0
1855,35.17,26.84,0
1856,35.17,27.12,0
1857,35.17,26.56,0
1858,34.89,26.84,0
1859,34.89,26.56,0
1860,34.61,26.84,0
1861,34.89,26.56,0
1862,34.89,26.84,0
1863,34.33,26.29,0
1864,35.17,26.56,0
1865,34.89,26.84,0
1866,35.17,26.56,0
1867,34.89,27.12,0
1868,34.61,26.56,0
1869,34.89,26.84,0
1870,34.89,26.56,0
1871,34.89,26.56,0
1872,34.61,26.56,0
1873,33.78,26.84,0
1874,34.89,26.56,0
1875,34.89,26.84,0
1876,35.17,26.56,0
1877,34.89,26.56,0
1878,34.06,26.84,0
1879,34.33,26.56,0
1880,34.33,26.56,0
1881,34.89,26.56,0
1882,34.89,26.56,0
1883,34.61,26.56,0
1884,34.06,26.56,0
1885,34.61,26.01,0
1886,34.33,26.56,0
1887,34.89,26.84,0
1888,34.61,26.56,0
1889,34.61,26.56,0
1890,34.06,26.56,0
1891,34.06,26.56,0
1892,34.61,26.56,0
1893,34.33,26.84,0
1894,34.61,26.56,0
1895,34.61,26.56,0
1896,33.50,26.84,0
1897,34.61,26.56,0
1898,34.61,26.84,0
1899,34.61,26.84,0
1900,34.89,26.29,0
1901,34.61,26.01,0
1902,34.06,25.73,0
1903,34.61,26.29,0
1904,34.06,26.84,0
1905,34.61,26.84,0
1906,34.33,26.29,0
1907,34.33,26.84,0
1908,34.33,26.29,0
1909,34.33,26.84,0
1910,34.61,26.84,0
1911,34.61,26.29,0
1912,34.06,26.84,0
1913,34.06,26.84,0
1914,34.33,26.84,0
1915,34.89,26.84,0
1916,34.06,26.29,0
1917,34.06,26.01,0
1918,33.78,26.84,0
1919,34.33,26.29,0
1920,34.33,26.29,0
1921,33.78,26.84,0
1922,34.33,26.84,0
1923,34.06,26.84,0
1924,34.06,26.56,0
1925,33.78,26.56,0
1926,34.33,26.84,0
1927,33.78,25.73,0
1928,34.33,26.84,0
1929,34.33,26.29,0
1930,34.33,26.84,0
1931,34.33,26.84,0
1932,34.06,26.29,0
1933,34.06,26.01,0
1934,33.78,26.84,0
1935,33.78,26.01,0
1936,33.78,26.84,0
1937,34.06,26.84,0
1938,34.33,26.56,0
1939,34.06,26.56,0
1940,34.33,26.56,0
1941,33.78,26.84,0
1942,33.50,26.56,0
1943,34.33,26.84,0
1944,34.06,26.56,0
1945,34.06,26.56,0
1946,33.50,26.29,0
1947,34.06,26.56,0
1948,33.78,26.01,0
1949,34.06,26.29,0
1950,33.78,26.56,0
1951,34.06,26.01,0
1952,33.78,26.56,0
1953,33.78,26.56,0
1954,34.06,26.56,0
1955,34.06,26.84,0
1956,34.06,26.84,0
1957,33.78,26.84,0
1958,34.06,26.84,0
1959,33.78,26.56,0
1960,33.78,26.29,0
1961,34.06,26.56,0
1962,33.22,26.01,0
1963,33.50,26.84,0
1964,33.50,26.29,0
1965,33.50,26.56,0
1966,33.22,26.29,0
1967,32.95,26.56,0
1968,33.78,26.56,0
1969,34.06,26.29,0
1970,33.22,26.84,0
1971,33.50,26.29,0
1972,33.22,26.56,0
1973,33.78,26.29,0
1974,33.78,26.56,0
1975,33.78,26.29,0
1976,34.06,25.73,0
1977,33.50,26.29,0
1978,34.06,26.29,0
1979,33.50,26.84,0
1980,33.50,26.29,0
1981,33.50,26.56,0
1982,33.22,26.56,0
1983,33.22,26.56,0
1984,33.78,26.56,0
1985,33.22,26.01,0
1986,33.78,26.29,0
1987,33.78,26.01,0
1988,32.95,26.29,0
1989,33.78,26.84,0
1990,33.50,26.56,0
1991,33.78,26.84,0
1992,33.22,26.56,0
1993,33.78,26.01,0
1994,33.22,26.56,0
1995,33.50,26.56,0
1996,33.22,26.29,0
1997,33.78,26.56,0
1998,33.22,26.56,0
1999,33.78,26.56,0
2000,32.67,26.56,0
2001,33.50,26.56,0
2002,33.50,26.29,0
2003,33.22,26.29,0
2004,33.50,26.56,0
2005,33.22,27.12,0
2006,33.22,26.84,0
2007,33.22,27.12,0
2008,32.95,26.56,0
2009,33.50,26.56,0
2010,33.50,26.56,0
2011,33.78,26.56,0
2012,32.95,26.56,0
2013,33.50,26.29,0
2014,33.50,26.56,0
2015,33.50,26.56,0
2016,33.78,26.56,0
2017,33.22,26.56,0
2018,33.78,26.29,0
2019,33.50,26.84,0
2020,33.22,26.56,0
2021,33.50,26.29,0
2022,32.95,26.56,0
2023,33.78,26.01,0
2024,32.67,26.56,0
2025,32.67,26.56,0
2026,32.95,26.56,0
2027,33.22,26.84,0
2028,33.22,26.29,0
2029,32.95,26.56,0
2030,33.50,26.29,0
2031,33.22,26.56,0
2032,32.95,26.56,0
2033,33.50,26.84,0
2034,33.78,26.56,0
2035,32.67,26.56,0
2036,33.50,26.56,0
2037,33.22,26.56,0
2038,32.95,26.56,0
2039,33.50,26.84,0
2040,32.95,26.29,0
2041,32.67,26.84,0
2042,32.95,26.29,0
2043,32.95,27.40,0
2044,32.95,26.56,0
2045,33.22,26.56,0
2046,32.95,26.29,0
2047,33.22,26.56,0
2048,33.22,26.84,0
2049,32.67,26.84,0
2050,32.67,26.56,0
2051,33.22,26.84,0
2052,33.50,26.84,0
2053,32.95,26.84,0
2054,32.95,26.84,0
2055,32.95,26.01,0
2056,32.67,26.84,0
2057,33.22,26.56,0
2058,33.22,26.56,0
2059,33.50,26.84,0
2060,33.22,26.29,0
2061,32.95,26.56,0
2062,33.50,26.56,0
2063,33.50,26.84,0
2064,32.67,26.56,0
2065,32.67,26.01,0
2066,32.39,26.84,0
2067,32.95,26.84,0
2068,32.95,26.84,0
2069,32.95,26.56,0
2070,32.67,26.84,0
2071,32.67,26.56,0
2072,33.50,26.01,0
2073,33.22,26.84,0
2074,32.67,26.56,0
2075,32.95,26.84,0
2076,32.39,26.56,0
2077,32.95,26.56,0
2078,32.95,26.29,0
2079,32.95,26.84,0
2080,32.95,26.84,0
2081,32.67,26.56,0
2082,32.67,26.56,0
2083,32.67,26.29,0
2084,32.67,26.29,0
2085,32.95,26.56,0
2086,32.95,26.29,0
2087,32.67,26.56,0
2088,32.67,26.29,0
2089,32.67,26.29,0
2090,33.22,26.84,0
2091,32.67,26.84,0
2092,32.39,26.29,0
2093,32.39,26.84,0
2094,32.67,26.56,0
2095,32.95,26.56,0
2096,32.39,26.29,0
2097,32.95,26.56,0
2098,32.67,26.29,0
2099,32.95,26.56,0
2100,33.22,26.56,0
2101,32.95,26.01,0
2102,32.39,26.84,0
2103,32.67,26.56,0
2104,32.67,26.84,0
2105,32.95,26.56,0
2106,32.95,26.29,0
2107,32.95,26.84,0
2108,32.95,26.29,0
2109,32.67,26.01,0
2110,32.67,26.56,0
2111,32.11,26.84,0
2112,32.39,26.29,0
2113,32.67,26.29,0
2114,32.67,26.56,0
2115,32.95,26.01,0
2116,32.67,26.29,0
2117,32.67,26.29,0
2118,32.11,26.29,0
2119,32.95,26.56,0
2120,32.67,26.56,0
2121,32.39,26.84,0
2122,32.67,26.84,0
2123,32.67,26.56,0
2124,32.39,26.84,0
2125,32.95,26.01,0
2126,32.95,26.01,0
2127,32.11,26.56,0
2128,32.39,26.29,0
2129,32.39,26.84,0
2130,32.95,26.84,0
2131,32.39,26.01,0
2132,32.67,26.84,0
2133,32.11,26.84,0
2134,32.67,27.12,0
2135,32.39,26.29,0
2136,32.67,26.29,0
2137,32.67,26.56,0
2138,32.39,26.56,0
2139,32.39,26.29,0
2140,32.39,26.01,0
2141,32.39,26.56,0
2142,32.39,26.01,0
2143,32.39,26.56,0
2144,32.39,26.29,0
2145,32.67,26.56,0
2146,32.39,26.56,0
2147,32.67,26.84,0
2148,32.39,26.56,0
2149,32.39,26.29,0
2150,32.11,26.56,0
2151,32.39,25.73,0
2152,32.39,26.56,0
2153,32.67,26.01,0
2154,32.39,26.29,0
2155,32.11,26.56,0
2156,31.84,26.56,0
2157,32.39,26.29,0
2158,32.39,26.56,0
2159,32.39,26.29,0
2161,31.56,27.12,0
2162,32.39,26.29,0
2163,32.67,26.56,0
2164,32.39,26.01,0
2165,32.39,26.56,0
2166,31.84,26.56,0
2167,32.67,26.56,0
2168,32.39,26.56,0
2169,32.39,26.01,0
2170,32.11,26.56,0
2171,32.39,26.56,0
2172,32.11,26.56,0
2173,32.67,26.29,0
2174,32.39,26.56,0
2175,32.39,26.56,0
2176,32.39,26.29,0
2177,32.11,26.56,0
2178,32.39,26.56,0
2179,32.11,26.29,0
2180,32.11,26.56,0
2181,32.39,26.56,0
2182,31.84,26.01,0
2183,32.11,26.56,0
2184,32.11,26.56,0
2185,32.39,26.56,0
2186,32.11,26.01,0
2187,32.39,26.01,0
2188,31.84,26.56,0
2189,32.11,26.56,0
2190,32.39,26.56,0
2191,32.39,26.84,0
2192,32.39,26.29,0
2193,32.11,26.56,0
2194,32.11,26.56,0
2195,32.11,26.29,0
2196,32.11,26.84,0
2197,32.11,26.56,0
2198,31.84,26.84,0
2199,32.39,26.29,0
2200,31.56,26.56,0
2201,32.11,26.56,0
2202,32.39,26.56,0
2203,32.39,26.56,0
2204,31.84,26.56,0
2205,32.11,26.01,0
2206,31.84,26.56,0
2207,31.28,26.29,0
2208,32.11,26.56,0
2209,32.11,26.84,0
2210,32.11,26.01,0
2211,32.11,26.84,0
2212,32.39,26.29,0
2213,32.11,26.56,0
2214,32.11,26.56,0
2215,32.11,26.29,0
2216,32.11,26.56,0
2217,32.11,25.73,0
2218,32.11,26.56,0
2219,31.56,26.56,0
2220,32.11,26.56,0
2221,32.39,26.29,0
2222,31.56,26.29,0
2223,32.11,26.56,0
2224,32.11,26.56,0
2225,32.11,26.56,0
2226,32.11,26.01,0
2227,31.84,26.56,0
2228,32.11,26.56,0
2229,32.11,26.29,0
2230,32.11,26.84,0
2231,31.84,26.56,0
2232,31.56,26.56,0
2233,31.56,26.56,0
2234,31.84,26.29,0
2235,32.11,26.56,0
2236,32.11,26.56,0
2237,32.11,26.56,0
2238,31.28,26.29,0
2239,32.11,26.56,0
2240,31.28,26.29,0
2241,31.84,26.84,0
2242,31.56,26.84,0
2243,31.84,26.29,0
2244,32.11,26.84,0
2245,32.11,26.56,0
2246,32.11,26.29,0
2247,32.11,26.56,0
2248,32.11,26.29,0
2249,31.84,26.84,0
2250,32.11,26.01,0
2251,31.84,26.56,0
2252,31.84,26.01,0
2253,31.56,26.56,0
2254,31.28,26.29,0
2255,32.11,26.01,0
2256,31.84,26.56,0
2257,31.28,25.73,0
2258,31.84,26.29,0
2259,31.56,26.29,0
2260,32.11,26.84,0
2261,31.56,26.29,0
2262,31.84,26.56,0
2263,31.84,26.01,0
2264,31.56,26.56,0
2265,32.11,26.29,0
2266,31.56,26.29,0
2267,31.28,26.29,0
2268,31.84,26.29,0
2269,31.28,26.56,0
2270,32.11,26.56,0
2271,31.56,26.01,0
2272,31.56,26.84,0
2273,31.56,26.29,0
2274,31.56,26.56,0
2275,31.28,26.56,0
2276,30.73,26.29,0
2277,31.84,26.56,0
2278,31.56,26.56,0
2279,31.84,26.29,0
2280,31.84,26.29,0
2281,32.11,26.84,0
2282,31.56,26.84,0
2283,31.28,26.84,0
2284,31.28,26.84,0
2285,31.56,26.56,0
2286,32.11,26.84,0
2287,31.28,25.73,0
2288,31.28,26.29,0
2289,32.11,26.56,0
2290,31.00,26.56,0
2291,31.56,26.01,0
2292,32.11,26.84,0
2293,31.84,26.56,0
2294,31.56,26.29,0
2295,31.28,26.56,0
2296,31.84,26.56,0
2297,31.56,26.29,0
2298,32.11,26.01,0
2299,31.56,26.56,0
2300,31.84,26.84,0
2301,32.11,26.56,0
2302,31.84,26.56,0
2303,31.84,26.84,0
2304,31.28,26.56,0
2305,31.00,26.84,0
2306,31.84,26.01,0
2307,31.56,26.56,0
2308,31.56,26.84,0
2309,31.84,26.56,0
2310,31.00,26.56,0
2311,31.84,26.56,0
2312,31.84,26.56,0
2313,31.84,26.84,0
2314,31.56,26.29,0
2315,31.56,26.56,0
2316,31.28,26.84,0
2317,31.56,26.29,0
2318,31.56,27.12,0
2319,31.28,26.84,0
2320,31.84,26.01,0
2321,31.28,26.29,0
2322,31.28,26.29,0
2323,31.28,26.84,0
2324,31.56,26.01,0
2325,31.28,26.56,0
2326,31.56,26.29,0
2327,31.56,26.56,0
2328,31.00,26.29,0
2329,31.56,26.01,0
2330,30.73,26.29,0
2331,31.28,26.56,0
2332,31.56,25.73,0
2333,31.56,26.56,0
2334,31.28,26.56,0
2335,31.00,26.84,0
2336,31.84,26.01,0
2337,31.56,26.56,0
2338,31.84,26.29,0
2339,30.73,26.56,0
2340,31.00,25.73,0
2341,31.84,26.29,0
2342,31.28,26.01,0
2343,31.28,26.01,0
2344,31.28,26.56,0
2345,30.73,26.56,0
2346,31.00,26.56,0
2347,31.56,26.56,0
2348,31.28,26.84,0
2349,31.28,26.84,0
2350,31.28,26.29,0
2351,31.00,26.56,0
2352,31.84,26.01,0
2353,31.56,26.29,0
2354,31.56,26.56,0
2355,31.28,26.56,0
2356,30.73,26.56,0
2357,31.56,26.56,0
2358,31.56,26.84,0
2359,31.00,26.01,0
2360,31.00,26.56,0
2361,31.28,26.56,0
2362,31.56,26.56,0
2363,31.56,26.29,0
2364,31.28,26.29,0
2365,31.28,26.56,0
2366,31.56,26.56,0
2367,31.56,26.56,0
2368,31.00,26.29,0
2369,31.00,26.56,0
2370,31.28,26.84,0
2371,31.84,26.56,0
2372,30.45,26.29,0
2373,31.00,26.56,0
2374,31.56,27.12,0
2375,31.56,26.56,0
2376,31.28,26.56,0
2377,31.56,26.56,0
2378,31.00,26.01,0
2379,31.00,26.56,0
2380,31.56,26.56,0
2381,30.73,26.01,0
2382,31.28,26.01,0
2383,31.00,26.56,0
2384,31.56,26.01,0
2385,31.28,26.01,0
2386,31.28,26.56,0
2387,31.00,26.56,0
2388,31.00,26.29,0
2389,30.73,26.29,0
2390,30.45,26.56,0
2391,31.56,26.56,0
2392,31.00,26.01,0
2393,31.28,26.56,0
2394,31.28,26.84,0
2395,31.28,26.29,0
2396,31.56,26.56,0
2397,31.56,26.56,0
2398,31.28,26.84,0
2399,31.84,26.56,0
2400,30.73,25.73,0
2401,31.28,26.56,0
2402,31.00,26.29,0
2403,31.56,25.73,0
2404,31.00,26.56,0
2405,31.00,26.84,0
2406,30.73,26.56,0
2407,31.56,26.56,0
2408,30.73,26.01,0
2409,31.00,26.56,0
2410,31.28,26.56,0
2411,31.28,26.01,0
2412,31.00,26.01,0
2413,31.00,26.29,0
2414,31.28,26.29,0
2415,31.00,26.56,0
2416,30.73,26.84,0
2417,30.73,26.01,0
2418,31.28,26.56,0
2419,30.73,26.56,0
2420,31.28,26.56,0
2421,30.45,26.84,0
2422,31.00,26.56,0
2423,30.73,26.29,0
2424,31.28,26.56,0
2425,31.00,26.01,0
2426,31.56,26.56,0
2427,31.00,26.56,0
2428,31.56,26.29,0
2429,31.28,26.01,0
2430,31.00,26.29,0
2431,30.73,26.29,0
2432,30.73,26.56,0
2433,31.00,26.56,0
2434,30.73,26.56,0
2435,30.73,26.56,0
2436,30.73,26.56,0
2437,30.73,26.29,0
2438,31.28,26.84,0
2439,31.28,26.56,0
2440,31.28,26.56,0
2441,31.28,26.29,0
2442,30.17,26.01,0
2443,30.73,26.56,0
2444,30.73,26.56,0
2445,31.00,26.29,0
2446,31.28,26.29,0
2447,31.28,26.84,0
2448,31.00,26.84,0
2449,30.45,26.56,0
2450,30.17,26.29,0
2451,30.73,26.01,0
2452,31.28,26.29,0
2453,31.28,26.56,0
2454,30.73,26.84,0
2455,30.73,26.56,0
2456,31.28,26.84,0
2457,30.73,26.84,0
2458,31.00,26.29,0
2459,31.28,26.56,0
2460,31.28,26.84,0
2461,31.00,26.29,0
2462,30.73,26.56,0
2463,31.00,26.56,0
2464,31.00,26.84,0
2465,30.73,26.84,0
2466,31.28,26.01,0
2467,31.28,26.56,0
2468,30.73,26.84,0
2469,31.28,26.29,0
2470,31.00,26.56,0
2471,31.00,26.84,0
2472,31.00,26.56,0
2473,31.28,26.29,0
2474,31.28,26.01,0
2475,31.00,26.01,0
2476,31.00,26.01,0
2477,30.73,26.84,0
2478,31.28,26.29,0
2479,31.00,26.29,0
2480,31.00,26.84,0
2481,30.73,26.29,0
2482,31.00,26.84,0
2483,31.00,26.84,0
2484,31.00,26.01,0
2485,30.73,26.56,0
2486,30.45,26.84,0
2487,30.73,26.29,0
2488,30.45,26.56,0
2489,30.45,26.01,0
2490,31.28,26.56,0
2491,30.45,26.56,0
2492,30.45,25.73,0
2493,31.00,26.56,0
2494,31.00,26.56,0
2495,31.00,26.56,0
2496,30.45,26.56,0
2497,30.73,26.56,0
2498,30.45,25.73,0
2499,31.00,26.29,0
2500,30.73,26.84,0
2501,31.00,26.84,0
2502,31.28,26.56,0
2503,31.00,26.29,0
2504,30.45,26.29,0
2505,30.73,26.84,0
2506,30.45,26.29,0
2507,31.00,26.56,0
2508,31.00,26.56,0
2509,30.17,26.84,0
2510,31.00,26.29,0
2511,31.00,26.56,0
2512,31.28,26.29,0
2513,30.73,26.29,0
2514,31.00,25.73,0
2515,30.73,26.84,0
2516,30.73,26.29,0
2517,30.45,26.29,0
2518,31.00,26.01,0
2519,30.73,26.84,0
2520,30.73,26.56,0
2521,31.00,26.56,0
2522,30.73,26.84,0
2523,29.89,26.84,0
2524,31.00,26.56,0
2525,30.73,26.84,0
2526,30.73,26.56,0
2527,30.45,26.84,0
2528,30.73,26.56,0
2529,30.73,26.29,0
2530,30.73,26.84,0
2531,30.73,26.84,0
2532,30.73,26.29,0
2533,30.17,26.01,0
2534,30.73,26.84,0
2535,30.73,26.56,0
2536,31.00,26.56,0
2537,30.45,26.29,0
2538,30.17,26.84,0
2539,30.73,26.29,0
2540,29.89,26.84,0
2541,30.73,26.84,0
2542,30.73,26.56,0
2543,31.00,26.56,0
2544,31.00,26.56,0
2545,31.00,26.56,0
2546,31.28,26.29,0
2547,31.00,26.84,0
2548,31.00,26.01,0
2549,30.45,26.01,0
2550,31.00,26.56,0
2551,30.73,26.01,0
2552,30.73,26.56,0
2553,31.00,26.01,0
2554,31.28,26.84,0
2555,30.45,26.01,0
2556,30.17,26.56,0
2557,31.00,26.29,0
2558,30.73,26.29,0
2559,30.73,26.56,0
2560,30.45,26.56,0
2561,30.45,26.56,0
2562,30.73,26.56,0
2563,30.73,26.56,0
2564,30.73,26.56,0
2565,30.73,26.84,0
2566,30.17,26.56,0
2567,30.73,26.29,0
2568,30.73,26.56,0
2569,30.17,26.29,0
2570,30.45,26.56,0
2571,30.17,26.29,0
2572,30.17,26.29,0
2573,30.73,26.84,0
2574,30.17,26.56,0
2575,30.73,26.56,0
2576,29.89,26.56,0
2577,30.73,26.84,0
2578,30.73,26.56,0
2579,30.45,26.29,0
2580,30.45,26.84,0
2581,30.45,26.29,0
2582,30.17,26.84,0
2583,30.73,26.84,0
2584,30.17,26.56,0
2585,31.00,26.29,0
2586,30.73,26.84,0
2587,31.00,26.29,0
2588,30.17,26.01,0
2589,30.45,26.29,0
2590,30.45,26.56,0
2591,30.73,26.29,0
2592,30.45,26.56,0
2593,30.73,26.29,0
2595,30.45,26.84,0
2596,30.45,26.56,0
2597,30.45,26.84,0
2598,31.00,26.56,0
2599,30.45,26.29,0
2600,29.89,26.84,0
2601,30.45,27.12,0
2602,30.45,26.84,0
2603,30.73,26.56,0
2604,30.17,26.29,0
2605,30.45,26.56,0
2606,30.45,26.84,0
2607,29.89,26.56,0
2608,30.17,26.84,0
2609,30.17,26.84,0
2610,30.17,26.56,0
2611,30.45,26.56,0
2612,30.45,26.56,0
2613,30.17,26.56,0
2614,30.45,26.29,0
2615,30.45,26.29,0
2616,30.45,26.56,0
2617,30.45,27.12,0
2618,30.45,26.29,0
2619,30.17,26.56,0
2620,29.89,26.56,0
2621,30.17,26.29,0
2622,30.73,26.56,0
2623,30.45,26.29,0
2624,30.17,26.84,0
2625,30.73,26.84,0
2626,30.73,26.84,0
2627,30.45,26.56,0
2628,30.45,26.84,0
2629,30.45,26.84,0
2630,30.73,26.01,0
2631,30.17,26.84,0
2632,29.89,26.01,0
2633,29.89,26.84,0
2634,30.17,26.84,0
2635,29.62,26.29,0
2636,30.17,26.56,0
2637,30.17,26.56,0
2638,29.89,26.56,0
2639,29.89,26.84,0
2640,30.45,26.84,0
2641,30.17,26.01,0
2642,29.62,26.84,0
2643,30.17,26.56,0
2644,30.17,25.73,0
2645,30.45,26.84,0
2646,29.89,26.56,0
2647,29.89,26.01,0
2648,30.45,26.84,0
2649,30.45,26.84,0
2650,29.89,26.56,0
2651,29.62,26.84,0
2652,30.17,26.56,0
2653,29.89,26.29,0
2654,30.45,26.84,0
2655,29.89,26.29,0
2656,30.45,26.84,0
2657,30.17,26.56,0
2658,30.17,26.56,0
2659,30.17,26.56,0
2660,30.17,26.84,0
2661,30.45,26.84,0
2662,30.45,26.56,0
2663,30.17,26.84,0
2664,30.45,26.29,0
2665,29.89,26.84,0
2666,29.89,26.84,0
2667,30.45,26.84,0
2668,30.45,26.29,0
2669,29.89,26.29,0
2670,30.45,26.29,0
2671,30.17,26.84,0
2672,30.45,26.84,0
2673,30.45,26.84,0
2674,30.17,26.01,0
2675,29.89,26.29,0
2676,30.45,26.56,0
2677,30.17,26.01,0
2678,29.89,26.56,0
2679,29.89,26.29,0
2680,30.45,26.29,0
2681,29.89,26.29,0
2682,30.17,26.29,0
2683,29.89,26.01,0
2684,30.45,26.84,0
2685,30.17,26.56,0
2686,29.62,26.84,0
2687,29.89,26.84,0
2688,29.62,26.84,0
2689,29.89,26.84,0
2690,29.89,26.29,0
2691,29.34,26.84,0
2692,30.17,26.84,0
2693,29.89,26.01,0
2694,30.17,26.56,0
2695,30.17,26.29,0
2696,30.45,26.56,0
2697,30.45,26.01,0
2698,30.17,26.56,0
2699,29.34,26.84,0
2700,29.89,26.56,0
