0,28.23,25.17,17
1,29.06,26.01,17
2,29.06,25.73,17
3,29.62,26.29,17
4,29.06,26.56,17
5,29.06,26.56,17
6,29.06,26.29,17
7,29.62,26.01,17
8,29.62,26.56,17
9,29.34,26.56,17
10,29.34,26.56,17
11,29.62,26.29,17
12,29.62,26.29,17
13,29.62,26.01,17
14,29.89,26.29,17
15,29.62,26.01,17
16,30.17,26.29,17
17,29.89,26.56,17
18,29.62,26.56,17
19,29.89,26.84,17
20,29.89,26.84,17
21,29.89,26.84,17
22,29.89,26.84,17
23,29.89,26.84,17
24,29.89,26.56,17
25,29.62,26.29,17
26,30.17,26.01,17
27,29.89,26.84,17
28,30.17,26.84,17
29,29.89,26.56,17
30,30.17,27.12,17
31,30.17,26.56,17
32,29.89,26.56,17
33,29.89,26.84,17
34,29.89,26.29,17
35,30.45,26.84,17
36,30.17,26.29,17
37,30.45,26.84,17
38,30.17,26.56,17
39,29.89,26.29,17
40,30.17,26.56,17
41,29.62,26.29,17
42,30.17,26.01,17
43,29.89,26.56,17
44,30.17,26.84,17
45,30.45,26.56,17
46,30.17,26.56,17
47,30.17,26.84,17
48,30.45,26.56,17
49,30.17,26.56,17
50,30.73,26.56,17
51,30.73,26.84,17
52,30.73,26.84,17
53,30.17,27.12,17
54,30.73,26.84,17
55,30.73,26.56,17
56,30.17,26.84,17
57,30.45,26.29,17
58,30.17,26.84,17
59,30.73,26.56,17
60,30.17,26.29,17
61,30.73,26.29,17
62,30.45,27.12,17
63,30.73,26.56,17
64,30.73,26.84,17
65,30.45,26.56,17
66,31.00,26.56,17
67,30.45,26.56,17
68,30.17,27.12,17
69,30.73,26.29,17
70,30.45,26.29,17
71,30.17,26.56,17
72,31.00,26.84,17
73,30.73,26.56,17
74,30.17,26.01,17
75,30.17,26.56,17
76,31.00,26.56,17
77,31.00,26.29,17
78,31.00,26.56,17
79,31.28,26.84,17
80,31.00,26.29,17
81,31.28,26.84,17
82,31.28,26.84,17
83,30.17,26.29,17
84,31.00,26.29,17
85,31.28,26.56,17
86,31.00,26.84,17
87,31.28,26.56,17
88,30.73,26.84,17
89,30.45,26.29,17
90,30.73,26.29,17
91,31.00,26.29,17
92,30.73,26.56,17
93,30.73,26.29,17
94,31.28,26.01,17
95,31.28,26.56,17
96,30.73,26.29,17
97,31.28,26.84,17
98,31.28,26.84,17
99,31.28,26.29,17
100,31.28,26.56,17
101,31.28,26.56,17
102,31.28,26.56,17
103,31.56,26.29,17
104,31.28,26.29,17
105,31.28,26.56,17
106,31.56,26.84,17
107,31.28,26.29,17
108,31.28,26.84,17
109,31.28,26.56,17
110,31.00,26.84,17
111,31.28,26.29,17
112,31.56,26.56,17
113,31.28,26.29,17
114,30.73,25.73,17
115,31.00,26.84,17
116,31.56,26.56,17
117,31.00,26.84,17
118,31.56,26.56,17
119,31.00,26.29,17
120,31.00,25.73,17
121,31.56,26.84,17
122,31.28,26.84,17
123,31.00,26.29,17
124,31.28,26.56,17
125,31.56,26.56,17
126,31.56,26.56,17
127,31.56,26.29,17
128,31.84,26.56,17
129,31.56,26.84,17
130,31.84,26.84,17
131,31.00,26.84,17
132,31.84,26.29,17
133,31.84,26.56,17
134,31.28,26.84,17
135,31.84,26.84,17
136,31.84,26.84,17
137,31.56,26.29,17
138,31.56,26.84,17
139,31.56,26.56,17
140,31.56,26.84,17
141,31.56,26.56,17
142,31.00,26.84,17
143,31.84,26.56,17
144,31.84,26.84,17
145,31.84,26.29,17
146,31.56,26.29,17
147,32.11,26.29,17
148,31.84,26.01,17
149,31.84,26.29,17
150,31.56,26.56,17
151,32.11,26.84,17
152,31.56,26.84,17
153,32.11,26.84,17
154,32.11,26.29,17
155,31.84,26.29,17
156,31.28,26.29,17
157,31.84,26.29,17
158,31.84,26.84,17
159,32.11,26.84,17
160,31.84,26.01,17
161,31.00,26.84,17
162,31.84,26.01,17
163,32.11,26.56,17
164,31.56,26.84,17
165,32.11,25.73,17
166,32.11,26.56,17
167,32.11,26.84,17
168,31.84,26.84,17
169,32.11,26.84,17
170,32.11,26.84,17
171,31.84,26.56,17
172,32.11,26.29,17
173,32.39,26.29,17
174,31.84,26.84,17
175,32.11,26.56,17
176,32.39,26.29,17
177,32.11,26.29,17
178,32.11,26.84,17
179,32.11,26.56,17
180,32.11,26.56,17
181,32.39,26.84,17
182,31.84,26.84,17
183,32.11,26.56,17
184,32.39,26.56,17
185,32.39,26.56,17
186,32.39,26.56,17
187,32.39,26.56,17
188,32.39,26.84,17
189,31.84,26.84,17
190,32.11,26.56,17
191,31.28,26.84,17
192,32.11,26.56,17
193,32.67,26.29,17
194,32.67,26.56,17
195,32.11,26.01,17
196,32.39,26.84,17
197,32.67,26.56,17
198,32.39,26.84,17
199,32.39,26.01,17
200,32.67,26.56,17
201,32.39,26.56,17
202,32.39,26.56,17
203,32.39,26.84,17
204,32.39,26.56,17
205,32.67,26.29,17
206,32.11,26.56,17
207,32.67,26.84,17
208,32.39,26.56,17
209,32.39,26.56,17
210,32.39,26.56,17
211,32.39,26.56,17
212,32.39,26.84,17
213,32.67,26.56,17
214,32.67,26.56,17
215,32.67,26.84,17
216,32.67,26.29,17
217,32.39,26.56,17
218,32.11,26.56,17
219,32.67,26.84,17
220,32.39,26.56,17
221,32.67,26.56,17
222,32.67,26.84,17
223,32.67,26.56,17
224,32.11,26.84,17
225,32.67,26.56,17
226,32.67,26.84,17
227,32.39,26.29,17
228,32.67,26.84,17
229,33.22,26.29,17
230,32.39,26.29,17
231,32.67,26.84,17
232,32.95,26.29,17
233,32.67,26.84,17
234,32.95,26.29,17
235,32.11,26.56,17
236,32.39,26.56,17
237,32.67,26.29,17
238,32.39,26.84,17
239,32.95,26.56,17
240,32.95,26.56,17
241,32.67,26.56,17
242,32.11,26.56,17
243,32.39,26.84,17
244,32.95,26.56,17
245,32.67,26.56,17
246,32.67,26.56,17
247,32.39,26.84,17
248,33.50,26.56,17
249,32.11,26.84,17
250,32.95,26.84,17
251,33.22,26.29,17
252,32.95,26.56,17
253,32.67,26.56,17
254,32.95,26.56,17
255,32.11,26.01,17
256,32.95,26.56,17
257,32.95,26.84,17
258,32.67,26.29,17
259,32.95,26.56,17
260,32.95,26.84,17
261,32.67,26.56,17
262,32.95,26.29,17
263,32.95,26.56,17
264,33.22,26.29,17
265,32.95,26.84,17
266,32.67,26.56,17
267,32.95,26.29,17
268,32.95,26.56,17
269,33.22,26.56,17
270,33.22,26.29,17
271,32.95,26.84,17
272,32.95,26.29,17
273,33.22,26.29,17
274,33.50,26.56,17
275,33.50,26.56,17
276,32.95,26.56,17
277,33.50,26.56,17
278,32.95,26.29,17
279,32.95,26.29,17
280,32.95,26.84,17
281,32.67,26.29,17
282,33.22,26.56,17
283,33.22,26.84,17
284,33.22,26.84,17
285,32.67,26.84,17
286,32.95,26.29,17
287,33.22,26.84,17
288,33.22,26.56,17
289,32.95,26.84,17
290,33.50,26.56,17
291,32.95,26.84,17
292,33.50,26.29,17
293,32.95,26.29,17
294,33.22,26.29,17
295,33.22,26.56,17
296,33.22,26.84,17
297,33.22,26.84,17
298,33.22,26.56,17
299,33.50,26.29,17
300,32.95,27.12,17
301,33.22,26.84,17
302,33.50,26.56,17
303,33.50,26.56,17
304,33.50,26.56,17
305,33.78,26.84,17
306,33.22,26.84,17
307,33.22,26.29,17
308,33.22,27.12,17
309,33.78,26.29,17
310,32.95,26.29,17
311,33.22,26.29,17
312,33.50,26.56,17
313,33.50,26.56,17
314,33.50,26.29,17
315,33.50,26.56,17
316,32.95,26.29,17
317,33.50,26.84,17
318,32.95,27.12,17
319,33.50,26.56,17
320,33.22,26.29,17
321,33.50,26.56,17
322,33.22,26.56,17
323,33.22,26.84,17
324,33.22,26.29,17
325,33.50,26.84,17
326,33.78,26.29,17
327,33.50,26.29,17
328,32.95,26.29,17
329,33.78,26.84,17
330,33.22,27.12,17
331,33.50,26.01,17
332,33.50,26.84,17
333,33.50,26.56,17
334,32.95,26.29,17
335,33.50,26.84,17
336,34.06,26.56,17
337,34.06,26.29,17
338,33.50,26.84,17
339,33.78,26.56,17
340,33.22,26.84,17
341,33.78,27.12,17
342,33.50,26.84,17
343,33.22,26.56,17
344,33.50,26.29,17
345,33.78,26.56,17
346,33.78,26.29,17
347,33.78,26.84,17
348,33.78,26.56,17
349,33.50,26.29,17
350,33.78,25.73,17
351,33.50,26.56,17
352,33.78,26.56,17
353,33.50,26.56,17
354,34.06,26.29,17
355,33.78,26.56,17
356,34.06,26.56,17
357,34.06,26.84,17
358,34.06,26.29,17
359,33.50,26.29,17
360,34.06,26.56,17
361,33.78,26.01,17
362,33.50,26.84,17
363,33.78,26.56,17
364,33.78,26.56,17
365,33.50,26.84,17
366,33.50,26.84,17
367,33.78,26.84,17
368,33.78,26.84,17
369,33.78,26.56,17
370,33.50,26.84,17
371,34.06,26.84,17
372,34.06,26.29,17
373,33.50,26.84,17
374,33.78,26.84,17
375,34.06,26.56,17
376,33.78,26.29,17
377,33.50,26.29,17
378,33.78,26.29,17
379,33.50,26.01,17
380,34.06,26.84,17
381,34.06,26.56,17
382,33.50,26.84,17
383,33.78,26.29,17
384,33.50,26.56,17
385,33.78,26.56,17
386,34.06,26.84,17
387,34.06,26.01,17
388,33.78,26.84,17
389,33.78,26.84,17
390,34.33,26.56,17
391,33.78,26.84,17
392,34.06,26.84,17
393,33.78,27.12,17
394,33.50,26.56,17
395,34.33,26.84,17
396,34.06,26.56,17
397,34.06,26.56,17
398,34.06,26.56,17
399,34.06,26.84,17
400,33.50,26.84,17
401,33.78,26.84,17
402,34.33,26.29,17
403,33.50,26.84,17
404,33.78,26.84,17
405,34.33,26.84,17
406,34.06,26.56,17
407,33.78,26.84,17
408,34.33,26.84,17
409,34.06,26.29,17
410,33.78,26.56,17
411,33.22,26.84,17
412,34.33,26.56,17
413,33.50,26.84,17
414,33.78,26.56,17
415,34.33,26.56,17
416,34.33,26.84,17
417,34.33,26.84,17
418,34.33,26.84,17
419,34.06,26.84,17
420,33.50,26.56,17
421,33.78,26.56,17
422,34.06,26.84,17
423,33.78,26.84,17
424,34.33,26.29,17
425,34.33,26.01,17
426,34.61,26.56,17
427,34.33,26.84,17
428,34.06,26.29,17
429,33.50,26.29,17
430,34.06,26.29,17
431,34.33,26.84,17
432,34.33,26.84,17
433,34.33,26.84,17
434,34.33,26.84,17
435,34.06,26.56,17
437,34.61,26.29,17
438,34.06,26.84,17
439,34.06,26.56,17
440,34.06,26.84,17
441,33.50,27.12,17
442,33.78,26.84,17
443,34.33,26.29,17
444,34.61,26.84,17
445,34.33,26.84,17
446,34.33,26.84,17
447,34.61,26.29,17
448,34.33,26.29,17
449,34.33,27.12,17
450,34.33,26.84,17
451,34.06,26.84,17
452,34.33,26.56,17
453,34.33,26.56,17
454,34.89,26.56,17
455,34.06,26.29,17
456,34.33,26.84,17
457,34.33,26.84,17
458,34.61,26.84,17
459,34.61,26.84,17
460,33.50,26.56,17
461,34.61,26.56,17
462,34.89,26.29,17
463,34.61,26.56,17
464,34.33,26.56,17
465,34.33,26.29,17
466,34.33,26.56,17
467,33.50,26.84,17
468,34.06,26.56,17
469,34.61,26.56,17
470,34.61,26.56,17
471,34.33,26.56,17
472,34.06,26.29,17
473,34.33,26.56,17
474,34.61,26.29,17
475,34.61,26.56,17
476,34.61,26.56,17
477,34.89,26.56,17
478,33.78,26.56,17
479,34.06,26.56,17
480,34.61,26.84,17
481,34.89,27.12,17
482,34.61,26.29,17
483,34.61,26.56,17
484,34.06,26.56,17
485,34.61,26.84,17
486,34.61,26.84,17
487,34.61,26.56,17
488,34.89,26.29,17
489,34.89,26.84,17
490,34.06,26.56,17
491,34.61,26.84,17
492,34.89,26.84,17
493,34.33,26.84,17
494,34.61,26.29,17
495,34.89,26.56,17
496,34.33,26.56,17
497,34.61,26.29,17
498,34.61,26.56,17
499,34.89,26.84,17
500,33.78,26.84,17
501,34.61,26.56,17
502,34.89,26.84,17
503,34.61,26.29,17
504,34.89,26.01,17
505,34.89,26.84,17
506,34.33,26.29,17
507,34.61,27.12,17
508,34.33,26.56,17
509,34.61,26.56,17
510,35.17,26.84,17
511,34.33,26.84,17
512,34.89,26.56,17
513,34.89,26.56,17
514,34.61,26.56,17
515,34.61,26.84,17
516,34.61,26.84,17
517,34.89,26.29,17
518,34.33,26.01,17
519,34.89,26.29,17
520,34.61,26.01,17
521,34.61,26.56,17
522,34.89,26.56,17
523,34.61,26.84,17
524,34.89,26.29,17
525,34.89,26.56,17
526,34.89,26.29,17
527,34.89,26.29,17
528,34.89,26.29,17
529,34.89,26.29,17
530,34.61,26.29,17
531,34.89,26.29,17
532,34.61,26.56,17
533,34.33,26.29,17
534,34.89,26.84,17
535,34.89,26.84,17
536,34.33,26.84,17
537,34.33,26.56,17
538,34.61,26.56,17
539,35.17,26.56,17
540,34.89,26.56,17
541,34.61,26.56,17
542,35.17,26.56,17
543,34.89,26.56,17
544,35.17,26.56,17
545,34.33,26.29,17
546,35.17,26.56,17
547,34.33,26.84,17
548,34.33,26.84,17
549,34.89,26.56,17
550,34.89,26.01,17
551,34.61,26.56,17
552,34.61,26.56,17
553,34.61,26.29,17
554,34.61,26.29,17
555,34.06,26.56,17
556,35.17,26.84,17
557,34.61,26.29,17
558,34.89,26.56,17
559,35.45,26.56,17
560,34.89,26.56,17
561,35.17,26.56,17
562,34.89,26.84,17
563,34.89,26.56,17
564,35.17,26.84,17
565,34.61,27.12,17
566,34.89,27.12,17
567,34.89,26.29,17
568,34.89,26.56,17
569,34.89,26.84,17
570,34.33,26.56,17
571,34.06,27.12,17
572,34.61,26.56,17
573,35.17,26.84,17
574,35.17,26.29,17
575,35.17,26.56,17
576,35.17,26.84,17
577,34.06,26.84,17
578,34.89,27.12,17
579,35.17,26.29,17
580,35.17,26.56,17
581,35.17,26.56,17
582,34.89,26.84,17
583,35.17,26.29,17
584,34.89,26.01,17
585,34.61,26.56,17
586,35.17,26.29,17
587,35.45,26.29,17
588,34.89,26.56,17
589,35.17,25.73,17
590,35.17,26.29,17
591,34.89,26.84,17
592,35.17,26.84,17
593,34.61,26.84,17
594,35.17,26.84,17
595,35.17,26.84,17
596,35.17,26.56,17
597,35.45,26.56,17
598,35.45,26.84,17
599,35.17,26.29,17
600,35.17,26.84,17
601,35.17,26.56,17
602,35.17,27.12,17
603,34.89,26.56,17
604,34.33,26.84,17
605,35.17,26.84,17
606,34.61,26.84,17
607,35.45,26.56,17
608,35.17,26.29,17
609,34.61,26.84,17
610,35.17,26.29,17
611,35.45,26.56,17
612,34.89,26.01,17
613,35.17,26.84,17
614,35.17,26.84,17
615,34.61,26.56,17
616,35.17,26.56,17
617,34.89,26.56,17
618,34.89,26.84,17
619,34.89,26.84,17
620,34.33,26.84,17
621,35.45,26.56,17
622,34.33,26.29,17
623,34.89,26.01,17
624,35.17,26.84,17
625,34.89,26.56,17
626,34.89,26.84,17
627,35.45,26.56,17
628,34.89,26.56,17
629,35.45,26.56,17
630,35.45,27.12,17
631,35.45,26.56,17
632,35.17,27.12,17
633,35.17,26.29,17
634,35.45,26.56,17
635,35.17,26.84,17
636,34.89,26.56,17
637,35.45,26.84,17
638,35.45,26.56,17
639,35.45,26.56,17
640,34.61,26.29,17
641,35.45,26.84,17
642,35.45,26.29,17
643,35.45,26.29,17
644,35.45,26.84,17
645,35.45,26.56,17
646,35.45,26.29,17
647,35.45,26.84,17
648,34.89,26.29,17
649,35.45,27.12,17
650,34.89,26.84,17
651,34.89,26.29,17
652,35.17,26.84,17
653,35.45,27.12,17
654,35.17,27.12,17
655,35.17,26.84,17
656,35.45,26.01,17
657,34.89,26.56,17
658,35.45,26.84,17
659,35.72,26.84,17
660,35.17,26.84,17
661,35.45,26.29,17
662,35.45,26.84,17
663,35.45,26.56,17
664,35.17,26.84,17
665,34.89,26.29,17
666,35.45,26.56,17
667,35.45,26.56,17
668,35.45,26.29,17
669,35.45,26.56,17
670,35.45,26.56,17
671,35.45,26.84,17
672,35.72,26.56,17
673,35.17,26.29,17
674,34.89,26.84,17
675,35.17,26.56,17
676,35.45,26.84,17
677,35.72,26.84,17
678,35.45,26.84,17
679,35.45,26.84,17
680,35.72,26.01,17
681,35.72,26.84,17
682,34.61,26.29,17
683,34.89,26.29,17
684,34.89,26.84,17
685,35.17,26.84,17
686,35.45,27.12,17
687,35.45,26.84,17
688,35.45,26.56,17
689,35.17,26.84,17
690,35.45,26.84,17
691,35.45,26.29,17
692,35.45,26.56,17
693,35.72,26.56,17
694,35.72,26.84,17
695,35.45,26.56,17
696,35.45,26.01,17
697,35.45,26.56,17
698,35.45,26.84,17
699,35.17,26.84,17
700,35.72,26.56,17
701,35.45,26.56,17
702,35.72,26.84,17
703,35.45,26.84,17
704,35.72,26.29,17
705,35.72,26.01,17
706,35.72,26.84,17
707,34.89,26.56,17
708,35.72,26.84,17
709,35.17,26.56,17
710,35.45,26.56,17
711,35.17,26.56,17
712,35.45,26.56,17
713,35.17,26.29,17
714,35.72,26.84,17
715,35.45,26.84,17
716,35.72,26.84,17
717,35.72,26.56,17
718,35.72,26.29,17
719,35.72,26.01,17
720,35.17,26.84,17
721,34.89,25.73,17
722,35.45,26.29,17
723,35.17,26.84,17
724,35.17,26.56,17
725,35.72,26.56,17
726,35.45,26.29,17
727,35.45,26.56,17
728,35.45,26.84,17
729,35.72,26.29,17
730,35.45,26.01,17
731,35.72,26.84,17
732,35.72,26.84,17
733,35.72,26.29,17
734,35.17,26.56,17
735,35.72,27.12,17
736,35.45,26.29,17
737,35.72,26.84,17
738,35.72,26.84,17
739,35.72,26.84,17
740,35.72,26.84,17
741,36.00,26.29,17
742,36.00,26.84,17
743,35.17,26.56,17
744,35.72,26.84,17
745,35.72,26.29,17
746,35.17,26.56,17
747,35.17,26.56,17
748,35.45,26.84,17
749,35.72,26.29,17
750,35.72,26.56,17
751,35.17,25.73,17
752,36.00,26.01,17
753,35.17,26.56,17
754,35.72,26.29,17
755,36.00,26.84,17
756,35.72,26.84,17
757,35.72,26.56,17
758,35.72,26.56,17
759,35.45,26.56,17
760,35.72,26.84,17
761,35.72,26.29,17
762,36.00,26.29,17
763,36.00,26.01,17
764,35.17,26.84,17
765,35.72,26.84,17
766,35.17,26.56,17
767,35.45,26.84,17
768,36.00,26.84,17
769,35.72,26.56,17
770,35.45,26.56,17
771,35.45,26.84,17
772,35.45,26.84,17
773,35.72,26.29,17
774,35.72,26.29,17
775,36.00,26.29,17
776,35.72,26.56,17
777,35.72,26.29,17
778,35.72,26.29,17
779,35.45,26.84,17
780,35.72,26.56,17
781,35.72,26.84,17
782,35.72,26.29,17
783,36.28,26.29,17
784,35.45,26.84,17
785,35.72,26.29,17
786,35.17,26.56,17
787,36.00,26.01,17
788,35.45,26.84,17
789,35.72,26.56,17
790,35.45,26.84,17
791,35.45,26.84,17
792,35.45,26.56,17
793,36.00,26.56,17
794,35.72,26.29,17
795,36.00,26.56,17
796,36.00,26.01,17
797,36.28,26.56,17
798,36.00,26.56,17
799,36.00,26.56,17
800,36.00,26.56,17
801,35.72,26.01,17
802,36.00,26.01,17
803,36.00,25.73,17
804,35.45,26.84,17
805,35.45,26.01,17
806,35.45,26.84,17
807,36.00,26.56,17
808,35.45,26.56,17
809,36.00,26.56,17
810,35.72,26.29,17
811,35.72,26.56,17
812,34.89,26.56,17
813,36.00,26.56,17
814,36.00,26.56,17
815,35.72,26.29,17
816,36.00,26.56,17
817,35.72,26.56,17
818,36.00,26.56,17
819,35.45,26.56,17
820,35.72,26.56,17
821,36.28,26.29,17
822,36.00,26.84,17
823,35.45,26.56,17
824,35.72,25.73,17
825,36.00,26.29,17
826,36.00,26.56,17
827,35.72,26.29,17
828,35.72,26.29,17
829,36.00,26.29,17
830,36.00,26.84,17
831,36.00,26.84,17
832,36.00,26.84,17
833,36.00,26.84,17
834,36.00,26.84,17
835,36.00,26.84,17
836,36.00,26.56,17
837,35.72,26.56,17
838,36.28,26.56,17
839,35.45,26.29,17
840,36.00,26.84,17
841,36.00,26.84,17
842,35.72,26.56,17
843,35.72,26.84,17
844,36.00,26.56,17
845,36.00,26.29,17
846,36.00,26.84,17
847,35.45,26.84,17
848,36.00,26.84,17
849,36.00,26.56,17
850,35.45,26.56,17
851,35.72,26.84,17
852,35.45,26.84,17
853,36.00,26.84,17
854,36.00,26.29,17
855,36.00,26.56,17
856,35.72,26.84,17
857,35.17,26.56,17
858,36.00,26.84,17
859,36.00,26.56,17
860,36.00,26.29,17
861,35.72,26.84,17
862,35.72,26.84,17
863,36.56,26.84,17
864,35.45,26.56,17
865,36.00,26.29,17
866,36.00,26.29,17
867,35.72,26.56,17
868,36.00,26.56,17
869,36.00,26.56,17
870,36.00,26.56,17
871,36.00,26.56,17
873,35.72,26.56,17
874,36.00,26.56,17
875,35.72,26.84,17
876,36.00,26.56,17
877,35.72,26.29,17
878,36.00,26.56,17
879,36.00,26.84,17
880,36.00,26.56,17
881,36.00,26.56,17
882,35.72,26.84,17
883,35.72,26.84,17
884,35.45,26.56,17
885,36.00,26.29,17
886,36.00,26.56,17
887,35.72,26.29,17
888,36.00,26.84,17
889,35.72,26.01,17
890,36.28,26.56,17
891,36.00,26.29,17
892,36.00,26.84,17
893,36.00,26.56,17
894,36.00,26.56,17
895,36.28,26.56,17
896,36.28,26.29,17
897,36.00,26.84,17
898,36.00,26.84,17
899,36.00,26.56,17
900,35.72,26.01,17
901,35.17,26.56,17
902,36.28,26.29,17
903,35.72,26.84,17
904,36.28,26.84,17
905,35.45,26.29,17
906,36.28,26.56,17
907,36.28,27.12,17
908,35.72,26.84,17
909,36.28,26.56,17
910,36.00,26.56,17
911,36.56,26.56,17
912,36.00,26.29,17
913,36.00,27.12,17
914,36.28,26.56,17
915,36.28,26.29,17
916,36.00,26.29,17
917,35.45,26.56,17
918,36.00,26.56,17
919,36.28,26.29,17
920,36.56,26.84,17
921,36.28,26.84,17
922,36.00,26.84,17
923,36.56,26.01,17
924,36.28,26.56,17
925,36.28,26.29,17
926,35.45,26.29,17
927,36.28,26.01,17
928,35.72,26.84,17
929,36.00,26.56,17
930,36.00,25.73,17
931,36.00,26.29,17
932,36.28,26.56,17
933,36.56,26.29,17
934,35.72,26.29,17
935,36.28,26.29,17
936,35.72,26.29,17
937,36.00,26.56,17
938,36.00,26.56,17
939,36.00,26.29,17
940,36.28,26.56,17
941,36.28,26.56,17
942,36.00,26.29,17
943,36.00,26.56,17
944,36.00,26.56,17
945,36.00,26.56,17
946,36.00,26.84,17
947,36.28,26.29,17
948,36.28,26.56,17
949,36.56,26.56,17
950,36.00,26.56,17
951,36.28,26.56,17
952,36.00,26.29,17
953,36.56,26.56,17
954,36.28,26.56,17
955,36.56,26.56,17
956,36.28,26.56,17
957,36.28,26.56,17
958,36.00,26.29,17
959,36.28,26.84,17
960,36.28,26.56,17
961,36.00,26.56,17
962,36.00,26.84,17
963,35.45,26.56,17
964,36.00,26.29,17
965,35.72,26.56,17
966,36.28,26.56,17
967,36.00,26.56,17
968,36.28,26.56,17
969,36.00,26.56,17
970,36.56,26.56,17
971,36.00,26.56,17
972,35.72,26.56,17
973,36.00,26.56,17
974,36.56,26.84,17
975,36.00,26.29,17
976,36.00,26.84,17
977,36.00,26.29,17
978,36.28,26.29,17
979,36.28,26.56,17
980,36.28,26.29,17
981,36.28,27.12,17
982,36.28,26.56,17
983,36.00,26.56,17
984,36.28,27.12,17
985,36.28,26.56,17
986,36.28,26.29,17
987,36.28,26.56,17
988,36.28,26.29,17
989,36.28,26.56,17
990,36.00,26.56,17
991,36.56,26.29,17
992,36.28,26.56,17
993,36.28,26.01,17
994,36.56,27.12,17
995,36.28,26.56,17
996,36.28,26.56,17
997,36.28,26.56,17
998,36.28,26.56,17
999,36.00,26.56,17
1000,36.56,26.56,17
1001,35.72,26.29,17
1002,36.56,26.56,17
1003,36.28,26.56,17
1004,36.28,26.56,17
1005,36.28,27.12,17
1006,36.56,26.56,17
1007,36.28,26.29,17
1008,36.28,26.29,17
1009,36.28,26.56,17
1010,36.28,26.84,17
1011,35.72,26.29,17
1012,36.56,26.29,17
1013,36.28,26.29,17
1014,36.00,26.56,17
1015,36.28,26.56,17
1016,36.28,26.84,17
1017,36.28,26.56,17
1018,36.28,26.84,17
1019,36.28,26.29,17
1020,36.28,26.84,17
1021,36.28,26.56,17
1022,36.28,26.56,17
1023,36.28,26.56,17
1024,36.00,26.56,17
1025,36.00,26.84,17
1026,36.00,26.56,17
1027,36.56,26.56,17
1028,36.28,26.29,17
1029,36.00,26.01,17
1030,36.56,26.56,17
1031,36.28,26.56,17
1032,36.28,26.56,17
1033,36.00,26.56,17
1034,36.28,26.56,17
1035,36.56,26.56,17
1036,36.28,26.29,17
1037,36.56,26.29,17
1038,36.00,26.29,17
1039,36.56,26.56,17
1040,36.56,26.29,17
1041,36.56,26.29,17
1042,36.28,26.29,17
1043,36.56,26.56,17
1044,36.56,26.29,17
1045,36.28,26.29,17
1046,36.56,26.56,17
1047,36.00,26.56,17
1048,36.56,26.84,17
1049,36.56,26.01,17
1050,36.28,26.29,17
1051,36.56,26.84,17
1052,36.56,26.01,17
1053,36.56,26.56,17
1054,36.28,26.84,17
1055,36.28,26.56,17
1056,36.00,26.29,17
1057,36.00,26.56,17
1058,36.28,26.84,17
1059,36.00,26.84,17
1060,36.56,26.29,17
1061,36.56,26.29,17
1062,36.56,26.56,17
1063,36.28,26.84,17
1064,36.83,26.29,17
1065,36.28,26.56,17
1066,36.56,26.84,17
1067,36.00,26.56,17
1068,36.83,26.56,17
1069,35.72,26.84,17
1070,36.56,26.29,17
1071,36.28,26.29,17
1072,36.00,26.56,17
1073,36.56,26.84,17
1074,36.56,26.01,17
1075,36.56,26.56,17
1076,36.28,26.84,17
1077,36.28,26.84,17
1078,35.72,26.56,17
1079,36.56,26.84,17
1080,36.28,26.56,17
1081,36.83,26.56,17
1082,36.28,26.29,17
1083,36.83,26.56,17
1084,36.56,26.01,17
1085,36.00,26.56,17
1086,36.28,26.56,17
1087,36.28,25.73,17
1088,36.56,26.56,17
1089,36.28,26.56,17
1090,36.83,26.84,17
1091,36.56,26.56,17
1092,36.56,26.29,17
1093,36.83,26.84,17
1094,36.83,26.56,17
1095,36.56,26.29,17
1096,36.56,26.84,17
1097,36.28,26.84,17
1098,36.56,26.56,17
1099,36.28,26.56,17
1100,36.83,26.84,17
1101,36.56,26.56,17
1102,36.28,26.56,17
1103,36.00,26.84,17
1104,36.56,26.29,17
1105,36.00,26.29,17
1106,36.83,26.56,17
1107,36.00,26.56,17
1108,36.56,26.29,17
1109,36.28,26.29,17
1110,36.56,26.56,17
1111,36.56,26.56,17
1112,36.56,26.29,17
1113,36.56,26.84,17
1114,36.56,26.56,17
1115,36.28,26.56,17
1116,36.28,26.56,17
1117,36.56,26.29,17
1118,36.00,26.01,17
1119,36.00,26.29,17
1120,36.83,26.56,17
1121,36.83,26.84,17
1122,36.28,26.01,17
1123,36.00,26.56,17
1124,36.56,26.56,17
1125,36.56,26.84,17
1126,36.56,26.56,17
1127,36.00,26.29,17
1128,36.56,26.84,17
1129,36.28,25.73,17
1130,36.00,26.56,17
1131,36.28,26.56,17
1132,36.83,26.01,17
1133,35.72,26.56,17
1134,36.00,26.29,17
1135,36.28,26.56,17
1136,36.28,25.73,17
1137,36.83,26.56,17
1138,36.00,26.01,17
1139,36.28,26.84,17
1140,36.28,26.84,17
1141,36.28,26.56,17
1142,36.28,26.29,17
1143,36.56,25.73,17
1144,36.56,26.56,17
1145,36.28,26.56,17
1146,36.28,26.56,17
1147,36.56,26.84,17
1148,36.28,26.56,17
1149,36.28,26.01,17
1150,36.28,26.29,17
1151,36.56,26.84,17
1152,36.56,26.84,17
1153,36.00,26.56,17
1154,36.28,26.56,17
1155,36.56,26.56,17
1156,36.83,26.01,17
1157,36.28,26.56,17
1158,36.83,26.29,17
1159,36.28,26.56,17
1160,37.11,26.84,17
1161,36.56,26.84,17
1162,36.00,26.84,17
1163,36.83,26.56,17
1164,36.56,26.29,17
1165,36.56,26.56,17
1166,36.83,26.84,17
1167,36.83,26.56,17
1168,36.00,26.29,17
1169,36.83,26.84,17
1170,36.00,26.01,17
1171,36.83,26.84,17
1172,36.28,26.56,17
1173,36.28,26.84,17
1174,36.56,26.56,17
1175,36.56,26.84,17
1176,36.83,26.29,17
1177,36.28,26.84,17
1178,36.28,26.29,17
1179,36.56,26.01,17
1180,36.00,26.01,17
1181,36.00,26.56,17
1182,36.28,26.29,17
1183,36.83,26.29,17
1184,36.56,26.29,17
1185,36.56,26.29,17
1186,36.28,26.56,17
1187,36.00,25.73,17
1188,36.00,26.56,17
1189,36.00,26.56,17
1190,36.83,26.29,17
1191,36.56,26.01,17
1192,36.28,26.29,17
1193,36.56,26.29,17
1194,36.56,26.56,17
1195,36.56,26.29,17
1196,36.28,25.73,17
1197,36.83,26.84,17
1198,36.00,26.56,17
1199,36.83,26.84,17
1200,36.83,26.56,17
1201,37.11,26.29,17
1202,36.28,26.84,17
1203,36.00,26.84,17
1204,36.28,26.01,17
1205,36.83,26.56,17
1206,36.56,25.73,17
1207,36.28,26.56,17
1208,37.11,26.29,17
1209,36.00,26.84,17
1210,36.56,26.56,17
1211,36.56,26.56,17
1212,36.28,26.84,17
1213,36.56,26.56,17
1214,36.56,26.84,17
1215,36.83,26.84,17
1216,36.28,26.56,17
1217,36.56,26.84,17
1218,36.83,26.29,17
1219,36.28,26.84,17
1220,36.28,26.29,17
1221,36.56,26.56,17
1222,36.28,26.29,17
1223,36.28,26.84,17
1224,36.56,25.73,17
1225,36.28,26.56,17
1226,36.28,26.56,17
1227,35.72,26.29,17
1228,36.00,26.84,17
1229,36.28,26.56,17
1230,36.00,26.84,17
1231,36.00,26.29,17
1232,36.00,26.84,17
1233,37.11,26.56,17
1234,36.56,26.29,17
1235,36.28,26.84,17
1236,36.56,26.56,17
1237,36.56,26.84,17
1238,36.56,26.56,17
1239,36.56,26.29,17
1240,36.56,26.56,17
1241,35.72,26.56,17
1242,36.83,26.56,17
1243,36.56,26.29,17
1244,36.56,26.56,17
1245,36.56,26.56,17
1246,36.00,26.56,17
1247,36.56,26.56,17
1248,36.83,26.56,17
1249,36.83,26.29,17
1250,36.56,26.56,17
1251,36.56,26.29,17
1252,36.56,26.84,17
1253,36.00,26.56,17
1254,36.56,26.29,17
1255,36.83,26.84,17
1256,35.72,26.29,17
1257,36.56,26.29,17
1258,36.28,26.01,17
1259,36.56,26.84,17
1260,36.56,26.56,17
1261,36.28,26.84,17
1262,36.56,26.29,17
1263,36.56,26.29,17
1264,36.28,26.29,17
1265,36.83,26.01,17
1266,36.00,26.56,17
1267,36.28,26.29,17
1268,36.28,26.01,17
1269,36.56,26.01,17
1270,37.11,26.01,17
1271,36.28,26.56,17
1272,36.28,26.56,17
1273,36.56,26.29,17
1274,36.83,26.56,17
1275,36.56,26.84,17
1276,36.28,26.29,17
1277,36.56,26.01,17
1278,36.00,26.29,17
1279,37.11,26.56,17
1280,36.83,26.56,17
1281,36.56,26.29,17
1282,36.83,26.01,17
1283,36.28,26.56,17
1284,36.28,26.56,17
1285,36.83,26.56,17
1286,36.83,26.56,17
1287,36.83,26.01,17
1288,37.11,26.56,17
1289,36.83,26.29,17
1290,36.28,26.29,17
1291,36.28,26.29,17
1292,36.56,25.73,17
1293,36.83,26.56,17
1294,37.11,26.56,17
1295,36.83,26.29,17
1296,36.83,26.29,17
1297,36.56,26.84,17
1298,37.11,26.01,17
1299,37.11,26.29,17
1300,36.56,26.29,17
1302,36.56,26.29,17
1303,36.83,26.84,17
1304,36.28,26.84,17
1305,36.83,26.29,17
1306,36.00,26.56,17
1307,36.28,26.56,17
1308,36.28,26.01,17
1309,36.83,26.01,17
1310,37.11,26.01,17
1311,36.56,26.29,17
1312,37.11,25.73,17
1313,36.83,26.01,17
1314,36.83,26.56,17
1315,36.28,26.56,17
1316,36.83,26.56,17
1317,36.83,26.84,17
1318,36.56,26.56,17
1319,36.83,26.29,17
1320,36.56,26.01,17
1321,36.83,26.29,17
1322,36.83,26.29,17
1323,36.83,26.56,17
1324,36.83,26.56,17
1325,36.56,26.29,17
1326,36.28,26.29,17
1327,36.56,26.84,17
1328,36.00,26.29,17
1329,37.11,26.84,17
1330,36.83,26.29,17
1331,36.83,26.56,17
1332,36.56,26.01,17
1333,36.83,26.56,17
1334,36.56,26.56,17
1335,37.11,26.56,17
1336,37.39,25.73,17
1337,36.83,26.29,17
1338,36.00,26.56,17
1339,36.83,26.29,17
1340,37.11,26.56,17
1341,36.83,26.56,17
1342,36.28,26.84,17
1343,36.28,26.29,17
1344,36.56,26.56,17
1345,36.56,26.56,17
1346,36.56,26.84,17
1347,36.83,26.56,17
1348,36.83,26.29,17
1349,36.83,26.56,17
1350,36.83,26.29,17
1351,36.56,26.01,17
1352,36.56,26.84,17
1353,36.56,26.29,17
1354,36.28,26.29,17
1355,36.56,25.73,17
1356,36.83,26.56,17
1357,36.83,26.29,17
1358,36.28,26.01,17
1359,36.56,26.29,17
1360,36.83,26.84,17
1361,36.28,26.29,17
1362,36.56,26.29,17
1363,36.28,26.84,17
1364,36.83,26.56,17
1365,36.28,26.29,17
1366,36.83,26.29,17
1367,36.56,26.29,17
1368,36.83,26.56,17
1369,36.83,26.56,17
1370,36.83,26.29,17
1371,36.83,25.73,17
1372,36.56,26.56,17
1373,36.83,26.84,17
1374,37.11,26.56,17
1375,36.56,26.56,17
1376,36.83,26.01,17
1377,36.56,26.84,17
1378,37.11,26.56,17
1379,36.83,26.84,17
1380,36.83,26.29,17
1381,36.83,26.56,17
1382,35.72,26.56,17
1383,37.11,26.01,17
1384,36.83,26.29,17
1385,36.83,26.56,17
1386,36.56,26.56,17
1387,37.11,26.56,17
1388,36.56,26.56,17
1389,36.28,26.56,17
1390,36.83,26.29,17
1391,36.28,26.56,17
1392,36.83,26.56,17
1393,36.56,26.01,17
1394,36.28,26.56,17
1395,36.56,26.01,17
1396,36.56,26.29,17
1397,36.28,26.29,17
1398,36.56,26.56,17
1399,36.56,26.56,17
1400,36.28,26.56,17
1401,36.28,26.56,17
1402,36.56,26.56,17
1403,36.56,26.01,17
1404,36.00,26.56,17
1405,36.56,26.29,17
1406,36.56,26.29,17
1407,36.56,26.29,17
1408,36.28,26.56,17
1409,36.28,26.56,17
1410,36.00,26.56,17
1411,36.28,26.56,17
1412,36.56,26.01,17
1413,36.83,26.56,17
1414,36.28,26.56,17
1415,36.83,26.29,17
1416,36.56,26.29,17
1417,37.11,26.29,17
1418,36.83,26.56,17
1419,36.56,26.56,17
1420,37.11,26.29,17
1421,36.83,26.29,17
1422,36.28,26.29,17
1423,37.11,26.01,17
1424,36.83,26.29,17
1425,36.83,26.01,17
1426,36.56,26.84,17
1427,36.56,26.56,17
1428,36.56,26.56,17
1429,36.83,26.84,17
1430,36.83,26.56,17
1431,36.83,26.01,17
1432,36.28,26.56,17
1433,36.56,26.01,17
1434,36.28,26.84,17
1435,36.56,26.01,17
1436,36.56,26.29,17
1437,36.00,26.56,17
1438,36.83,26.01,17
1439,36.56,26.29,17
1440,37.11,26.29,17
1441,36.28,26.29,17
1442,37.11,26.56,17
1443,36.28,25.73,17
1444,36.83,26.29,17
1445,36.83,26.29,17
1446,36.83,25.73,17
1447,36.83,26.29,17
1448,36.83,26.29,17
1449,36.56,26.29,17
1450,36.83,26.56,17
1451,36.56,26.56,17
1452,36.83,26.29,17
1453,36.83,26.56,17
1454,37.11,26.29,17
1455,36.83,26.01,17
1456,37.11,26.84,17
1457,36.56,26.56,17
1458,37.11,26.56,17
1459,36.56,26.56,17
1460,36.56,26.56,17
1461,36.83,25.45,17
1462,36.56,26.01,17
1463,36.56,26.29,17
1464,36.56,26.01,17
1465,36.83,26.01,17
1466,36.83,26.84,17
1467,36.28,26.01,17
1468,36.83,26.29,17
1469,36.28,26.56,17
1470,36.00,26.01,17
1471,36.83,26.56,17
1472,37.11,26.56,17
1473,36.28,26.56,17
1474,35.72,26.56,17
1475,36.56,26.56,17
1476,36.83,26.56,17
1477,37.11,26.29,17
1478,36.83,26.01,17
1479,36.56,26.29,17
1480,37.11,26.56,17
1481,36.56,26.01,17
1482,36.56,26.01,17
1483,36.83,26.56,17
1484,36.83,26.56,17
1485,36.28,26.56,17
1486,36.83,26.84,17
1487,37.11,26.29,17
1488,36.56,26.84,17
1489,36.56,26.84,17
1490,36.56,26.56,17
1491,36.28,26.29,17
1492,36.83,26.56,17
1493,36.83,26.56,17
1494,37.11,26.84,17
1495,36.56,26.29,17
1496,36.83,26.29,17
1497,36.56,26.29,17
1498,36.83,26.84,17
1499,36.56,26.84,17
1500,36.56,26.29,17
1501,36.83,26.84,17
1502,36.83,26.84,17
1503,36.83,26.29,17
1504,36.83,26.84,17
1505,36.83,26.84,17
1506,36.83,26.56,17
1507,36.56,26.29,17
1508,36.56,26.01,17
1509,36.56,26.84,17
1510,36.83,26.84,17
1511,36.83,26.84,17
1512,37.39,26.84,17
1513,36.83,26.84,17
1514,36.83,27.12,17
1515,37.11,26.29,17
1516,36.83,26.56,17
1517,36.28,26.56,17
1518,36.83,26.84,17
1519,36.56,26.56,17
1520,36.56,26.56,17
1521,36.83,26.84,17
1522,36.56,26.29,17
1523,37.11,26.84,17
1524,36.56,26.56,17
1525,37.11,26.56,17
1526,36.83,26.29,17
1527,36.56,26.84,17
1528,36.28,25.73,17
1529,36.28,26.56,17
1530,37.11,26.56,17
1531,36.28,26.56,17
1532,36.28,26.84,17
1533,36.28,26.84,17
1534,37.11,26.29,17
1535,37.11,26.56,17
1536,37.11,26.01,17
1537,36.83,25.73,17
1538,36.56,26.01,17
1539,37.11,25.73,17
1540,36.83,26.29,17
1541,36.83,26.01,17
1542,36.56,26.56,17
1543,36.28,26.29,17
1544,36.83,26.29,17
1545,36.83,26.56,17
1546,36.28,26.56,17
1547,37.11,26.56,17
1548,36.00,26.29,17
1549,36.83,26.01,17
1550,36.56,26.56,17
1551,36.28,26.56,17
1552,36.83,26.01,17
1553,36.83,26.56,17
1554,37.11,26.56,17
1555,36.83,26.29,17
1556,36.28,26.56,17
1557,36.83,26.56,17
1558,36.00,26.56,17
1559,37.11,26.56,17
1560,36.83,26.56,17
1561,36.83,26.56,17
1562,36.28,26.56,17
1563,36.28,26.29,17
1564,36.00,26.56,17
1565,36.56,26.84,17
1566,36.28,26.29,17
1567,37.11,26.29,17
1568,36.56,26.84,17
1569,36.28,26.56,17
1570,36.56,26.56,17
1571,36.28,25.73,17
1572,36.56,26.56,17
1573,36.83,26.29,17
1574,36.83,26.56,17
1575,36.00,26.56,17
1576,36.56,26.29,17
1577,36.83,26.84,17
1578,36.56,26.56,17
1579,36.56,26.84,17
1580,36.83,26.29,17
1581,37.11,26.29,17
1582,36.83,26.56,17
1583,36.56,26.29,17
1584,37.11,26.56,17
1585,36.56,25.73,17
1586,36.56,26.56,17
1587,36.56,26.29,17
1588,36.83,26.56,17
1589,37.11,26.56,17
1590,36.83,26.84,17
1591,37.11,26.29,17
1592,36.83,26.29,17
1593,36.83,26.56,17
1594,36.83,26.56,17
1595,36.28,26.56,17
1596,36.56,26.56,17
1597,36.56,26.56,17
1598,36.56,26.29,17
1599,36.83,26.01,17
1600,36.56,26.01,17
1601,36.28,26.56,17
1602,36.56,26.56,17
1603,36.56,26.29,17
1604,37.11,26.29,17
1605,36.83,26.56,17
1606,36.83,26.01,17
1607,36.28,26.29,17
1608,36.56,26.56,17
1609,37.11,26.56,17
1610,36.56,26.29,17
1611,37.11,26.01,17
1612,36.56,26.01,17
1613,36.56,26.01,17
1614,36.83,26.01,17
1615,36.83,26.56,17
1616,36.83,26.29,17
1617,37.11,26.01,17
1618,37.11,26.56,17
1619,36.83,26.56,17
1620,36.28,26.56,17
1621,37.11,26.56,17
1622,37.11,26.29,17
1623,36.28,26.01,17
1624,36.56,26.29,17
1625,36.83,26.56,17
1626,36.56,26.56,17
1627,36.28,26.29,17
1628,36.83,26.56,17
1629,37.11,26.01,17
1630,37.11,26.56,17
1631,36.28,26.56,17
1632,36.28,26.56,17
1633,36.56,26.56,17
1634,36.28,26.01,17
1635,36.00,26.29,17
1636,36.83,26.56,17
1637,36.83,26.29,17
1638,36.28,26.56,17
1639,36.56,26.01,17
1640,36.56,26.29,17
1641,37.11,26.01,17
1642,36.83,26.56,17
1643,36.56,26.56,17
1644,36.56,26.56,17
1645,37.11,26.56,17
1646,36.28,26.56,17
1647,36.28,26.56,17
1648,36.83,26.29,17
1649,36.56,26.29,17
1650,37.11,26.29,17
1651,36.56,26.29,17
1652,36.56,26.01,17
1653,36.56,26.56,17
1654,36.83,26.56,17
1655,36.28,25.73,17
1656,36.56,26.56,17
1657,36.56,26.56,17
1658,36.83,26.56,17
1659,36.28,26.56,17
1660,36.83,26.01,17
1661,36.00,26.01,17
1662,37.11,26.56,17
1663,36.83,26.29,17
1664,36.83,26.56,17
1665,36.83,26.29,17
1666,36.56,25.73,17
1667,36.28,26.01,17
1668,36.56,26.01,17
1669,36.83,26.56,17
1670,36.83,26.56,17
1671,36.28,26.56,17
1672,36.28,26.01,17
1673,36.56,26.56,17
1674,36.56,26.56,17
1675,36.28,26.29,17
1676,36.83,26.56,17
1677,36.28,26.29,17
1678,35.72,26.29,17
1679,36.56,26.84,17
1680,36.56,26.56,17
1681,36.28,26.56,17
1682,36.83,26.56,17
1683,37.11,26.29,17
1684,36.83,26.01,17
1685,36.56,26.56,17
1686,36.00,25.73,17
1687,36.83,26.56,17
1688,37.11,26.56,17
1689,36.83,26.56,17
1690,36.56,26.01,17
1691,37.11,26.29,17
1692,36.28,26.56,17
1693,36.28,26.56,17
1694,36.83,26.29,17
1695,37.11,26.56,17
1696,37.11,26.01,17
1697,36.56,26.56,17
1698,36.83,26.56,17
1699,36.28,26.29,17
1700,36.28,26.01,17
1701,36.56,26.56,17
1702,37.11,26.56,17
1703,36.56,26.56,17
1704,37.11,26.56,17
1705,36.83,26.01,17
1706,36.56,26.29,17
1707,36.83,25.45,17
1708,36.83,26.56,17
1709,37.11,26.01,17
1710,36.56,26.56,17
1711,37.11,26.29,17
1712,36.28,26.29,17
1713,37.11,26.01,17
1714,36.83,26.56,17
1715,36.56,25.73,17
1716,36.28,26.56,17
1717,36.83,26.29,17
1718,36.28,27.12,17
1719,36.83,26.56,17
1720,36.56,26.84,17
1721,37.11,26.29,17
1722,36.83,26.84,17
1723,36.83,26.29,17
1724,36.83,26.84,17
1725,36.56,26.29,17
1726,36.28,26.84,17
1728,36.28,26.84,17
1729,36.83,26.84,17
1730,36.28,26.84,17
1731,36.56,26.29,17
1732,36.83,26.56,17
1733,36.56,26.56,17
1734,36.83,26.29,17
1735,36.83,26.29,17
1736,36.56,26.01,17
1737,37.11,26.01,17
1738,37.11,26.56,17
1739,37.11,26.84,17
1740,37.11,26.29,17
1741,36.83,26.56,17
1742,36.56,26.56,17
1743,36.56,26.01,17
1744,37.39,26.56,17
1745,36.28,26.56,17
1746,36.83,26.56,17
1747,36.83,26.29,17
1748,36.56,26.56,17
1749,36.83,26.29,17
1750,36.83,26.84,17
1751,36.83,26.84,17
1752,37.11,26.56,17
1753,37.11,26.01,17
1754,36.00,26.01,17
1755,36.56,26.29,17
1756,37.11,26.29,17
1757,36.83,26.56,17
1758,36.56,26.56,17
1759,37.11,26.56,17
1760,36.83,26.56,17
1761,36.83,26.56,17
1762,36.56,26.56,17
1763,36.83,26.84,17
1764,36.83,26.29,17
1765,36.28,26.56,17
1766,37.11,26.56,17
1767,36.00,26.84,17
1768,36.83,26.01,17
1769,36.83,26.56,17
1770,36.83,26.01,17
1771,36.56,26.56,17
1772,36.28,26.01,17
1773,37.11,26.56,17
1774,36.83,26.01,17
1775,37.11,26.29,17
1776,36.56,26.29,17
1777,36.56,26.56,17
1778,37.11,26.29,17
1779,36.00,26.56,17
1780,36.56,26.84,17
1781,36.56,26.01,17
1782,36.83,26.56,17
1783,36.56,26.29,17
1784,36.83,26.56,17
1785,36.83,26.29,17
1786,37.11,26.56,17
1787,37.11,26.29,17
1788,36.56,26.84,17
1789,36.28,26.56,17
1790,36.28,26.56,17
1791,36.83,26.56,17
1792,36.56,26.56,17
1793,37.11,26.56,17
1794,36.00,26.56,17
1795,36.83,26.56,17
1796,37.11,26.56,17
1797,36.83,26.56,17
1798,37.11,26.56,17
1799,36.00,26.56,17
1800,37.11,26.29,17
1801,36.83,26.56,0
1802,36.56,26.56,0
1803,36.56,26.56,0
1804,36.56,26.56,0
1805,37.11,25.73,0
1806,36.83,26.56,0
1807,35.72,26.01,0
1808,36.28,26.56,0
1809,36.56,26.56,0
1810,36.56,26.01,0
1811,36.56,26.29,0
1812,36.56,25.45,0
1813,36.28,26.29,0
1814,36.83,26.56,0
1815,36.28,26.01,0
1816,36.83,26.56,0
1817,36.28,26.56,0
1818,36.56,26.56,0
1819,36.00,26.56,0
1820,36.56,26.56,0
1821,35.72,26.56,0
1822,36.56,26.56,0
1823,36.56,26.29,0
1824,36.56,26.56,0
1825,36.56,26.29,0
1826,36.00,26.56,0
1827,36.00,26.56,0
1828,36.00,26.56,0
1829,36.28,26.56,0
1830,35.72,26.56,0
1831,36.28,26.84,0
1832,36.28,26.29,0
1833,36.00,26.56,0
1834,36.28,25.73,0
1835,36.00,26.56,0
1836,35.72,26.56,0
1837,36.28,26.56,0
1838,35.72,26.29,0
1839,36.28,26.56,0
1840,36.00,26.01,0
1841,36.28,26.01,0
1842,36.00,26.56,0
1843,36.00,26.01,0
1844,35.72,26.56,0
1845,35.72,26.01,0
1846,35.72,26.01,0
1847,35.72,26.56,0
1848,36.00,26.56,0
1849,36.56,25.73,0
1850,36.28,26.56,0
1851,35.72,26.56,0
1852,35.72,26.29,0
1853,35.72,26.56,0
1854,36.28,26.01,0
1855,35.45,26.01,0
1856,35.45,26.56,0
1857,36.28,26.56,0
1858,36.00,26.29,0
1859,36.00,26.56,0
1860,35.45,26.01,0
1861,35.45,26.56,0
1862,36.00,26.56,0
1863,34.89,26.56,0
1864,36.00,26.29,0
1865,35.45,26.56,0
1866,35.72,26.01,0
1867,36.00,26.56,0
1868,35.45,26.01,0
1869,35.72,26.29,0
1870,36.00,26.56,0
1871,35.72,25.45,0
1872,36.00,26.29,0
1873,36.00,26.29,0
1874,36.00,26.29,0
1875,36.00,26.29,0
1876,36.00,26.56,0
1877,36.00,26.56,0
1878,35.72,26.29,0
1879,35.45,26.29,0
1880,35.17,26.29,0
1881,36.00,26.29,0
1882,35.72,25.73,0
1883,35.45,26.56,0
1884,34.89,26.29,0
1885,35.72,26.56,0
1886,35.72,26.84,0
1887,35.45,26.56,0
1888,35.17,26.56,0
1889,34.89,26.56,0
1890,35.45,26.29,0
1891,35.45,26.29,0
1892,34.89,26.84,0
1893,35.17,26.56,0
1894,34.89,26.01,0
1895,35.72,26.29,0
1896,35.45,26.56,0
1897,35.72,26.56,0
1898,35.72,26.01,0
1899,35.17,26.56,0
1900,35.72,26.56,0
1901,35.17,26.56,0
1902,35.17,26.56,0
1903,34.89,25.73,0
1904,35.17,26.56,0
1905,35.45,26.56,0
1906,35.17,26.56,0
1907,34.33,26.29,0
1908,35.45,26.29,0
1909,34.89,26.29,0
1910,35.72,26.01,0
1911,34.61,26.84,0
1912,34.89,26.29,0
1913,35.17,26.56,0
1914,35.17,26.29,0
1915,34.61,26.29,0
1916,35.45,26.01,0
1917,34.89,26.29,0
1918,35.17,26.01,0
1919,34.89,26.01,0
1920,34.89,26.29,0
1921,35.17,26.56,0
1922,34.89,26.29,0
1923,34.89,26.56,0
1924,35.17,26.29,0
1925,35.17,26.01,0
1926,34.61,26.29,0
1927,34.89,26.56,0
1928,34.89,26.56,0
1929,35.45,26.56,0
1930,35.17,26.29,0
1931,34.89,26.56,0
1932,34.89,26.29,0
1933,34.89,26.56,0
1934,34.61,26.29,0
1935,35.17,26.29,0
1936,35.17,26.29,0
1937,34.61,26.01,0
1938,34.61,26.56,0
1939,34.89,25.73,0
1940,34.89,26.56,0
1941,34.61,26.56,0
1942,34.61,26.29,0
1943,34.89,26.29,0
1944,34.89,26.56,0
1945,34.33,26.56,0
1946,34.61,26.29,0
1947,34.89,26.56,0
1948,34.61,26.84,0
1949,34.33,26.56,0
1950,34.33,26.29,0
1951,34.61,26.01,0
1952,34.89,26.01,0
1953,34.61,26.29,0
1954,34.89,26.01,0
1955,34.61,26.29,0
1956,34.06,26.29,0
1957,34.33,26.56,0
1958,34.33,26.56,0
1959,34.61,26.84,0
1960,34.89,26.29,0
1961,34.33,26.56,0
1962,34.61,26.56,0
1963,34.33,26.01,0
1964,34.61,26.56,0
1965,34.89,26.56,0
1966,34.61,26.56,0
1967,34.33,26.84,0
1968,34.61,26.01,0
1969,34.61,26.29,0
1970,34.33,26.29,0
1971,34.33,26.56,0
1972,33.78,26.29,0
1973,34.33,26.56,0
1974,34.61,26.29,0
1975,34.06,26.56,0
1976,34.33,26.01,0
1977,34.33,26.29,0
1978,34.33,26.56,0
1979,34.61,26.01,0
1980,34.06,26.56,0
1981,34.33,26.56,0
1982,34.33,26.56,0
1983,34.61,26.29,0
1984,34.61,26.01,0
1985,34.33,26.29,0
1986,34.33,26.01,0
1987,34.33,26.29,0
1988,34.33,26.29,0
1989,34.33,26.56,0
1990,34.33,26.01,0
1991,34.61,26.01,0
1992,34.61,26.56,0
1993,34.61,26.29,0
1994,34.33,26.01,0
1995,34.06,26.01,0
1996,33.78,26.29,0
1997,33.78,26.29,0
1998,34.06,26.01,0
1999,34.33,26.29,0
2000,34.06,26.29,0
2001,34.33,26.01,0
2002,34.33,26.01,0
2003,34.33,26.56,0
2004,34.33,26.56,0
2005,34.06,26.29,0
2006,34.33,26.29,0
2007,33.78,26.56,0
2008,33.50,26.56,0
2009,33.78,26.84,0
2010,34.06,26.29,0
2011,34.33,26.01,0
2012,34.06,26.29,0
2013,33.78,26.56,0
2014,33.78,26.29,0
2015,34.33,26.84,0
2016,33.78,26.29,0
2017,34.06,26.56,0
2018,33.78,26.29,0
2019,34.06,26.29,0
2020,33.78,26.56,0
2021,34.06,26.56,0
2022,34.33,26.29,0
2023,34.06,26.56,0
2024,34.06,26.56,0
2025,33.22,26.84,0
2026,33.78,26.56,0
2027,33.78,26.29,0
2028,33.50,26.29,0
2029,33.22,26.01,0
2030,34.06,26.29,0
2031,34.06,26.56,0
2032,33.78,26.01,0
2033,33.78,26.01,0
2034,33.78,26.84,0
2035,33.50,26.29,0
2036,33.78,26.29,0
2037,34.06,26.29,0
2038,34.06,26.84,0
2039,34.06,26.56,0
2040,34.06,26.56,0
2041,34.06,26.56,0
2042,33.50,26.56,0
2043,33.78,26.56,0
2044,33.78,26.01,0
2045,33.78,26.01,0
2046,34.06,26.01,0
2047,33.78,26.56,0
2048,34.06,26.01,0
2049,33.22,26.56,0
2050,33.50,26.29,0
2051,33.22,26.56,0
2052,34.06,26.56,0
2053,33.50,25.73,0
2054,33.50,26.84,0
2055,34.06,26.56,0
2056,34.06,26.29,0
2057,33.22,26.56,0
2058,33.50,26.29,0
2059,33.78,26.56,0
2060,33.78,26.56,0
2061,33.78,26.56,0
2062,33.78,26.29,0
2063,33.78,26.56,0
2064,33.50,26.29,0
2065,34.06,26.56,0
2066,33.50,26.56,0
2067,34.06,26.56,0
2068,33.50,26.56,0
2069,32.95,26.56,0
2070,33.78,26.56,0
2071,33.50,26.56,0
2072,33.78,26.01,0
2073,33.22,26.29,0
2074,33.50,26.56,0
2075,33.50,26.56,0
2076,33.22,26.29,0
2077,33.50,26.56,0
2078,33.50,26.56,0
2079,33.50,26.01,0
2080,33.50,26.29,0
2081,33.50,26.29,0
2082,33.50,26.56,0
2083,33.50,26.01,0
2084,33.78,26.01,0
2085,33.22,26.01,0
2086,33.78,26.56,0
2087,33.50,26.56,0
2088,32.67,25.73,0
2089,33.22,26.56,0
2090,33.50,26.29,0
2091,32.95,26.56,0
2092,33.78,26.56,0
2093,33.50,26.56,0
2094,32.95,26.56,0
2095,33.22,26.56,0
2096,32.95,26.01,0
2097,33.78,26.84,0
2098,33.22,26.56,0
2099,33.22,26.01,0
2100,33.50,26.01,0
2101,33.50,26.56,0
2102,33.50,26.29,0
2103,33.78,26.56,0
2104,33.22,26.56,0
2105,33.22,26.01,0
2106,32.95,26.56,0
2107,33.22,26.29,0
2108,33.50,26.29,0
2109,33.22,26.56,0
2110,32.95,26.56,0
2111,33.22,25.73,0
2112,33.22,26.56,0
2113,33.50,26.84,0
2114,33.22,26.29,0
2115,33.22,26.29,0
2116,32.95,26.56,0
2117,33.22,26.56,0
2118,33.50,26.56,0
2119,33.22,26.56,0
2120,33.22,26.29,0
2121,33.22,26.56,0
2122,33.22,26.56,0
2123,33.50,26.56,0
2124,33.22,26.56,0
2125,32.95,26.56,0
2126,32.95,26.56,0
2127,33.22,26.56,0
2128,33.22,26.56,0
2129,33.22,26.01,0
2130,32.39,26.56,0
2131,33.22,26.56,0
2132,32.67,26.56,0
2133,32.95,26.56,0
2134,32.39,26.29,0
2135,33.50,26.56,0
2136,33.22,26.56,0
2137,33.22,26.01,0
2138,32.39,26.84,0
2139,33.22,26.84,0
2140,32.95,26.84,0
2141,32.95,26.01,0
2142,33.22,26.56,0
2143,32.95,26.29,0
2144,32.95,26.56,0
2145,33.22,26.84,0
2146,32.95,26.56,0
2147,32.67,26.84,0
2148,32.95,26.56,0
2149,32.67,26.56,0
2150,32.67,26.84,0
2151,33.22,26.29,0
2152,33.22,26.01,0
2153,32.95,26.56,0
2154,33.22,26.56,0
2155,33.22,26.29,0
2156,32.67,26.29,0
2157,32.67,26.56,0
2158,32.95,26.56,0
2159,32.67,26.56,0
2160,32.95,26.56,0
2162,33.22,26.29,0
2163,32.95,26.56,0
2164,32.67,26.56,0
2165,33.22,26.29,0
2166,32.39,26.01,0
2167,32.67,26.56,0
2168,32.67,26.56,0
2169,32.39,26.56,0
2170,32.95,26.56,0
2171,32.95,26.29,0
2172,32.95,26.01,0
2173,32.95,26.56,0
2174,32.67,26.56,0
2175,32.95,26.56,0
2176,32.95,26.56,0
2177,32.39,26.01,0
2178,32.39,26.56,0
2179,32.39,26.01,0
2180,32.95,26.29,0
2181,32.39,26.56,0
2182,32.67,26.29,0
2183,32.95,26.56,0
2184,32.67,26.01,0
2185,32.67,26.01,0
2186,32.67,26.29,0
2187,32.67,26.56,0
2188,32.39,26.56,0
2189,32.95,26.56,0
2190,32.67,26.84,0
2191,32.67,25.73,0
2192,32.67,26.84,0
2193,32.67,26.56,0
2194,32.67,26.01,0
2195,32.67,26.29,0
2196,32.67,26.29,0
2197,32.67,26.29,0
2198,32.67,26.29,0
2199,32.67,26.01,0
2200,32.67,26.84,0
2201,32.39,26.56,0
2202,32.95,26.29,0
2203,32.67,26.84,0
2204,32.67,26.56,0
2205,32.95,26.29,0
2206,32.67,26.29,0
2207,32.67,26.56,0
2208,32.67,26.29,0
2209,32.67,26.01,0
2210,32.67,26.84,0
2211,31.84,26.84,0
2212,32.39,26.84,0
2213,32.67,26.56,0
2214,32.95,26.56,0
2215,32.11,26.01,0
2216,32.67,26.56,0
2217,32.67,26.29,0
2218,31.56,26.01,0
2219,32.67,26.01,0
2220,32.39,26.29,0
2221,32.67,26.29,0
2222,32.67,26.56,0
2223,32.39,26.29,0
2224,32.67,26.29,0
2225,31.56,26.56,0
2226,32.67,26.01,0
2227,32.67,26.84,0
2228,32.67,26.29,0
2229,32.39,26.01,0
2230,32.39,26.56,0
2231,32.67,26.56,0
2232,32.39,26.29,0
2233,32.39,26.29,0
2234,31.56,26.29,0
2235,32.67,26.84,0
2236,32.11,26.56,0
2237,31.84,26.29,0
2238,32.11,26.01,0
2239,32.39,26.56,0
2240,32.67,26.56,0
2241,32.39,26.29,0
2242,32.39,26.29,0
2243,32.67,26.01,0
2244,31.84,26.01,0
2245,32.39,26.29,0
2246,32.39,26.29,0
2247,32.39,26.29,0
2248,32.39,26.56,0
2249,31.84,26.29,0
2250,32.67,26.29,0
2251,32.39,26.56,0
2252,32.39,26.56,0
2253,32.11,26.29,0
2254,32.39,26.01,0
2255,32.67,26.56,0
2256,32.39,26.56,0
2257,32.11,26.01,0
2258,32.39,26.56,0
2259,32.39,26.29,0
2260,31.84,26.29,0
2261,32.39,26.84,0
2262,32.11,26.29,0
2263,32.39,26.01,0
2264,31.84,26.29,0
2265,31.84,25.73,0
2266,32.39,26.56,0
2267,31.28,26.56,0
2268,32.11,26.56,0
2269,32.39,26.29,0
2270,31.56,26.29,0
2271,32.39,26.29,0
2272,31.84,26.01,0
2273,32.11,26.01,0
2274,32.67,26.01,0
2275,32.39,26.56,0
2276,32.39,26.56,0
2277,31.56,26.01,0
2278,31.84,26.29,0
2279,32.11,26.56,0
2280,31.28,26.29,0
2281,31.84,26.56,0
2282,32.11,26.56,0
2283,31.84,26.01,0
2284,32.39,26.56,0
2285,32.39,25.73,0
2286,32.11,26.56,0
2287,32.11,26.84,0
2288,32.11,26.29,0
2289,32.11,26.56,0
2290,31.28,26.84,0
2291,31.84,26.56,0
2292,31.56,26.56,0
2293,31.56,26.84,0
2294,31.56,26.56,0
2295,32.11,26.56,0
2296,32.11,26.01,0
2297,31.56,26.29,0
2298,31.84,26.56,0
2299,32.39,26.56,0
2300,32.39,26.56,0
2301,31.84,26.56,0
2302,31.84,26.56,0
2303,32.11,26.56,0
2304,32.11,26.56,0
2305,32.11,26.29,0
2306,31.56,26.56,0
2307,31.56,26.56,0
2308,31.56,26.56,0
2309,31.84,26.84,0
2310,32.11,26.56,0
2311,32.11,26.56,0
2312,32.11,26.56,0
2313,32.11,26.56,0
2314,31.28,26.29,0
2315,32.11,26.01,0
2316,31.84,26.56,0
2317,31.84,26.84,0
2318,31.84,25.73,0
2319,31.84,26.29,0
2320,32.11,26.01,0
2321,31.56,26.29,0
2322,32.11,26.56,0
2323,32.11,26.01,0
2324,32.11,26.29,0
2325,31.28,26.29,0
2326,32.11,26.56,0
2327,31.28,26.29,0
2328,31.56,26.56,0
2329,32.11,26.01,0
2330,31.28,26.84,0
2331,31.84,26.29,0
2332,31.56,26.56,0
2333,32.11,26.01,0
2334,31.56,26.56,0
2335,32.11,26.29,0
2336,31.56,26.84,0
2337,32.11,26.56,0
2338,31.56,26.56,0
2339,31.84,26.56,0
2340,31.56,26.01,0
2341,31.56,26.56,0
2342,31.56,26.56,0
2343,31.84,26.01,0
2344,31.84,26.56,0
2345,31.56,26.01,0
2346,31.84,26.29,0
2347,32.11,26.29,0
2348,31.28,26.56,0
2349,31.56,26.01,0
2350,31.84,26.56,0
2351,31.56,26.29,0
2352,31.56,25.73,0
2353,32.11,26.01,0
2354,32.11,26.56,0
2355,31.56,26.56,0
2356,30.73,26.56,0
2357,31.84,26.56,0
2358,31.28,26.56,0
2359,31.84,26.29,0
2360,31.84,26.56,0
2361,31.56,26.29,0
2362,31.56,26.01,0
2363,31.28,26.56,0
2364,31.56,26.56,0
2365,31.56,26.56,0
2366,31.84,26.29,0
2367,31.84,26.56,0
2368,31.56,26.56,0
2369,31.28,26.29,0
2370,31.28,26.01,0
2371,31.84,26.56,0
2372,31.84,26.56,0
2373,31.00,26.29,0
2374,31.84,26.56,0
2375,31.00,26.56,0
2376,31.56,26.29,0
2377,31.00,26.01,0
2378,31.84,26.01,0
2379,31.28,26.01,0
2380,31.84,26.56,0
2381,31.00,26.29,0
2382,31.28,26.56,0
2383,31.28,26.01,0
2384,31.00,26.56,0
2385,31.56,26.56,0
2386,31.56,26.29,0
2387,31.56,26.56,0
2388,31.56,26.56,0
2389,31.56,26.29,0
2390,31.56,26.01,0
2391,31.84,26.29,0
2392,31.00,26.56,0
2393,31.28,26.29,0
2394,31.56,26.01,0
2395,31.84,26.01,0
2396,31.28,26.56,0
2397,31.28,26.56,0
2398,31.84,26.01,0
2399,31.56,25.73,0
2400,31.84,26.29,0
2401,31.28,26.56,0
2402,31.84,26.56,0
2403,31.84,26.56,0
2404,31.28,26.01,0
2405,31.28,26.56,0
2406,31.56,26.29,0
2407,31.56,25.73,0
2408,31.00,26.56,0
2409,31.56,26.01,0
2410,31.56,25.73,0
2411,31.56,26.01,0
2412,31.56,26.01,0
2413,31.84,26.29,0
2414,31.00,26.56,0
2415,31.56,26.56,0
2416,31.84,26.56,0
2417,31.28,26.56,0
2418,31.56,26.84,0
2419,31.28,26.56,0
2420,31.84,26.29,0
2421,31.00,26.01,0
2422,31.56,26.56,0
2423,31.28,26.01,0
2424,31.00,26.56,0
2425,31.84,26.29,0
2426,31.56,26.56,0
2427,31.56,26.29,0
2428,31.28,26.56,0
2429,31.28,26.56,0
2430,31.56,25.73,0
2431,31.00,26.56,0
2432,31.84,26.01,0
2433,31.00,25.73,0
2434,31.56,26.56,0
2435,31.56,26.56,0
2436,31.00,26.01,0
2437,31.56,26.56,0
2438,31.28,26.56,0
2439,31.28,26.01,0
2440,31.28,26.56,0
2441,31.28,26.56,0
2442,31.28,26.84,0
2443,30.45,26.56,0
2444,31.00,26.01,0
2445,30.45,26.01,0
2446,31.28,26.56,0
2447,30.73,26.56,0
2448,31.56,26.29,0
2449,31.28,25.73,0
2450,31.00,26.01,0
2451,31.28,26.56,0
2452,31.00,26.56,0
2453,31.28,26.29,0
2454,31.28,26.01,0
2455,31.00,26.29,0
2456,31.28,26.01,0
2457,31.56,26.56,0
2458,30.73,25.73,0
2459,31.84,26.01,0
2460,31.28,26.01,0
2461,31.28,26.29,0
2462,31.28,26.56,0
2463,31.56,26.84,0
2464,31.28,26.84,0
2465,31.00,26.01,0
2466,31.00,26.01,0
2467,30.73,26.01,0
2468,31.28,25.73,0
2469,31.56,26.56,0
2470,31.28,26.01,0
2471,31.56,26.29,0
2472,31.00,26.01,0
2473,31.28,26.56,0
2474,31.56,26.01,0
2475,31.00,26.01,0
2476,31.00,26.29,0
2477,31.28,26.01,0
2478,31.00,26.56,0
2479,30.45,26.84,0
2480,31.00,26.29,0
2481,31.00,26.56,0
2482,30.73,26.01,0
2483,31.56,26.56,0
2484,30.73,26.56,0
2485,31.56,26.56,0
2486,31.00,26.01,0
2487,31.00,26.56,0
2488,30.73,26.56,0
2489,31.00,26.56,0
2490,31.00,26.01,0
2491,31.28,26.56,0
2492,30.73,26.29,0
2493,31.00,26.01,0
2494,31.28,26.01,0
2495,31.28,26.56,0
2496,31.00,25.73,0
2497,31.28,26.84,0
2498,30.73,26.56,0
2499,30.73,26.56,0
2500,30.73,26.84,0
2501,31.00,26.56,0
2502,30.73,26.29,0
2503,31.28,26.56,0
2504,31.00,26.01,0
2505,31.28,26.84,0
2506,30.73,26.56,0
2507,30.73,26.01,0
2508,31.00,26.01,0
2509,31.28,26.01,0
2510,31.56,26.56,0
2511,31.00,26.01,0
2512,30.45,26.29,0
2513,30.45,26.84,0
2514,31.28,26.29,0
2515,31.28,26.56,0
2516,30.73,26.84,0
2517,31.00,26.29,0
2518,30.73,26.01,0
2519,31.00,26.56,0
2520,30.73,26.56,0
2521,31.00,26.56,0
2522,31.28,25.73,0
2523,30.45,26.29,0
2524,31.00,26.01,0
2525,31.00,26.29,0
2526,30.73,26.29,0
2527,31.28,26.29,0
2528,31.00,26.56,0
2529,30.45,26.56,0
2530,31.00,26.56,0
2531,31.00,26.01,0
2532,30.73,26.29,0
2533,31.00,26.84,0
2534,30.73,26.56,0
2535,31.00,26.56,0
2536,30.17,26.84,0
2537,31.00,26.29,0
2538,31.00,26.56,0
2539,30.73,26.29,0
2540,30.17,26.29,0
2541,30.73,26.56,0
2542,31.00,26.56,0
2543,31.00,26.29,0
2544,30.73,26.56,0
2545,30.45,26.84,0
2546,31.00,26.56,0
2547,30.45,26.56,0
2548,31.00,26.29,0
2549,31.00,26.56,0
2550,31.00,26.29,0
2551,31.28,26.56,0
2552,30.45,26.56,0
2553,30.45,26.56,0
2554,31.00,26.29,0
2555,31.00,26.01,0
2556,31.00,26.56,0
2557,31.00,26.29,0
2558,30.45,26.56,0
2559,30.73,26.29,0
2560,30.45,26.01,0
2561,30.45,26.29,0
2562,30.73,26.56,0
2563,31.00,26.29,0
2564,30.45,26.29,0
2565,30.73,26.56,0
2566,30.45,26.84,0
2567,31.00,26.56,0
2568,30.73,26.84,0
2569,31.00,26.29,0
2570,31.00,26.84,0
2571,31.00,26.84,0
2572,31.00,26.01,0
2573,30.45,26.01,0
2574,31.00,26.29,0
2575,31.00,26.84,0
2576,30.73,26.56,0
2577,30.73,26.01,0
2578,30.73,25.73,0
2579,31.00,26.29,0
2580,31.00,26.01,0
2581,30.73,26.29,0
2582,30.73,26.56,0
2583,31.00,26.56,0
2584,31.00,26.56,0
2585,31.28,26.29,0
2586,30.73,26.29,0
2587,31.00,26.56,0
2588,31.00,26.56,0
2589,30.73,26.56,0
2590,30.45,26.01,0
2591,30.45,26.29,0
2592,31.00,26.29,0
2593,31.00,26.56,0
2594,30.73,26.56,0
2596,31.00,26.56,0
2597,30.73,26.29,0
2598,30.73,26.29,0
2599,31.00,26.56,0
2600,30.73,25.73,0
2601,30.73,26.56,0
2602,30.45,26.56,0
2603,30.73,26.84,0
2604,30.73,26.84,0
2605,30.45,26.29,0
2606,31.28,26.29,0
2607,31.00,26.29,0
2608,30.45,26.56,0
2609,31.00,26.56,0
2610,30.73,26.56,0
2611,30.45,26.29,0
2612,31.00,26.29,0
2613,30.17,26.01,0
2614,31.00,26.29,0
2615,30.73,26.56,0
2616,30.73,26.56,0
2617,30.45,26.56,0
2618,30.17,26.01,0
2619,30.73,26.29,0
2620,30.73,26.29,0
2621,30.45,26.56,0
2622,30.45,26.29,0
2623,30.45,26.29,0
2624,29.89,26.29,0
2625,30.17,26.01,0
2626,30.17,26.56,0
2627,29.89,26.29,0
2628,30.17,26.29,0
2629,31.00,26.29,0
2630,30.45,26.29,0
2631,30.17,26.29,0
2632,30.45,26.29,0
2633,30.45,26.84,0
2634,30.73,26.29,0
2635,30.73,26.01,0
2636,30.73,26.56,0
2637,30.73,26.01,0
2638,30.73,26.29,0
2639,31.00,26.01,0
2640,30.17,26.29,0
2641,30.73,26.29,0
2642,30.17,26.56,0
2643,30.73,26.56,0
2644,30.73,26.29,0
2645,30.17,26.56,0
2646,30.45,26.84,0
2647,30.17,26.56,0
2648,30.17,26.29,0
2649,30.45,26.29,0
2650,30.17,26.56,0
2651,30.17,26.29,0
2652,30.45,26.84,0
2653,30.45,26.84,0
2654,30.45,26.84,0
2655,30.45,26.56,0
2656,30.73,26.56,0
2657,30.45,26.01,0
2658,30.73,26.56,0
2659,30.73,26.84,0
2660,30.73,26.01,0
2661,29.89,26.84,0
2662,30.45,26.56,0
2663,30.73,26.84,0
2664,29.89,26.56,0
2665,30.17,26.56,0
2666,30.73,26.01,0
2667,30.17,26.56,0
2668,30.45,26.56,0
2669,30.45,26.56,0
2670,30.45,26.01,0
2671,30.17,26.01,0
2672,30.17,26.56,0
2673,30.45,26.56,0
2674,30.45,26.29,0
2675,30.73,26.01,0
2676,31.00,26.01,0
2677,30.73,26.01,0
2678,30.45,26.29,0
2679,30.73,26.01,0
2680,30.73,26.29,0
2681,29.89,26.56,0
2682,30.45,26.01,0
2683,30.45,26.29,0
2684,30.17,26.01,0
2685,30.73,26.01,0
2686,30.45,26.01,0
2687,30.17,26.56,0
2688,30.73,26.29,0
2689,31.00,26.29,0
2690,30.45,26.01,0
2691,30.73,26.01,0
2692,30.73,25.73,0
2693,30.17,26.01,0
2694,30.45,26.84,0
2695,30.73,26.29,0
2696,30.73,26.84,0
2697,31.00,26.29,0
2698,30.45,26.84,0
2699,30.45,26.29,0
2700,30.45,26.84,0
2701,30.73,26.84,0
2702,30.45,26.01,0
2703,30.73,26.29,0
2704,30.73,26.29,0
2705,30.73,26.56,0
2706,30.17,26.56,0
2707,29.89,26.29,0
2708,29.62,26.84,0
2709,30.73,26.56,0
2710,30.45,26.29,0
2711,30.73,26.84,0
2712,29.89,26.56,0
2713,29.89,26.56,0
2714,30.17,26.29,0
2715,30.73,26.29,0
2716,29.89,26.29,0
2717,30.17,26.84,0
2718,30.45,26.01,0
2719,30.45,26.56,0
2720,30.17,26.56,0
2721,30.73,26.84,0
2722,29.89,26.56,0
2723,30.17,26.01,0
2724,30.45,26.01,0
2725,30.45,26.56,0
2726,30.73,26.56,0
2727,30.17,26.29,0
2728,30.45,26.56,0
2729,30.45,26.56,0
2730,29.89,26.01,0
2731,30.17,26.01,0
2732,30.17,26.56,0
2733,30.73,26.29,0
2734,30.73,26.84,0
2735,29.89,26.56,0
2736,30.17,26.29,0
2737,30.45,26.01,0
2738,30.17,26.56,0
2739,30.45,26.56,0
2740,30.17,26.29,0
2741,30.73,26.56,0
2742,29.89,26.56,0
2743,29.89,25.45,0
2744,30.17,26.56,0
2745,30.45,26.29,0
2746,30.17,26.56,0
2747,30.73,26.29,0
2748,30.17,26.29,0
2749,30.17,26.29,0
2750,30.45,26.29,0
2751,30.73,26.01,0
2752,30.17,26.84,0
2753,30.45,26.01,0
2754,30.17,26.56,0
2755,30.73,26.29,0
2756,30.73,25.73,0
2757,30.17,26.56,0
2758,30.17,26.29,0
2759,30.45,26.29,0
2760,30.73,26.56,0
2761,30.17,26.29,0
2762,30.45,25.73,0
2763,30.73,26.29,0
2764,29.89,26.29,0
2765,29.89,26.29,0
2766,30.45,26.84,0
2767,29.34,26.29,0
2768,30.45,26.29,0
2769,30.17,26.56,0
2770,30.17,26.29,0
2771,29.89,26.01,0
2772,30.17,26.29,0
2773,29.89,26.84,0
2774,29.89,26.56,0
2775,30.45,26.84,0
2776,30.45,26.56,0
2777,30.45,26.56,0
2778,30.17,26.01,0
2779,29.89,26.56,0
2780,29.89,26.01,0
2781,30.45,26.29,0
2782,30.17,26.56,0
2783,29.62,26.56,0
2784,30.17,26.29,0
2785,29.89,26.29,0
2786,30.45,26.29,0
2787,29.89,26.56,0
2788,29.62,26.29,0
2789,30.45,26.56,0
2790,29.89,26.56,0
2791,30.17,26.56,0
2792,29.62,26.29,0
2793,30.73,26.29,0
2794,30.17,26.29,0
2795,30.45,26.84,0
2796,30.17,26.01,0
2797,29.89,26.01,0
2798,29.89,26.56,0
2799,30.45,26.84,0
2800,30.45,27.12,0
2801,30.17,26.29,0
2802,30.45,26.56,0
2803,30.45,26.56,0
2804,29.89,26.56,0
2805,29.89,26.56,0
2806,29.62,26.01,0
2807,29.89,26.56,0
2808,30.17,26.29,0
2809,29.89,26.56,0
2810,30.17,26.56,0
2811,30.45,26.84,0
2812,30.45,26.56,0
2813,30.45,26.56,0
2814,30.17,25.73,0
2815,30.45,26.84,0
2816,29.89,26.01,0
2817,30.17,26.01,0
2818,29.89,26.29,0
2819,29.89,26.56,0
2820,30.17,26.56,0
2821,30.17,26.84,0
2822,30.17,26.84,0
2823,29.62,26.29,0
2824,29.34,26.56,0
2825,30.45,26.29,0
2826,30.17,26.84,0
2827,29.89,26.84,0
2828,30.17,26.84,0
2829,29.62,26.56,0
2830,29.89,26.29,0
2831,30.17,26.56,0
2832,29.62,26.01,0
2833,29.89,26.56,0
2834,30.17,26.56,0
2835,30.17,26.56,0
2836,29.34,26.29,0
2837,29.62,26.56,0
2838,30.17,26.56,0
2839,29.34,26.84,0
2840,29.89,26.56,0
2841,29.62,26.56,0
2842,29.62,26.29,0
2843,29.89,26.29,0
2844,30.17,26.01,0
2845,30.17,26.29,0
2846,29.89,26.56,0
2847,30.17,26.84,0
2848,30.17,26.56,0
2849,30.17,26.56,0
2850,29.89,26.29,0
2851,30.45,26.01,0
2852,30.17,26.56,0
2853,29.62,26.84,0
2854,29.89,26.56,0
2855,30.17,25.73,0
2856,30.17,26.56,0
2857,29.89,26.56,0
2858,29.89,26.56,0
2859,29.89,26.84,0
2860,29.89,26.84,0
2861,29.89,26.56,0
2862,30.17,26.56,0
2863,30.45,26.56,0
2864,29.62,26.29,0
2865,29.89,26.56,0
2866,29.89,26.56,0
