0,27.12,25.17,45
1,27.95,24.90,45
2,28.51,25.17,45
3,28.51,24.90,45
4,28.23,25.73,45
5,28.23,25.17,45
6,29.06,25.73,45
7,28.51,26.01,45
8,28.78,26.01,45
9,27.95,25.73,45
10,28.23,26.01,45
11,27.95,26.01,45
12,28.51,26.29,45
13,28.78,25.73,45
14,28.51,26.29,45
15,28.78,26.56,45
16,28.23,26.29,45
17,28.51,26.29,45
18,28.23,26.29,45
19,29.06,26.29,45
20,28.51,26.56,45
21,29.06,26.29,45
22,28.78,26.01,45
23,29.34,26.29,45
24,29.06,25.45,45
25,29.06,26.56,45
26,28.51,26.01,45
27,29.06,26.29,45
28,29.06,26.01,45
29,29.62,26.29,45
30,29.34,26.01,45
31,29.34,26.29,45
32,29.34,26.29,45
33,29.34,25.73,45
34,29.34,26.29,45
35,29.62,26.01,45
36,29.34,26.29,45
37,29.34,26.56,45
38,29.62,26.29,45
39,29.62,26.29,45
40,29.34,26.29,45
41,29.34,26.29,45
42,29.62,26.01,45
43,29.06,26.29,45
44,29.62,26.29,45
45,29.06,26.56,45
46,29.34,26.56,45
47,29.62,26.29,45
48,29.34,26.56,45
49,29.62,26.01,45
50,29.34,26.56,45
51,29.06,26.01,45
52,29.89,26.01,45
53,29.62,26.29,45
54,29.06,26.29,45
55,29.62,26.29,45
56,29.34,26.01,45
57,29.62,26.56,45
58,29.89,26.56,45
59,29.89,26.01,45
60,30.17,26.29,45
61,29.34,26.29,45
62,29.89,26.56,45
63,29.62,26.29,45
64,29.89,26.01,45
65,29.89,26.29,45
66,29.89,26.01,45
67,29.34,26.29,45
68,30.17,26.29,45
69,29.89,26.56,45
70,29.89,26.56,45
71,29.89,26.01,45
72,30.17,26.29,45
73,30.17,26.01,45
74,30.17,26.01,45
75,30.45,25.73,45
76,30.17,26.29,45
77,29.62,25.73,45
78,29.89,26.29,45
79,30.17,26.29,45
80,29.62,25.73,45
81,30.45,26.01,45
82,30.45,26.29,45
83,30.45,26.01,45
84,29.89,26.01,45
85,30.45,26.29,45
86,29.89,26.29,45
87,30.73,26.29,45
88,29.62,25.73,45
89,30.17,26.56,45
90,30.17,26.29,45
91,30.17,26.29,45
92,29.89,26.29,45
93,30.17,26.01,45
94,30.45,25.73,45
95,29.89,25.73,45
96,30.17,26.29,45
97,30.73,26.29,45
98,30.17,25.73,45
99,30.45,25.17,45
100,30.45,26.29,45
101,30.45,26.29,45
102,30.45,26.29,45
103,30.73,26.29,45
104,29.62,26.29,45
105,30.17,26.29,45
106,30.73,25.73,45
107,30.45,26.29,45
108,30.45,25.45,45
109,30.45,26.29,45
110,30.73,26.01,45
111,30.17,26.29,45
112,30.73,25.73,45
113,30.17,26.29,45
114,30.45,26.29,45
115,30.17,25.73,45
116,30.45,26.29,45
117,30.45,26.01,45
118,30.73,26.01,45
119,30.73,26.01,45
120,30.73,26.29,45
121,30.17,26.29,45
122,31.00,26.01,45
123,31.00,26.01,45
124,31.00,26.29,45
125,30.17,26.29,45
126,30.73,26.29,45
127,30.45,26.01,45
128,31.00,26.29,45
129,30.73,25.73,45
130,31.28,25.73,45
131,31.28,26.29,45
132,31.00,26.29,45
133,31.00,25.73,45
134,30.73,26.01,45
135,31.00,26.29,45
136,30.73,26.01,45
137,31.28,25.73,45
138,30.73,26.29,45
139,30.73,26.01,45
140,30.73,25.73,45
141,30.45,26.29,45
142,31.28,26.29,45
143,31.00,26.56,45
144,31.00,26.56,45
145,31.00,25.73,45
146,31.00,26.29,45
147,31.00,26.01,45
148,30.73,26.01,45
149,31.56,26.01,45
150,30.45,26.01,45
151,31.28,26.29,45
152,31.56,26.29,45
153,31.56,26.29,45
154,31.56,26.29,45
155,31.00,26.01,45
156,31.28,25.73,45
157,31.00,25.73,45
158,31.28,26.29,45
159,30.45,26.01,45
160,31.28,26.01,45
161,31.56,26.01,45
162,30.17,26.29,45
163,31.56,25.73,45
164,31.00,26.01,45
165,31.28,26.29,45
166,31.56,26.29,45
167,31.56,25.73,45
168,31.00,25.73,45
169,31.28,25.73,45
170,31.28,25.73,45
171,31.28,26.29,45
172,31.00,26.01,45
173,31.00,26.01,45
174,31.56,25.45,45
175,31.56,26.01,45
176,31.56,26.01,45
177,31.56,26.01,45
178,31.28,25.73,45
179,31.56,26.01,45
180,31.28,26.56,45
181,31.56,26.01,45
182,31.28,26.01,45
183,31.84,26.01,45
184,31.00,26.29,45
185,31.00,25.73,45
186,31.84,26.01,45
187,31.84,26.56,45
188,31.28,26.01,45
189,31.84,26.56,45
190,31.84,26.01,45
191,31.84,26.01,45
192,31.28,25.45,45
193,31.84,25.73,45
194,31.56,26.29,45
195,31.84,26.01,45
196,31.56,25.73,45
197,31.00,25.73,45
198,31.84,25.73,45
199,31.84,25.45,45
200,31.28,26.29,45
201,31.28,25.73,45
202,31.56,26.56,45
203,31.84,25.45,45
204,31.56,26.29,45
205,31.84,25.73,45
206,32.11,26.29,45
207,31.84,26.01,45
208,31.28,26.29,45
209,31.28,26.01,45
210,31.84,26.29,45
211,32.11,26.01,45
212,32.11,26.29,45
213,31.28,26.29,45
214,32.11,25.73,45
215,32.11,26.01,45
216,31.56,26.29,45
217,31.56,26.29,45
218,32.11,25.73,45
219,31.56,26.01,45
220,31.28,25.73,45
221,32.11,26.01,45
222,32.11,26.01,45
223,31.84,26.29,45
224,31.56,26.01,45
225,31.56,26.01,45
226,31.84,26.29,45
227,31.84,26.01,45
228,31.84,26.29,45
229,32.11,26.29,45
230,32.11,26.29,45
231,32.11,25.73,45
232,32.11,25.73,45
233,31.28,26.01,45
234,32.11,26.01,45
235,32.39,25.73,45
236,32.11,26.29,45
237,32.11,26.01,45
238,32.11,26.29,45
239,32.39,26.29,45
240,31.84,25.73,45
241,32.11,26.29,45
242,32.11,26.29,45
243,32.39,26.01,45
244,32.39,25.73,45
245,32.11,26.29,45
246,31.84,26.29,45
247,31.56,26.01,45
248,31.84,26.29,45
249,32.39,26.01,45
250,32.67,26.29,45
251,32.39,26.29,45
252,32.39,26.29,45
253,32.39,26.29,45
254,32.11,26.29,45
255,32.11,26.01,45
256,32.39,26.01,45
257,32.39,25.45,45
258,32.39,26.01,45
259,31.84,26.01,45
260,32.11,26.29,45
261,32.67,26.01,45
262,32.67,26.29,45
263,32.39,26.29,45
264,32.39,26.01,45
265,31.84,25.73,45
266,32.67,25.73,45
267,32.67,25.45,45
268,32.67,25.45,45
269,32.95,26.29,45
270,32.39,25.73,45
271,32.39,26.29,45
272,32.39,25.73,45
273,32.67,25.73,45
274,32.39,26.29,45
275,32.67,25.73,45
276,32.67,26.29,45
277,32.11,26.01,45
278,32.39,26.01,45
279,32.67,26.56,45
280,32.67,26.01,45
281,32.67,26.29,45
282,32.67,25.73,45
283,32.39,26.29,45
284,32.39,26.29,45
285,32.67,25.73,45
286,32.67,25.73,45
287,32.39,25.73,45
288,32.67,26.01,45
289,32.95,26.01,45
290,32.67,26.29,45
291,31.84,26.29,45
292,32.67,26.29,45
293,32.67,26.01,45
294,32.67,26.29,45
295,32.67,25.45,45
296,32.67,26.29,45
297,32.11,26.29,45
298,32.67,26.01,45
299,32.67,26.29,45
300,33.22,26.56,45
301,32.67,26.29,45
302,32.39,26.01,45
303,32.95,26.29,45
304,32.95,25.17,45
305,32.67,25.73,45
306,32.67,25.73,45
307,32.95,26.29,45
308,32.95,26.29,45
309,32.67,25.73,45
310,32.67,26.29,45
311,32.39,26.29,45
312,32.11,26.56,45
313,32.67,26.29,45
314,32.67,25.45,45
315,33.22,25.73,45
316,33.22,26.29,45
317,32.95,26.29,45
318,32.67,26.01,45
319,32.39,26.56,45
320,32.67,26.29,45
321,32.95,26.01,45
322,33.22,26.29,45
323,32.95,25.45,45
324,32.95,25.73,45
325,32.39,26.29,45
326,32.95,25.45,45
327,32.95,26.01,45
328,32.95,26.01,45
329,33.22,25.73,45
330,32.95,25.45,45
331,32.95,26.29,45
332,32.95,26.29,45
333,32.67,26.29,45
334,33.22,26.29,45
335,33.22,26.29,45
336,33.22,25.73,45
337,32.95,25.73,45
338,32.95,26.29,45
339,33.22,25.73,45
340,33.50,25.73,45
341,32.95,26.01,45
342,33.22,25.73,45
343,32.95,26.01,45
344,32.95,25.73,45
345,32.95,25.45,45
346,32.95,26.01,45
347,32.67,26.29,45
348,32.67,26.29,45
349,32.95,25.73,45
350,33.22,25.73,45
351,32.95,26.29,45
352,32.67,26.29,45
353,33.22,26.01,45
354,32.95,26.29,45
355,32.67,26.29,45
356,33.22,26.01,45
357,32.95,26.29,45
358,32.67,26.29,45
359,33.22,26.29,45
360,33.22,25.73,45
361,32.95,26.29,45
362,32.95,26.01,45
363,32.95,26.29,45
364,33.22,26.29,45
365,33.50,26.01,45
366,32.67,25.73,45
367,33.50,26.29,45
368,33.22,26.29,45
369,32.95,25.73,45
370,33.22,26.29,45
371,32.95,26.29,45
372,33.22,26.29,45
373,33.22,25.73,45
374,33.22,26.29,45
375,33.22,26.29,45
376,33.50,26.29,45
377,33.50,25.17,45
378,33.78,26.29,45
379,32.95,26.29,45
380,33.50,26.29,45
381,33.78,26.29,45
382,32.95,26.29,45
383,33.50,26.29,45
384,33.50,26.01,45
385,33.22,26.01,45
386,33.22,26.01,45
387,33.50,26.01,45
388,33.50,26.29,45
389,33.50,26.29,45
390,33.50,26.29,45
391,33.22,26.29,45
392,33.22,26.29,45
393,33.50,26.01,45
394,33.22,26.01,45
395,33.22,26.29,45
396,32.67,26.29,45
397,32.95,26.01,45
398,33.22,26.56,45
399,33.22,26.29,45
400,33.22,26.29,45
401,33.22,25.73,45
402,33.50,26.29,45
403,33.78,26.29,45
404,33.22,26.29,45
405,33.50,25.73,45
406,33.78,26.29,45
407,33.78,25.45,45
408,32.95,26.29,45
409,33.22,26.29,45
410,33.78,26.01,45
411,33.78,25.73,45
412,33.50,26.29,45
413,33.50,25.45,45
414,33.78,25.73,45
415,33.78,25.45,45
416,33.78,26.29,45
417,33.22,26.01,45
418,32.95,26.01,45
419,34.06,26.01,45
420,33.50,26.29,45
421,33.22,26.01,45
422,33.22,25.73,45
423,33.22,26.01,45
424,33.22,26.29,45
425,33.50,26.29,45
426,33.50,26.01,45
427,33.78,26.01,45
428,32.95,25.73,45
429,33.50,26.29,45
430,33.50,25.73,45
431,33.78,26.29,45
432,33.78,26.29,45
433,33.22,26.01,45
434,33.22,26.29,45
435,33.50,26.29,45
437,33.78,26.29,45
438,34.06,26.01,45
439,33.50,26.29,45
440,34.06,26.29,45
441,33.50,26.56,45
442,33.22,26.01,45
443,34.06,26.29,45
444,34.06,26.01,45
445,34.06,25.73,45
446,34.06,26.56,45
447,33.50,26.01,45
448,34.06,26.29,45
449,33.50,26.01,45
450,33.78,25.73,45
451,33.78,26.01,45
452,33.78,26.01,45
453,33.78,26.29,45
454,33.50,26.01,45
455,33.50,26.01,45
456,34.06,26.01,45
457,34.06,26.29,45
458,33.50,26.29,45
459,33.78,26.01,45
460,33.50,26.01,45
461,34.06,26.01,45
462,34.06,26.01,45
463,32.95,25.73,45
464,33.22,26.01,45
465,33.50,26.29,45
466,33.78,26.29,45
467,34.06,26.01,45
468,33.78,26.01,45
469,33.78,26.01,45
470,33.78,26.01,45
471,34.33,26.01,45
472,33.50,26.29,45
473,34.06,25.73,45
474,33.50,26.01,45
475,33.78,26.29,45
476,33.78,26.29,45
477,33.78,25.73,45
478,33.50,26.29,45
479,34.06,25.73,45
480,33.22,26.01,45
481,34.06,26.29,45
482,33.50,26.01,45
483,34.06,26.01,45
484,34.06,26.01,45
485,33.22,26.29,45
486,33.50,26.29,45
487,33.78,26.29,45
488,33.78,25.73,45
489,33.78,26.56,45
490,34.06,25.73,45
491,34.33,26.56,45
492,34.06,25.73,45
493,33.78,25.73,45
494,33.50,26.56,45
495,33.50,26.01,45
496,34.06,26.29,45
497,34.06,26.56,45
498,33.78,26.29,45
499,34.33,26.01,45
500,33.50,26.29,45
501,34.06,25.73,45
502,34.33,25.73,45
503,33.50,26.01,45
504,34.33,26.29,45
505,34.06,26.56,45
506,34.06,26.29,45
507,34.33,26.29,45
508,34.33,26.29,45
509,34.06,25.73,45
510,34.33,26.01,45
511,34.33,25.73,45
512,34.06,26.01,45
513,34.33,26.01,45
514,33.78,26.29,45
515,34.33,25.73,45
516,33.78,26.29,45
517,34.06,26.01,45
518,34.33,26.29,45
519,34.06,26.29,45
520,34.06,26.01,45
521,33.78,26.01,45
522,34.06,26.01,45
523,33.78,25.73,45
524,33.78,26.01,45
525,33.50,26.29,45
526,34.61,26.29,45
527,34.06,25.73,45
528,34.06,26.29,45
529,33.22,25.73,45
530,34.33,26.29,45
531,34.33,26.01,45
532,34.33,26.01,45
533,34.33,26.29,45
534,34.33,26.29,45
535,34.33,26.01,45
536,34.06,25.73,45
537,33.78,26.01,45
538,34.06,25.73,45
539,34.33,26.29,45
540,34.06,25.73,45
541,34.06,25.73,45
542,34.61,25.73,45
543,34.06,26.29,45
544,33.78,25.73,45
545,34.06,26.29,45
546,34.06,26.01,45
547,33.78,26.29,45
548,34.33,25.73,45
549,33.78,26.01,45
550,33.78,26.29,45
551,33.50,26.29,45
552,34.33,26.01,45
553,34.33,25.73,45
554,34.33,26.29,45
555,34.33,26.01,45
556,34.06,26.29,45
557,33.78,26.56,45
558,34.33,26.01,45
559,33.78,26.29,45
560,34.33,26.56,45
561,34.06,25.73,45
562,34.61,26.01,45
563,34.89,26.01,45
564,34.06,26.84,45
565,34.61,26.01,45
566,34.33,26.29,45
567,34.33,26.29,45
568,34.33,26.56,45
569,34.06,26.56,45
570,34.06,26.01,45
571,34.06,26.01,45
572,34.33,26.29,45
573,34.33,26.29,45
574,33.78,25.73,45
575,34.61,25.73,45
576,34.06,26.29,45
577,33.78,26.56,45
578,34.61,26.01,45
579,34.61,26.01,45
580,34.33,26.29,45
581,34.61,26.29,45
582,34.06,26.56,45
583,34.06,26.01,45
584,34.33,26.01,45
585,34.06,26.29,45
586,34.33,26.29,45
587,34.61,26.29,45
588,34.33,26.01,45
589,33.78,25.17,45
590,34.06,26.01,45
591,34.33,26.01,45
592,34.61,26.01,45
593,34.61,26.01,45
594,34.06,25.73,45
595,33.50,26.01,45
596,34.61,25.73,45
597,34.33,25.73,45
598,34.33,26.29,45
599,34.33,26.56,45
600,34.33,26.29,45
601,33.50,25.73,45
602,34.33,26.01,45
603,34.33,25.73,45
604,34.61,26.29,45
605,34.61,26.29,45
606,34.61,26.29,45
607,34.06,26.29,45
608,34.61,25.73,45
609,34.61,26.01,45
610,34.06,26.01,45
611,34.61,26.01,45
612,34.33,26.01,45
613,34.33,26.01,45
614,34.06,26.29,45
615,34.33,26.29,45
616,33.78,26.29,45
617,34.33,25.73,45
618,34.33,26.29,45
619,33.78,26.56,45
620,34.06,26.01,45
621,34.61,26.01,45
622,34.89,25.45,45
623,34.33,26.56,45
624,34.33,26.29,45
625,34.61,26.29,45
626,34.33,26.29,45
627,34.33,26.29,45
628,34.33,26.29,45
629,34.89,26.01,45
630,34.33,26.01,45
631,34.61,25.73,45
632,34.06,26.29,45
633,33.78,25.45,45
634,34.61,26.29,45
635,34.89,26.29,45
636,34.06,26.01,45
637,34.06,25.73,45
638,34.33,26.01,45
639,34.61,26.29,45
640,34.33,26.01,45
641,34.06,26.29,45
642,34.61,26.29,45
643,33.50,26.01,45
644,34.61,26.29,45
645,34.33,26.01,45
646,34.61,26.29,45
647,34.61,25.73,45
648,34.61,25.73,45
649,34.06,26.01,45
650,34.89,26.56,45
651,34.89,25.73,45
652,34.61,25.73,45
653,34.61,25.73,45
654,34.33,26.29,45
655,34.61,26.29,45
656,34.06,26.01,45
657,34.89,25.45,45
658,34.33,26.29,45
659,34.61,26.29,45
660,34.06,26.01,45
661,34.06,26.01,45
662,34.33,26.01,45
663,34.61,26.29,45
664,34.61,26.29,45
665,34.61,26.01,45
666,34.61,26.29,45
667,34.89,26.56,45
668,33.78,25.73,45
669,34.06,25.73,45
670,35.17,25.73,45
671,34.61,26.29,45
672,34.06,26.29,45
673,34.61,26.29,45
674,34.61,26.29,45
675,34.61,26.29,45
676,34.89,25.45,45
677,34.61,26.01,45
678,34.61,26.29,45
679,34.61,26.01,45
680,34.33,26.01,45
681,34.61,25.73,45
682,34.61,26.29,45
683,34.33,26.29,45
684,34.61,26.56,45
685,34.89,26.29,45
686,34.61,25.45,45
687,34.33,25.73,45
688,34.61,26.29,45
689,34.61,25.45,45
690,34.89,25.73,45
691,34.61,26.29,45
692,34.61,26.29,45
693,34.61,26.01,45
694,34.89,26.01,45
695,34.89,26.29,45
696,34.33,25.45,45
697,34.06,26.29,45
698,34.33,26.29,45
699,34.06,26.29,45
700,34.89,26.01,45
701,34.06,26.29,45
702,34.89,26.01,45
703,34.89,25.73,45
704,34.61,25.45,45
705,34.61,26.56,45
706,34.61,25.73,45
707,34.89,26.29,45
708,34.89,26.56,45
709,34.61,25.45,45
710,34.33,26.01,45
711,34.61,26.29,45
712,34.33,26.01,45
713,34.61,25.73,45
714,34.33,26.29,45
715,34.33,26.29,45
716,34.89,25.73,45
717,34.89,26.29,45
718,34.89,26.56,45
719,34.89,26.29,45
720,34.61,26.29,45
721,34.33,25.73,45
722,34.61,26.29,45
723,34.89,26.29,45
724,34.89,25.73,45
725,34.89,26.29,45
726,34.33,26.01,45
727,34.89,26.56,45
728,34.61,26.29,45
729,34.89,26.29,45
730,34.89,25.73,45
731,34.61,26.01,45
732,34.33,26.01,45
733,34.89,26.29,45
734,34.33,26.01,45
735,34.61,26.29,45
736,34.89,26.29,45
737,34.89,26.29,45
738,34.89,26.29,45
739,34.33,25.45,45
740,34.89,26.01,45
741,34.89,25.45,45
742,34.61,26.29,45
743,34.89,26.01,45
744,34.61,25.73,45
745,34.89,26.29,45
746,34.33,25.73,45
747,34.89,26.29,45
748,34.89,26.01,45
749,34.61,25.73,45
750,34.89,26.29,45
751,34.61,26.01,45
752,34.61,25.73,45
753,34.61,26.01,45
754,34.61,26.29,45
755,34.61,26.29,45
756,34.61,26.29,45
757,34.61,26.29,45
758,34.89,26.29,45
759,34.89,26.29,45
760,34.06,26.29,45
761,34.33,26.29,45
762,34.89,26.29,45
763,34.61,26.29,45
764,34.89,25.45,45
765,34.33,26.29,45
766,34.61,25.73,45
767,34.89,26.29,45
768,34.61,26.29,45
769,34.61,26.29,45
770,34.61,25.73,45
771,34.89,25.73,45
772,35.17,26.01,45
773,34.89,26.29,45
774,34.89,26.29,45
775,35.17,25.73,45
776,35.17,25.73,45
777,34.89,26.01,45
778,34.89,26.29,45
779,34.89,26.29,45
780,34.61,26.29,45
781,34.61,26.29,45
782,34.33,26.29,45
783,35.45,25.73,45
784,34.61,26.29,45
785,35.17,25.73,45
786,34.61,25.73,45
787,34.61,26.29,45
788,34.33,26.56,45
789,35.17,25.45,45
790,34.89,26.29,45
791,34.61,26.29,45
792,34.89,26.29,45
793,35.17,26.01,45
794,34.89,26.01,45
795,35.17,25.73,45
796,34.89,26.29,45
797,34.61,26.01,45
798,35.17,26.29,45
799,34.89,26.29,45
800,35.17,26.29,45
801,34.61,26.01,45
802,34.61,25.73,45
803,34.89,26.01,45
804,34.89,26.01,45
805,35.17,26.29,45
806,34.89,26.29,45
807,34.61,25.73,45
808,34.61,26.29,45
809,34.61,25.73,45
810,34.89,26.29,45
811,34.61,26.01,45
812,34.61,25.45,45
813,34.61,26.01,45
814,34.33,26.01,45
815,34.61,26.29,45
816,34.33,26.29,45
817,34.33,26.29,45
818,34.61,25.17,45
819,34.33,26.29,45
820,34.89,26.29,45
821,34.61,25.73,45
822,34.89,25.73,45
823,34.61,25.17,45
824,34.89,26.01,45
825,34.61,26.01,45
826,35.17,26.29,45
827,34.89,26.29,45
828,34.61,26.29,45
829,34.33,25.73,45
830,34.33,26.29,45
831,34.89,26.01,45
832,35.17,26.29,45
833,35.17,26.29,45
834,34.33,26.01,45
835,34.89,26.29,45
836,34.33,26.01,45
837,35.17,26.29,45
838,34.89,26.29,45
839,34.89,26.01,45
840,34.61,26.01,45
841,34.89,26.56,45
842,34.61,26.29,45
843,34.89,26.29,45
844,34.89,25.73,45
845,34.61,26.56,45
846,35.45,26.29,45
847,34.89,25.73,45
848,34.61,26.01,45
849,34.33,26.01,45
850,35.17,26.01,45
851,34.89,26.01,45
852,35.17,26.29,45
853,35.17,26.29,45
854,35.17,26.29,45
855,35.17,26.29,45
856,35.45,26.01,45
857,34.89,26.01,45
858,34.89,26.29,45
859,34.61,26.29,45
860,34.06,26.01,45
861,34.61,26.01,45
862,34.89,26.29,45
863,35.17,25.73,45
864,34.89,26.01,45
865,35.45,26.29,45
866,34.89,26.29,45
867,35.17,26.29,45
868,35.45,26.29,45
869,34.61,26.01,45
870,34.89,26.01,45
872,34.61,26.29,45
873,35.17,26.01,45
874,35.17,26.01,45
875,35.17,26.29,45
876,35.45,26.01,45
877,34.61,26.01,45
878,35.17,26.01,45
879,34.89,26.01,45
880,34.89,26.01,45
881,35.45,25.73,45
882,34.89,26.29,45
883,35.45,25.73,45
884,35.17,26.01,45
885,35.17,26.29,45
886,35.17,26.29,45
887,34.89,26.01,45
888,34.89,25.73,45
889,34.89,25.73,45
890,34.89,26.29,45
891,35.17,26.01,45
892,34.89,26.01,45
893,34.61,26.29,45
894,34.89,26.29,45
895,34.89,26.29,45
896,35.17,26.29,45
897,34.89,26.29,45
898,35.45,26.01,45
899,35.17,26.01,45
900,35.17,26.01,45
901,35.17,26.29,45
902,34.89,26.01,45
903,35.45,25.73,45
904,35.17,25.73,45
905,35.45,25.73,45
906,35.17,26.01,45
907,34.89,26.01,45
908,35.17,25.73,45
909,34.89,26.29,45
910,34.61,26.01,45
911,34.61,25.73,45
912,35.17,25.73,45
913,35.17,26.01,45
914,34.89,25.73,45
915,35.17,25.73,45
916,34.89,25.73,45
917,35.17,26.29,45
918,35.45,26.01,45
919,34.89,26.01,45
920,35.17,25.45,45
921,34.89,26.01,45
922,34.33,26.01,45
923,34.61,26.01,45
924,35.17,25.73,45
925,34.61,26.01,45
926,35.17,25.73,45
927,34.89,25.45,45
928,35.17,26.01,45
929,35.17,26.01,45
930,34.61,26.01,45
931,34.89,25.73,45
932,34.33,25.73,45
933,35.45,25.45,45
934,34.89,26.29,45
935,35.45,26.01,45
936,34.61,26.29,45
937,34.89,26.01,45
938,35.17,26.01,45
939,34.89,26.01,45
940,34.89,26.01,45
941,35.17,26.01,45
942,34.89,26.01,45
943,34.89,25.73,45
944,34.89,26.01,45
945,35.45,26.29,45
946,34.61,26.01,45
947,35.72,25.73,45
948,34.89,26.56,45
949,35.17,26.29,45
950,35.45,26.56,45
951,35.17,26.01,45
952,34.61,26.56,45
953,34.89,26.01,45
954,34.61,25.73,45
955,34.89,26.01,45
956,34.33,26.01,45
957,35.17,26.29,45
958,35.45,26.01,45
959,35.17,26.01,45
960,35.17,26.29,45
961,35.45,26.01,45
962,34.89,26.01,45
963,35.45,25.73,45
964,35.17,25.73,45
965,35.17,26.01,45
966,34.89,26.29,45
967,34.89,26.29,45
968,34.89,25.73,45
969,34.89,26.01,45
970,34.89,26.29,45
971,35.45,26.01,45
972,35.17,26.29,45
973,35.17,26.01,45
974,34.89,26.29,45
975,34.89,25.45,45
976,34.89,26.01,45
977,34.89,26.29,45
978,35.45,26.01,45
979,35.17,26.01,45
980,35.17,26.01,45
981,35.45,26.29,45
982,35.45,26.01,45
983,34.89,26.56,45
984,35.45,26.56,45
985,34.89,25.73,45
986,35.17,26.01,45
987,34.61,25.73,45
988,35.45,26.56,45
989,35.45,26.01,45
990,34.89,26.29,45
991,35.45,25.73,45
992,34.33,26.29,45
993,35.45,26.56,45
994,34.61,26.01,45
995,35.45,26.29,45
996,35.17,26.01,45
997,35.45,26.01,45
998,34.33,25.73,45
999,34.61,26.29,45
1000,35.17,26.01,45
1001,34.89,26.29,45
1002,35.17,26.01,45
1003,35.17,26.29,45
1004,34.89,25.73,45
1005,35.45,26.29,45
1006,34.61,25.73,45
1007,35.17,26.01,45
1008,34.89,26.56,45
1009,34.61,26.29,45
1010,35.17,26.01,45
1011,35.45,26.29,45
1012,35.45,26.01,45
1013,34.89,26.01,45
1014,34.33,25.73,45
1015,35.17,26.56,45
1016,35.45,26.29,45
1017,35.17,25.73,45
1018,35.45,26.01,45
1019,34.89,26.29,45
1020,34.61,26.01,45
1021,34.89,26.29,45
1022,35.17,25.73,45
1023,34.89,26.01,45
1024,34.89,26.01,45
1025,34.89,25.73,45
1026,35.17,26.29,45
1027,35.45,25.73,45
1028,35.45,26.01,45
1029,35.72,26.29,45
1030,35.17,25.73,45
1031,35.45,26.01,45
1032,34.89,26.01,45
1033,35.45,26.29,45
1034,35.45,26.01,45
1035,34.89,25.73,45
1036,35.17,26.01,45
1037,35.45,26.01,45
1038,35.17,26.01,45
1039,35.17,26.29,45
1040,35.45,25.73,45
1041,34.89,25.73,45
1042,35.45,25.73,45
1043,35.45,26.29,45
1044,34.61,25.45,45
1045,34.89,25.73,45
1046,34.89,25.73,45
1047,35.45,26.29,45
1048,35.45,26.01,45
1049,35.17,26.01,45
1050,34.89,25.73,45
1051,34.89,25.73,45
1052,35.45,25.45,45
1053,35.45,26.01,45
1054,34.89,26.01,45
1055,35.45,26.01,45
1056,35.17,26.01,45
1057,35.72,25.73,45
1058,34.89,25.73,45
1059,35.45,26.29,45
1060,35.45,25.73,45
1061,35.17,25.73,45
1062,35.45,26.01,45
1063,35.45,26.01,45
1064,34.89,26.01,45
1065,35.45,26.01,45
1066,35.45,25.17,45
1067,35.45,26.01,45
1068,35.17,26.29,45
1069,35.45,25.73,45
1070,35.72,26.01,45
1071,35.45,25.73,45
1072,35.17,26.29,45
1073,35.45,26.01,45
1074,35.45,26.29,45
1075,35.45,26.29,45
1076,35.45,26.29,45
1077,35.45,26.01,45
1078,34.61,26.29,45
1079,35.45,26.01,45
1080,34.61,26.29,45
1081,35.17,26.01,45
1082,35.45,25.73,45
1083,34.89,26.01,45
1084,35.45,25.73,45
1085,35.17,26.56,45
1086,35.45,25.73,45
1087,35.45,26.01,45
1088,35.45,26.29,45
1089,35.45,26.29,45
1090,35.45,25.45,45
1091,35.45,26.01,45
1092,35.45,26.29,45
1093,35.72,26.01,45
1094,35.72,26.01,45
1095,35.45,25.73,45
1096,35.45,26.29,45
1097,35.17,26.56,45
1098,35.45,26.01,45
1099,34.33,26.29,45
1100,34.89,26.29,45
1101,35.17,26.01,45
1102,34.89,26.01,45
1103,34.89,25.73,45
1104,35.17,25.73,45
1105,35.45,26.01,45
1106,35.45,25.17,45
1107,35.45,25.73,45
1108,35.45,25.73,45
1109,35.45,26.01,45
1110,35.45,25.73,45
1111,35.17,25.73,45
1112,34.89,25.73,45
1113,35.17,26.29,45
1114,35.45,25.45,45
1115,35.45,26.01,45
1116,35.17,25.45,45
1117,35.45,26.01,45
1118,35.45,26.01,45
1119,34.89,25.73,45
1120,34.89,25.73,45
1121,34.89,26.29,45
1122,35.72,26.01,45
1123,34.61,26.01,45
1124,34.89,26.01,45
1125,35.72,25.73,45
1126,34.89,26.29,45
1127,35.45,25.73,45
1128,35.45,26.29,45
1129,35.45,26.29,45
1130,35.45,25.45,45
1131,35.72,25.73,45
1132,35.17,25.73,45
1133,35.45,26.01,45
1134,35.72,26.29,45
1135,35.17,26.01,45
1136,35.45,25.73,45
1137,34.33,25.73,45
1138,35.45,26.01,45
1139,34.89,25.73,45
1140,35.17,26.29,45
1141,35.17,25.73,45
1142,35.45,25.73,45
1143,35.45,25.73,45
1144,35.45,26.29,45
1145,34.89,25.45,45
1146,34.89,26.01,45
1147,35.45,25.45,45
1148,34.33,26.01,45
1149,34.89,25.73,45
1150,35.45,26.29,45
1151,34.61,26.01,45
1152,34.89,26.29,45
1153,35.17,25.73,45
1154,35.45,26.29,45
1155,35.45,26.01,45
1156,35.45,26.29,45
1157,35.45,25.73,45
1158,35.45,25.45,45
1159,34.89,26.29,45
1160,35.45,25.73,45
1161,35.17,25.45,45
1162,35.45,26.01,45
1163,35.17,25.73,45
1164,35.45,26.56,45
1165,35.45,26.01,45
1166,35.45,25.73,45
1167,35.72,25.45,45
1168,35.45,26.01,45
1169,35.45,25.73,45
1170,34.61,25.73,45
1171,35.45,25.45,45
1172,34.89,25.73,45
1173,35.45,25.73,45
1174,35.45,26.29,45
1175,34.89,25.73,45
1176,35.72,25.73,45
1177,35.45,26.29,45
1178,34.61,26.01,45
1179,34.61,26.29,45
1180,35.45,25.73,45
1181,34.61,25.73,45
1182,35.45,26.29,45
1183,35.45,26.01,45
1184,35.45,25.45,45
1185,35.45,26.29,45
1186,34.61,26.29,45
1187,35.45,25.73,45
1188,35.17,25.73,45
1189,35.45,26.29,45
1190,35.17,25.73,45
1191,34.89,25.73,45
1192,35.45,26.01,45
1193,35.72,26.01,45
1194,35.45,26.01,45
1195,35.17,25.45,45
1196,34.89,26.29,45
1197,35.17,25.73,45
1198,35.45,26.01,45
1199,35.45,25.73,45
1200,35.45,25.45,45
1201,35.72,26.01,45
1202,35.45,26.01,45
1203,34.89,26.01,45
1204,35.45,26.01,45
1205,35.17,26.01,45
1206,35.45,26.29,45
1207,35.45,26.01,45
1208,35.72,25.73,45
1209,35.45,25.45,45
1210,36.00,25.73,45
1211,35.45,25.73,45
1212,35.45,26.29,45
1213,35.45,25.45,45
1214,35.45,26.01,45
1215,35.45,26.01,45
1216,35.45,26.29,45
1217,35.17,25.73,45
1218,35.45,26.29,45
1219,35.45,26.01,45
1220,35.45,26.29,45
1221,35.45,25.73,45
1222,35.45,25.73,45
1223,35.45,25.73,45
1224,34.61,26.29,45
1225,35.45,26.29,45
1226,35.45,26.01,45
1227,35.72,26.01,45
1228,35.72,26.01,45
1229,34.89,26.01,45
1230,35.45,26.29,45
1231,35.72,25.73,45
1232,35.45,25.73,45
1233,35.45,25.73,45
1234,35.72,25.45,45
1235,35.17,26.01,45
1236,35.72,26.29,45
1237,35.45,25.73,45
1238,35.45,25.73,45
1239,35.45,25.73,45
1240,35.72,25.45,45
1241,34.89,26.01,45
1242,35.17,25.73,45
1243,35.17,26.29,45
1244,35.17,26.29,45
1245,35.45,25.45,45
1246,35.45,26.29,45
1247,35.17,26.29,45
1248,35.17,26.29,45
1249,35.17,26.01,45
1250,35.45,26.01,45
1251,35.45,25.73,45
1252,35.17,26.56,45
1253,34.89,26.01,45
1254,35.17,25.73,45
1255,35.17,25.73,45
1256,35.72,26.01,45
1257,35.45,26.01,45
1258,35.45,25.45,45
1259,34.89,26.01,45
1260,35.45,26.01,45
1261,34.89,25.73,45
1262,35.72,25.73,45
1263,35.45,26.01,45
1264,35.72,25.73,45
1265,35.45,26.01,45
1266,35.45,26.01,45
1267,35.17,26.01,45
1268,35.72,25.45,45
1269,35.45,26.29,45
1270,35.72,25.73,45
1271,35.45,26.01,45
1272,35.72,25.45,45
1273,35.45,25.73,45
1274,35.17,26.29,45
1275,35.45,26.29,45
1276,35.45,25.45,45
1277,35.45,26.01,45
1278,35.45,26.01,45
1279,35.45,26.29,45
1280,35.45,25.45,45
1281,35.72,26.01,45
1282,35.45,26.01,45
1283,35.45,25.73,45
1284,35.45,25.45,45
1285,35.45,26.29,45
1286,35.45,25.73,45
1287,35.72,25.45,45
1288,34.89,26.29,45
1289,35.17,26.29,45
1290,35.17,26.29,45
1291,35.45,26.29,45
1292,35.17,25.45,45
1293,35.45,26.01,45
1294,35.17,25.73,45
1295,35.45,26.29,45
1296,35.72,26.01,45
1297,35.45,26.29,45
1298,35.17,25.73,45
1299,35.72,26.01,45
1300,35.45,26.29,45
1302,35.45,26.29,45
1303,35.17,26.29,45
1304,35.45,25.73,45
1305,35.17,26.01,45
1306,35.45,25.73,45
1307,35.72,26.29,45
1308,34.89,26.01,45
1309,35.45,26.29,45
1310,35.45,25.73,45
1311,35.72,26.01,45
1312,35.45,25.73,45
1313,35.45,26.01,45
1314,34.89,26.01,45
1315,35.45,25.73,45
1316,35.45,25.73,45
1317,35.45,26.01,45
1318,34.89,26.29,45
1319,34.89,25.45,45
1320,35.72,25.73,45
1321,35.45,26.01,45
1322,35.72,26.01,45
1323,35.45,25.73,45
1324,35.45,26.01,45
1325,35.45,25.45,45
1326,34.89,26.29,45
1327,34.61,25.45,45
1328,35.72,26.29,45
1329,35.17,25.73,45
1330,35.45,25.73,45
1331,35.45,25.73,45
1332,35.17,25.73,45
1333,34.89,25.73,45
1334,34.89,26.01,45
1335,35.45,25.73,45
1336,35.45,26.01,45
1337,35.45,26.01,45
1338,35.72,26.29,45
1339,35.72,26.01,45
1340,35.45,25.45,45
1341,35.45,25.73,45
1342,35.17,26.01,45
1343,34.89,26.01,45
1344,35.72,26.01,45
1345,35.72,25.73,45
1346,35.72,25.73,45
1347,35.72,26.29,45
1348,35.17,26.01,45
1349,35.72,26.01,45
1350,35.72,26.29,45
1351,35.45,26.01,45
1352,35.45,25.45,45
1353,35.45,26.29,45
1354,35.17,26.01,45
1355,35.72,25.73,45
1356,35.72,26.29,45
1357,35.72,26.01,45
1358,35.17,26.01,45
1359,35.45,26.01,45
1360,35.17,25.73,45
1361,35.45,25.73,45
1362,35.72,25.73,45
1363,35.72,26.01,45
1364,35.72,26.29,45
1365,35.72,25.73,45
1366,35.72,26.01,45
1367,35.45,26.01,45
1368,35.17,25.73,45
1369,35.17,26.01,45
1370,35.72,25.73,45
1371,35.17,25.45,45
1372,35.45,26.29,45
1373,35.45,26.29,45
1374,34.89,25.45,45
1375,35.45,26.29,45
1376,35.72,26.01,45
1377,35.45,25.45,45
1378,35.72,26.01,45
1379,35.72,25.73,45
1380,35.45,26.01,45
1381,35.72,26.29,45
1382,35.45,25.73,45
1383,35.72,26.01,45
1384,35.45,25.73,45
1385,35.72,25.45,45
1386,35.45,26.01,45
1387,35.17,26.29,45
1388,35.17,25.73,45
1389,35.72,25.73,45
1390,34.89,25.73,45
1391,35.17,26.29,45
1392,35.45,26.29,45
1393,35.45,26.01,45
1394,35.72,25.45,45
1395,35.45,26.01,45
1396,34.89,26.01,45
1397,35.45,25.17,45
1398,35.45,25.73,45
1399,35.72,26.29,45
1400,35.72,26.01,45
1401,35.45,26.01,45
1402,35.45,26.01,45
1403,35.72,26.01,45
1404,34.89,26.29,45
1405,35.45,26.01,45
1406,35.45,25.73,45
1407,35.45,26.01,45
1408,34.89,25.45,45
1409,35.17,26.29,45
1410,35.45,26.01,45
1411,35.45,26.01,45
1412,35.45,26.29,45
1413,35.45,26.01,45
1414,35.45,25.45,45
1415,35.17,26.29,45
1416,35.45,26.01,45
1417,35.17,26.01,45
1418,35.45,26.01,45
1419,35.72,25.73,45
1420,35.72,26.01,45
1421,35.45,25.73,45
1422,35.45,26.01,45
1423,35.45,26.01,45
1424,35.45,26.01,45
1425,35.45,26.01,45
1426,35.72,26.01,45
1427,35.17,26.01,45
1428,35.45,25.73,45
1429,36.00,26.29,45
1430,35.17,26.01,45
1431,35.45,26.29,45
1432,35.45,26.29,45
1433,35.72,25.73,45
1434,35.45,25.73,45
1435,34.89,25.73,45
1436,35.45,26.01,45
1437,35.45,26.29,45
1438,35.72,25.73,45
1439,34.89,26.29,45
1440,35.72,26.01,45
1441,35.72,26.01,45
1442,35.72,26.29,45
1443,35.45,26.01,45
1444,35.17,26.29,45
1445,35.45,26.01,45
1446,35.45,25.45,45
1447,35.72,26.01,45
1448,35.45,26.01,45
1449,35.17,26.29,45
1450,35.45,26.01,45
1451,35.17,26.01,45
1452,35.72,26.01,45
1453,35.17,25.73,45
1454,35.72,26.29,45
1455,35.45,26.01,45
1456,34.61,26.29,45
1457,35.72,25.73,45
1458,35.45,25.73,45
1459,35.17,25.73,45
1460,35.45,26.01,45
1461,35.45,26.01,45
1462,35.17,26.01,45
1463,35.72,26.29,45
1464,35.45,26.01,45
1465,35.45,26.01,45
1466,35.17,26.01,45
1467,35.17,26.01,45
1468,35.45,26.01,45
1469,35.72,26.01,45
1470,35.45,26.29,45
1471,35.45,26.29,45
1472,34.89,26.01,45
1473,35.72,26.01,45
1474,35.72,26.29,45
1475,34.89,26.29,45
1476,35.17,25.73,45
1477,35.45,26.01,45
1478,35.45,26.01,45
1479,35.72,26.01,45
1480,35.45,26.01,45
1481,35.72,26.01,45
1482,34.89,25.73,45
1483,35.72,25.73,45
1484,35.45,25.73,45
1485,35.45,26.29,45
1486,35.45,25.17,45
1487,35.72,26.01,45
1488,35.72,25.73,45
1489,35.72,26.29,45
1490,35.45,25.73,45
1491,35.72,26.29,45
1492,35.45,26.29,45
1493,35.17,26.01,45
1494,35.72,26.01,45
1495,35.17,26.01,45
1496,35.45,26.01,45
1497,35.45,26.29,45
1498,35.17,25.17,45
1499,35.72,26.29,45
1500,35.17,25.73,45
1501,35.72,26.29,45
1502,35.17,25.73,45
1503,35.45,26.01,45
1504,35.17,26.01,45
1505,35.72,26.01,45
1506,35.17,26.01,45
1507,35.72,25.73,45
1508,35.45,26.01,45
1509,35.72,26.01,45
1510,34.89,26.01,45
1511,36.00,26.01,45
1512,34.89,26.01,45
1513,35.72,26.01,45
1514,35.17,25.73,45
1515,35.45,26.01,45
1516,35.72,26.01,45
1517,34.89,26.01,45
1518,35.45,26.29,45
1519,35.72,25.73,45
1520,35.17,25.73,45
1521,36.00,26.01,45
1522,35.72,26.29,45
1523,35.45,25.17,45
1524,35.45,26.29,45
1525,35.45,26.01,45
1526,34.61,26.01,45
1527,35.45,26.01,45
1528,35.45,26.01,45
1529,35.45,26.01,45
1530,34.89,26.01,45
1531,35.17,25.73,45
1532,35.72,26.29,45
1533,35.45,26.01,45
1534,35.45,25.73,45
1535,35.45,26.01,45
1536,35.17,25.45,45
1537,35.72,25.73,45
1538,35.45,26.01,45
1539,35.72,26.29,45
1540,35.72,26.01,45
1541,35.72,25.73,45
1542,35.72,26.29,45
1543,35.17,26.01,45
1544,35.72,26.01,45
1545,35.72,26.01,45
1546,35.72,26.01,45
1547,35.45,26.29,45
1548,35.45,26.01,45
1549,36.00,26.01,45
1550,35.45,25.73,45
1551,35.45,26.29,45
1552,35.45,26.29,45
1553,35.45,26.01,45
1554,35.45,25.73,45
1555,35.45,25.73,45
1556,35.45,26.29,45
1557,34.89,26.01,45
1558,35.45,26.29,45
1559,35.45,26.01,45
1560,35.72,26.01,45
1561,35.45,25.73,45
1562,35.17,25.73,45
1563,35.72,26.29,45
1564,35.45,25.73,45
1565,35.72,25.73,45
1566,35.45,25.73,45
1567,35.45,26.01,45
1568,35.72,25.73,45
1569,35.17,26.01,45
1570,35.45,26.01,45
1571,35.45,25.45,45
1572,35.72,26.01,45
1573,35.45,26.01,45
1574,35.72,25.73,45
1575,35.45,25.73,45
1576,35.45,26.01,45
1577,35.72,26.01,45
1578,35.72,26.29,45
1579,35.45,26.01,45
1580,35.45,25.73,45
1581,35.17,26.01,45
1582,35.17,26.29,45
1583,35.45,25.73,45
1584,35.45,25.73,45
1585,35.45,26.29,45
1586,34.89,26.01,45
1587,35.72,26.01,45
1588,35.72,25.45,45
1589,35.72,26.01,45
1590,35.72,26.01,45
1591,35.17,25.73,45
1592,35.17,26.01,45
1593,35.45,26.29,45
1594,35.72,26.01,45
1595,35.72,26.01,45
1596,36.00,26.01,45
1597,35.45,25.73,45
1598,35.45,26.01,45
1599,35.72,26.01,45
1600,35.45,26.01,45
1601,35.72,26.01,45
1602,35.45,26.01,45
1603,35.45,25.45,45
1604,35.45,26.01,45
1605,35.72,25.73,45
1606,35.45,25.73,45
1607,35.45,26.01,45
1608,35.17,26.01,45
1609,35.72,25.73,45
1610,35.72,25.73,45
1611,35.45,26.01,45
1612,35.72,26.01,45
1613,35.72,26.01,45
1614,35.45,26.29,45
1615,35.72,26.56,45
1616,36.00,26.01,45
1617,35.17,26.01,45
1618,36.00,26.29,45
1619,35.17,26.01,45
1620,35.17,25.45,45
1621,35.17,25.45,45
1622,35.17,25.73,45
1623,35.45,26.01,45
1624,35.45,26.29,45
1625,34.89,26.01,45
1626,35.72,25.73,45
1627,35.45,26.29,45
1628,35.45,25.73,45
1629,35.17,25.73,45
1630,35.72,25.73,45
1631,35.45,25.73,45
1632,35.17,26.01,45
1633,35.72,25.73,45
1634,35.72,25.73,45
1635,35.45,26.01,45
1636,35.17,25.73,45
1637,36.00,26.56,45
1638,35.17,26.01,45
1639,36.00,26.29,45
1640,35.17,25.73,45
1641,35.45,25.73,45
1642,35.45,25.45,45
1643,35.17,26.29,45
1644,35.72,26.29,45
1645,35.72,26.01,45
1646,35.45,25.73,45
1647,35.17,26.29,45
1648,35.17,25.73,45
1649,35.45,26.01,45
1650,35.17,26.29,45
1651,35.72,26.01,45
1652,35.72,26.01,45
1653,35.72,26.29,45
1654,35.45,25.73,45
1655,35.72,26.56,45
1656,35.45,26.01,45
1657,35.17,26.01,45
1658,35.17,26.01,45
1659,35.45,26.29,45
1660,35.72,26.01,45
1661,36.00,25.73,45
1662,35.17,26.01,45
1663,35.72,26.29,45
1664,35.72,26.29,45
1665,35.72,26.01,45
1666,35.72,26.01,45
1667,36.00,26.01,45
1668,35.72,25.73,45
1669,35.45,26.01,45
1670,35.17,26.29,45
1671,35.72,26.01,45
1672,35.17,25.73,45
1673,35.72,26.01,45
1674,35.45,26.01,45
1675,35.17,25.73,45
1676,35.17,26.01,45
1677,35.45,26.56,45
1678,35.45,26.01,45
1679,35.17,26.01,45
1680,35.72,25.45,45
1681,35.17,26.01,45
1682,35.45,26.29,45
1683,35.45,26.01,45
1684,35.72,26.01,45
1685,35.72,26.01,45
1686,35.17,26.01,45
1687,35.72,26.29,45
1688,35.45,26.01,45
1689,35.72,26.01,45
1690,35.17,25.45,45
1691,35.45,25.73,45
1692,35.72,25.45,45
1693,35.45,25.73,45
1694,35.72,26.01,45
1695,35.45,26.01,45
1696,34.89,25.73,45
1697,35.45,26.01,45
1698,35.17,25.73,45
1699,35.72,26.01,45
1700,35.45,26.01,45
1701,35.72,26.01,45
1702,35.17,25.45,45
1703,36.00,26.01,45
1704,35.72,25.73,45
1705,35.72,26.29,45
1706,36.00,25.73,45
1707,35.72,26.01,45
1708,35.72,25.73,45
1709,35.72,26.01,45
1710,35.72,26.01,45
1711,35.45,26.01,45
1712,35.72,26.56,45
1713,35.72,26.29,45
1714,35.45,25.73,45
1715,35.45,25.73,45
1716,36.00,26.01,45
1717,35.45,26.01,45
1718,35.45,26.01,45
1719,35.72,26.01,45
1720,35.72,26.01,45
1721,35.17,26.29,45
1722,36.00,25.45,45
1723,35.72,26.01,45
1724,35.45,26.01,45
1725,35.72,26.29,45
1726,35.45,26.01,45
1728,35.17,25.73,45
1729,34.89,25.73,45
1730,35.72,26.29,45
1731,35.72,26.29,45
1732,35.72,26.29,45
1733,36.00,26.29,45
1734,34.89,26.29,45
1735,35.72,26.29,45
1736,35.17,26.29,45
1737,35.72,26.29,45
1738,35.17,26.29,45
1739,35.45,25.73,45
1740,35.72,26.01,45
1741,35.72,26.01,45
1742,35.72,26.01,45
1743,35.45,26.01,45
1744,35.72,25.73,45
1745,35.45,26.29,45
1746,35.72,26.01,45
1747,35.45,26.01,45
1748,35.72,25.73,45
1749,35.45,26.56,45
1750,35.72,25.73,45
1751,35.72,26.29,45
1752,35.17,25.73,45
1753,35.72,26.01,45
1754,35.45,26.01,45
1755,35.45,26.29,45
1756,35.17,26.01,45
1757,35.45,26.01,45
1758,35.45,25.73,45
1759,35.72,26.29,45
1760,35.45,26.01,45
1761,35.72,26.01,45
1762,35.45,26.01,45
1763,35.72,26.01,45
1764,35.45,25.45,45
1765,36.28,26.01,45
1766,35.72,26.01,45
1767,35.17,26.01,45
1768,35.72,26.01,45
1769,35.45,26.01,45
1770,35.45,26.29,45
1771,35.72,26.01,45
1772,35.17,25.73,45
1773,35.45,26.01,45
1774,35.45,26.01,45
1775,35.45,25.73,45
1776,35.45,26.01,45
1777,35.45,26.01,45
1778,34.89,26.29,45
1779,35.17,26.29,45
1780,36.00,26.29,45
1781,35.72,26.01,45
1782,35.72,26.01,45
1783,36.00,26.01,45
1784,35.72,25.17,45
1785,35.72,26.01,45
1786,35.45,26.01,45
1787,35.72,25.73,45
1788,36.00,25.73,45
1789,34.89,26.01,45
1790,35.17,25.17,45
1791,35.17,26.01,45
1792,35.45,26.29,45
1793,35.17,26.01,45
1794,35.72,26.01,45
1795,35.45,26.01,45
1796,35.17,26.29,45
1797,35.45,26.01,45
1798,35.72,26.01,45
1799,36.00,25.73,45
1800,35.45,25.45,45
1801,35.45,26.01,0
1802,36.00,26.01,0
1803,35.72,25.73,0
1804,35.45,26.01,0
1805,35.45,26.01,0
1806,35.72,26.01,0
1807,35.72,26.01,0
1808,35.45,26.01,0
1809,35.45,26.29,0
1810,35.17,25.73,0
1811,35.45,26.29,0
1812,35.45,25.73,0
1813,35.45,26.01,0
1814,35.45,26.29,0
1815,35.72,26.01,0
1816,35.17,26.01,0
1817,35.45,26.29,0
1818,35.45,26.01,0
1819,34.61,25.45,0
1820,35.17,26.01,0
1821,35.45,26.01,0
1822,34.89,26.01,0
1823,35.72,25.73,0
1824,35.45,26.29,0
1825,35.45,26.01,0
1826,35.45,26.01,0
1827,35.72,26.29,0
1828,34.89,26.01,0
1829,35.17,25.73,0
1830,35.72,26.01,0
1831,34.61,26.01,0
1832,34.89,26.01,0
1833,35.17,26.01,0
1834,35.17,26.01,0
1835,35.17,26.01,0
1836,35.45,26.01,0
1837,35.17,26.01,0
1838,34.33,26.01,0
1839,34.61,26.01,0
1840,34.89,26.01,0
1841,35.17,26.01,0
1842,35.17,26.29,0
1843,34.61,25.73,0
1844,35.17,26.29,0
1845,34.61,25.45,0
1846,35.17,25.17,0
1847,34.61,26.01,0
1848,35.17,26.29,0
1849,34.89,26.01,0
1850,34.61,26.01,0
1851,35.45,26.29,0
1852,34.06,25.73,0
1853,34.61,26.01,0
1854,34.33,25.73,0
1855,34.89,25.45,0
1856,34.89,26.01,0
1857,34.33,26.01,0
1858,34.89,25.73,0
1859,34.89,26.01,0
1860,34.89,26.56,0
1861,34.33,26.29,0
1862,34.89,26.29,0
1863,34.33,25.73,0
1864,34.89,26.56,0
1865,34.89,26.01,0
1866,34.33,26.29,0
1867,34.89,26.29,0
1868,34.33,26.29,0
1869,34.33,26.56,0
1870,34.33,26.01,0
1871,34.06,25.73,0
1872,34.06,26.29,0
1873,34.89,25.45,0
1874,34.33,25.17,0
1875,34.89,26.29,0
1876,34.61,26.56,0
1877,34.61,26.56,0
1878,34.61,26.01,0
1879,34.61,26.56,0
1880,34.33,26.29,0
1881,34.33,26.56,0
1882,34.06,26.01,0
1883,34.06,26.56,0
1884,34.06,26.01,0
1885,34.06,26.29,0
1886,34.33,26.56,0
1887,34.06,26.29,0
1888,34.33,26.29,0
1889,34.33,26.01,0
1890,34.06,26.01,0
1891,33.78,26.29,0
1892,34.06,25.45,0
1893,34.33,26.29,0
1894,34.33,25.17,0
1895,34.06,25.73,0
1896,34.06,25.73,0
1897,34.06,25.73,0
1898,33.78,26.29,0
1899,34.06,26.29,0
1900,34.33,25.73,0
1901,34.61,25.73,0
1902,33.78,26.01,0
1903,34.06,25.73,0
1904,33.22,26.29,0
1905,34.33,25.73,0
1906,34.33,26.01,0
1907,33.50,25.45,0
1908,33.50,26.01,0
1909,33.78,26.01,0
1910,33.78,26.01,0
1911,34.06,25.73,0
1912,34.06,26.01,0
1913,34.06,26.29,0
1914,34.33,26.29,0
1915,33.78,25.73,0
1916,33.78,26.29,0
1917,33.78,26.29,0
1918,34.33,26.01,0
1919,34.06,25.73,0
1920,34.33,26.01,0
1921,34.06,25.73,0
1922,34.06,26.01,0
1923,33.50,26.01,0
1924,33.78,26.29,0
1925,34.06,25.73,0
1926,34.06,26.01,0
1927,34.06,25.73,0
1928,34.06,25.73,0
1929,33.78,26.56,0
1930,34.33,26.01,0
1931,34.06,26.01,0
1932,33.78,26.29,0
1933,33.50,26.01,0
1934,33.78,25.73,0
1935,34.06,26.01,0
1936,33.78,26.01,0
1937,34.06,26.29,0
1938,34.06,26.29,0
1939,33.50,26.01,0
1940,33.78,26.29,0
1941,33.78,26.29,0
1942,34.06,25.73,0
1943,33.78,26.01,0
1944,33.50,26.29,0
1945,33.50,26.01,0
1946,34.06,26.29,0
1947,32.95,26.01,0
1948,33.50,26.56,0
1949,33.78,26.56,0
1950,33.50,26.29,0
1951,33.50,25.73,0
1952,33.78,26.29,0
1953,33.78,26.01,0
1954,33.22,26.56,0
1955,33.22,26.29,0
1956,33.78,26.01,0
1957,33.22,25.73,0
1958,33.50,26.29,0
1959,33.78,25.73,0
1960,33.50,25.73,0
1961,32.95,25.73,0
1962,33.78,26.29,0
1963,33.22,26.29,0
1964,33.50,25.73,0
1965,33.22,26.01,0
1966,33.78,25.73,0
1967,33.50,26.56,0
1968,33.78,25.17,0
1969,33.50,25.45,0
1970,33.50,26.01,0
1971,33.22,26.29,0
1972,32.95,26.29,0
1973,32.67,26.01,0
1974,32.95,25.45,0
1975,33.22,25.73,0
1976,32.95,26.01,0
1977,32.67,26.01,0
1978,33.22,25.73,0
1979,33.22,26.29,0
1980,33.50,26.01,0
1981,33.50,26.01,0
1982,33.22,26.01,0
1983,33.50,25.73,0
1984,32.95,26.29,0
1985,32.95,26.01,0
1986,33.50,26.01,0
1987,33.50,25.73,0
1988,33.50,26.01,0
1989,33.50,26.01,0
1990,33.22,25.73,0
1991,33.22,26.01,0
1992,32.95,26.01,0
1993,33.78,25.73,0
1994,32.95,26.01,0
1995,33.50,26.29,0
1996,32.95,26.01,0
1997,33.22,26.29,0
1998,33.50,26.01,0
1999,32.95,26.29,0
2000,33.50,25.73,0
2001,32.95,26.01,0
2002,33.22,26.29,0
2003,32.67,26.29,0
2004,32.39,26.29,0
2005,32.11,26.01,0
2006,32.95,26.01,0
2007,32.67,26.01,0
2008,32.11,25.73,0
2009,32.67,25.73,0
2010,33.22,26.01,0
2011,32.95,25.73,0
2012,32.95,26.01,0
2013,32.95,25.45,0
2014,33.22,26.29,0
2015,32.95,25.73,0
2016,32.95,26.01,0
2017,32.67,26.01,0
2018,32.95,25.73,0
2019,32.95,26.01,0
2020,32.95,25.73,0
2021,33.50,26.01,0
2022,32.95,26.01,0
2023,32.67,26.29,0
2024,33.22,26.01,0
2025,32.95,26.29,0
2026,32.39,26.29,0
2027,32.95,26.29,0
2028,32.95,26.01,0
2029,32.95,26.01,0
2030,32.67,25.45,0
2031,33.22,26.56,0
2032,32.67,25.73,0
2033,32.95,25.73,0
2034,32.67,26.29,0
2035,32.95,26.01,0
2036,32.67,25.73,0
2037,32.95,26.29,0
2038,32.95,26.01,0
2039,32.67,26.01,0
2040,32.39,25.73,0
2041,32.39,25.73,0
2042,32.95,25.73,0
2043,32.67,26.29,0
2044,32.67,26.01,0
2045,32.67,25.73,0
2046,32.39,26.01,0
2047,32.67,26.01,0
2048,32.67,25.73,0
2049,32.67,26.01,0
2050,32.67,25.73,0
2051,32.67,25.73,0
2052,32.67,26.29,0
2053,32.67,25.73,0
2054,32.67,26.01,0
2055,32.11,26.01,0
2056,32.95,26.01,0
2057,32.67,25.73,0
2058,31.84,26.01,0
2059,32.67,26.01,0
2060,32.39,25.45,0
2061,32.67,25.45,0
2062,32.39,26.29,0
2063,32.11,25.73,0
2064,32.67,26.29,0
2065,32.95,26.01,0
2066,32.11,25.45,0
2067,32.39,26.29,0
2068,32.67,26.29,0
2069,32.67,26.01,0
2070,32.39,26.29,0
2071,32.39,26.01,0
2072,32.67,26.01,0
2073,32.39,26.29,0
2074,32.11,26.01,0
2075,32.67,26.01,0
2076,32.67,26.01,0
2077,32.39,25.73,0
2078,32.39,25.73,0
2079,32.67,25.73,0
2080,31.84,26.01,0
2081,32.39,25.45,0
2082,32.11,26.01,0
2083,32.11,25.73,0
2084,32.67,25.45,0
2085,32.39,26.56,0
2086,32.11,26.01,0
2087,32.67,26.01,0
2088,32.39,26.01,0
2089,32.39,26.29,0
2090,32.39,25.45,0
2091,32.11,26.01,0
2092,31.84,26.01,0
2093,32.39,25.73,0
2094,32.39,26.29,0
2095,32.39,26.01,0
2096,32.11,25.73,0
2097,32.39,26.56,0
2098,32.39,26.01,0
2099,32.39,26.29,0
2100,32.11,26.29,0
2101,32.39,26.01,0
2102,32.39,26.01,0
2103,31.84,26.01,0
2104,32.39,25.45,0
2105,32.39,26.01,0
2106,32.11,26.01,0
2107,32.11,26.01,0
2108,32.67,26.29,0
2109,32.39,26.29,0
2110,32.11,26.01,0
2111,32.11,26.01,0
2112,32.39,26.01,0
2113,32.11,25.73,0
2114,32.11,26.01,0
2115,32.11,26.01,0
2116,32.39,26.01,0
2117,32.11,25.73,0
2118,31.56,25.73,0
2119,31.84,26.29,0
2120,32.39,25.73,0
2121,31.84,26.01,0
2122,32.67,25.73,0
2123,32.11,26.01,0
2124,31.84,26.29,0
2125,32.39,26.01,0
2126,31.84,26.01,0
2127,32.11,26.29,0
2128,31.84,26.56,0
2129,32.39,26.01,0
2130,32.11,26.01,0
2131,32.39,25.73,0
2132,32.39,26.01,0
2133,31.84,25.73,0
2134,32.39,25.73,0
2135,32.11,26.29,0
2136,32.11,25.73,0
2137,32.39,26.29,0
2138,31.84,26.29,0
2139,32.11,26.01,0
2140,31.84,26.29,0
2141,32.11,26.01,0
2142,32.11,25.73,0
2143,32.39,26.01,0
2144,32.39,26.29,0
2145,32.11,25.73,0
2146,31.84,26.01,0
2147,32.39,26.29,0
2148,31.56,26.01,0
2149,32.39,26.01,0
2150,31.84,26.29,0
2151,32.11,26.29,0
2152,31.56,26.01,0
2153,31.84,26.56,0
2154,32.39,26.29,0
2155,32.11,25.73,0
2156,31.56,26.01,0
2157,31.56,26.29,0
2158,32.11,26.29,0
2159,31.56,26.29,0
2160,31.56,26.29,0
2162,32.11,26.01,0
2163,32.11,25.73,0
2164,31.84,26.01,0
2165,31.84,26.29,0
2166,31.84,26.56,0
2167,31.28,26.29,0
2168,31.84,26.29,0
2169,31.84,26.01,0
2170,31.84,26.01,0
2171,32.11,26.01,0
2172,32.11,25.45,0
2173,31.56,26.01,0
2174,31.84,26.29,0
2175,31.56,25.73,0
2176,31.00,25.73,0
2177,32.11,26.01,0
2178,31.84,26.01,0
2179,32.11,26.29,0
2180,31.56,25.73,0
2181,31.84,25.73,0
2182,31.00,26.29,0
2183,31.84,26.29,0
2184,31.84,25.73,0
2185,31.84,26.01,0
2186,32.11,26.29,0
2187,31.56,26.01,0
2188,31.84,26.29,0
2189,31.84,26.01,0
2190,31.84,26.29,0
2191,31.56,25.73,0
2192,32.11,25.45,0
2193,31.84,26.01,0
2194,31.56,26.29,0
2195,31.84,26.01,0
2196,31.84,26.29,0
2197,32.11,26.29,0
2198,31.56,25.73,0
2199,31.56,26.01,0
2200,31.84,26.29,0
2201,32.11,26.29,0
2202,31.84,26.01,0
2203,31.84,26.01,0
2204,31.84,26.29,0
2205,31.84,26.56,0
2206,31.56,26.29,0
2207,31.28,26.01,0
2208,31.56,25.73,0
2209,31.84,26.29,0
2210,31.00,26.29,0
2211,31.84,26.01,0
2212,31.84,26.29,0
2213,31.56,26.29,0
2214,31.56,26.29,0
2215,31.28,26.29,0
2216,31.56,26.29,0
2217,31.84,25.45,0
2218,31.56,26.29,0
2219,31.56,26.01,0
2220,31.56,26.29,0
2221,31.56,25.73,0
2222,31.56,26.01,0
2223,31.56,26.29,0
2224,31.28,25.73,0
2225,31.84,26.29,0
2226,31.00,26.29,0
2227,31.84,26.01,0
2228,31.56,25.73,0
2229,31.56,26.29,0
2230,31.56,26.29,0
2231,31.56,26.29,0
2232,31.28,26.01,0
2233,31.56,26.01,0
2234,31.28,26.56,0
2235,31.56,26.29,0
2236,31.84,26.29,0
2237,31.56,26.01,0
2238,31.28,26.01,0
2239,31.56,25.73,0
2240,31.56,26.29,0
2241,31.00,26.29,0
2242,31.56,26.29,0
2243,31.28,26.29,0
2244,31.56,26.01,0
2245,31.56,25.73,0
2246,31.84,26.29,0
2247,31.00,26.01,0
2248,31.28,25.45,0
2249,31.00,26.29,0
2250,31.56,26.29,0
2251,31.28,26.29,0
2252,31.28,26.29,0
2253,31.56,26.01,0
2254,31.56,26.29,0
2255,31.84,26.29,0
2256,31.00,26.29,0
2257,31.56,25.73,0
2258,31.28,26.29,0
2259,31.28,26.01,0
2260,31.56,26.29,0
2261,31.28,26.29,0
2262,31.28,25.73,0
2263,31.00,26.29,0
2264,31.28,26.29,0
2265,31.56,26.29,0
2266,31.56,26.01,0
2267,31.56,26.29,0
2268,31.28,26.29,0
2269,31.56,26.29,0
2270,31.00,26.29,0
2271,31.28,26.01,0
2272,31.56,26.01,0
2273,31.28,26.01,0
2274,31.28,26.29,0
2275,31.56,26.01,0
2276,31.28,26.29,0
2277,31.56,26.29,0
2278,31.00,26.29,0
2279,31.56,26.01,0
2280,31.00,26.29,0
2281,31.00,25.73,0
2282,31.28,26.01,0
2283,31.28,26.29,0
2284,31.28,26.29,0
2285,31.84,26.29,0
2286,30.73,26.29,0
2287,31.28,26.56,0
2288,31.28,26.29,0
2289,31.28,26.29,0
2290,31.28,26.01,0
2291,31.28,26.29,0
2292,31.00,26.29,0
2293,31.56,26.29,0
2294,31.00,26.56,0
2295,31.28,26.29,0
2296,31.56,26.29,0
2297,31.28,26.29,0
2298,31.28,26.01,0
2299,31.28,25.73,0
2300,31.28,26.29,0
2301,31.28,26.01,0
2302,31.00,26.01,0
2303,31.56,26.01,0
2304,30.45,26.29,0
2305,30.73,26.01,0
2306,31.28,26.29,0
2307,31.28,26.01,0
2308,31.56,26.01,0
2309,31.00,26.29,0
2310,31.28,26.29,0
2311,31.28,25.73,0
2312,31.28,26.29,0
2313,31.00,26.01,0
2314,31.28,26.29,0
2315,31.28,26.29,0
2316,31.56,26.29,0
2317,31.00,26.29,0
2318,31.00,26.29,0
2319,31.56,26.29,0
2320,31.28,26.29,0
2321,31.00,26.29,0
2322,31.28,26.01,0
2323,31.56,26.29,0
2324,31.00,26.29,0
2325,31.28,26.29,0
2326,31.56,26.29,0
2327,31.00,25.73,0
2328,31.00,26.29,0
2329,31.28,26.29,0
2330,31.28,26.29,0
2331,31.56,26.29,0
2332,30.73,26.01,0
2333,31.00,26.29,0
2334,31.00,26.29,0
2335,30.73,26.29,0
2336,31.00,26.56,0
2337,30.73,26.29,0
2338,31.28,26.29,0
2339,31.00,26.29,0
2340,31.00,26.01,0
2341,31.00,25.73,0
2342,31.28,26.56,0
2343,31.28,26.29,0
2344,30.17,26.56,0
2345,31.28,26.01,0
2346,31.00,25.73,0
2347,31.00,25.45,0
2348,31.28,26.56,0
2349,31.28,26.29,0
2350,31.28,26.29,0
2351,30.45,26.29,0
2352,31.56,25.73,0
2353,31.00,26.29,0
2354,30.73,26.29,0
2355,31.28,26.29,0
2356,30.45,26.56,0
2357,31.00,26.29,0
2358,30.73,26.01,0
2359,30.73,26.01,0
2360,30.45,25.73,0
2361,31.28,26.56,0
2362,30.73,25.73,0
2363,30.73,26.29,0
2364,31.00,26.29,0
2365,31.00,25.73,0
2366,31.00,26.29,0
2367,31.00,26.01,0
2368,31.28,25.73,0
2369,30.73,25.73,0
2370,30.17,26.01,0
2371,30.45,26.56,0
2372,31.00,26.29,0
2373,30.45,26.56,0
2374,31.00,26.56,0
2375,30.73,26.29,0
2376,31.00,26.29,0
2377,31.28,26.01,0
2378,31.28,26.01,0
2379,30.45,26.56,0
2380,31.00,26.29,0
2381,30.73,25.45,0
2382,31.00,26.29,0
2383,30.73,26.01,0
2384,31.00,26.56,0
2385,31.00,26.29,0
2386,30.73,26.29,0
2387,31.00,26.01,0
2388,30.45,26.29,0
2389,30.73,26.56,0
2390,30.73,26.29,0
2391,31.00,26.29,0
2392,31.00,25.73,0
2393,31.56,26.29,0
2394,30.17,26.29,0
2395,31.00,26.29,0
2396,31.00,26.29,0
2397,30.73,26.29,0
2398,30.73,26.56,0
2399,30.73,26.01,0
2400,30.45,26.29,0
2401,30.45,26.56,0
2402,31.00,26.29,0
2403,31.00,26.01,0
2404,31.00,26.29,0
2405,31.28,26.29,0
2406,30.73,26.29,0
2407,31.28,26.29,0
2408,31.28,26.29,0
2409,30.45,26.29,0
2410,30.73,26.29,0
2411,30.45,26.01,0
2412,30.45,26.29,0
2413,30.45,26.29,0
2414,30.17,26.01,0
2415,30.45,26.29,0
2416,30.45,26.29,0
2417,30.73,25.73,0
2418,30.45,26.01,0
2419,31.00,26.01,0
2420,30.45,26.01,0
2421,30.73,26.56,0
2422,30.45,25.73,0
2423,31.00,26.01,0
2424,30.73,26.01,0
2425,31.00,26.01,0
2426,30.45,25.73,0
2427,31.00,26.01,0
2428,30.17,26.56,0
2429,30.45,25.73,0
2430,30.73,25.73,0
2431,30.73,26.29,0
2432,30.73,26.29,0
2433,30.45,26.56,0
2434,30.73,26.29,0
2435,30.45,26.29,0
2436,30.73,26.01,0
2437,30.17,26.29,0
2438,30.17,26.29,0
2439,30.45,26.56,0
2440,30.73,26.01,0
2441,30.17,26.56,0
2442,30.45,26.56,0
2443,30.17,26.56,0
2444,31.28,26.01,0
2445,31.28,26.01,0
2446,30.73,26.56,0
2447,30.73,26.29,0
2448,30.45,26.01,0
2449,30.73,25.73,0
2450,30.73,26.29,0
2451,30.45,26.29,0
2452,30.73,26.29,0
2453,30.73,26.56,0
2454,30.73,25.73,0
2455,29.89,26.56,0
2456,30.17,26.01,0
2457,30.17,26.01,0
2458,30.17,26.29,0
2459,30.45,25.73,0
2460,30.73,26.29,0
2461,30.45,25.45,0
2462,30.73,26.01,0
2463,30.17,25.73,0
2464,30.73,26.29,0
2465,30.73,26.29,0
2466,31.00,25.45,0
2467,30.17,26.56,0
2468,30.73,25.73,0
2469,30.17,26.29,0
2470,30.45,26.56,0
2471,30.73,26.29,0
2472,30.73,26.56,0
2473,31.00,25.73,0
2474,30.17,26.29,0
2475,30.73,26.01,0
2476,30.73,26.56,0
2477,30.17,25.45,0
2478,30.17,26.29,0
2479,30.73,26.01,0
2480,31.00,26.01,0
2481,30.45,26.29,0
2482,30.17,26.29,0
2483,30.45,26.01,0
2484,30.45,26.29,0
2485,30.45,26.29,0
2486,30.45,26.29,0
2487,30.73,26.29,0
2488,30.45,26.56,0
2489,30.45,26.29,0
2490,29.89,26.01,0
2491,30.45,26.01,0
2492,30.45,26.56,0
2493,30.73,26.29,0
2494,30.45,26.29,0
2495,30.45,26.56,0
2496,30.73,26.29,0
2497,30.73,26.29,0
2498,30.45,26.29,0
2499,30.45,26.29,0
2500,30.45,26.29,0
2501,30.45,26.29,0
2502,30.73,25.45,0
2503,30.73,26.29,0
2504,30.45,26.29,0
2505,30.73,26.29,0
2506,30.73,26.29,0
2507,30.17,25.45,0
2508,30.45,26.56,0
2509,30.45,26.29,0
2510,30.45,26.56,0
2511,30.45,26.56,0
2512,30.17,25.73,0
2513,29.89,26.01,0
2514,30.45,26.29,0
2515,30.17,26.29,0
2516,30.45,26.29,0
2517,29.89,26.29,0
2518,30.45,26.29,0
2519,30.17,26.29,0
2520,29.89,25.73,0
2521,30.45,26.29,0
2522,30.17,26.29,0
2523,30.73,26.29,0
2524,29.89,26.29,0
2525,29.89,26.56,0
2526,30.45,26.56,0
2527,30.45,26.56,0
2528,30.45,26.56,0
2529,30.45,25.73,0
2530,30.73,26.01,0
2531,30.73,26.29,0
2532,31.00,25.73,0
2533,30.73,26.01,0
2534,30.73,26.29,0
2535,30.45,26.01,0
2536,30.17,25.73,0
2537,30.45,26.29,0
2538,30.73,26.56,0
2539,30.45,25.73,0
2540,30.17,26.29,0
2541,29.89,25.73,0
2542,30.45,26.01,0
2543,30.45,26.29,0
2544,29.89,25.73,0
2545,30.17,26.56,0
2546,30.17,26.56,0
2547,30.45,26.56,0
2548,30.45,26.01,0
2549,30.45,26.56,0
2550,30.45,26.56,0
2551,30.17,26.56,0
2552,30.45,26.29,0
2553,30.45,26.56,0
2554,29.62,26.56,0
2555,30.45,26.29,0
2556,30.45,26.56,0
2557,30.45,25.73,0
2558,30.17,26.56,0
2559,30.45,25.73,0
2560,30.45,26.56,0
2561,30.45,26.01,0
2562,30.17,26.56,0
2563,30.17,26.01,0
2564,30.17,26.01,0
2565,30.45,26.84,0
2566,30.45,26.01,0
2567,29.89,26.84,0
2568,30.17,26.29,0
2569,30.45,26.56,0
2570,30.45,26.56,0
2571,30.45,26.29,0
2572,30.45,26.56,0
2573,29.89,26.56,0
2574,30.45,26.01,0
2575,30.17,26.01,0
2576,30.17,26.56,0
2577,30.17,26.56,0
2578,30.45,26.01,0
2579,29.34,26.56,0
2580,29.62,26.01,0
2581,30.45,26.01,0
2582,30.17,26.56,0
2583,29.89,25.73,0
2584,30.17,26.56,0
2585,30.45,26.56,0
2586,30.17,25.73,0
2587,30.17,26.56,0
2588,30.17,26.56,0
2589,30.17,26.84,0
2590,29.89,26.01,0
2591,30.17,26.56,0
2592,29.89,26.56,0
2593,30.17,26.29,0
2594,29.62,26.56,0
2596,30.17,26.29,0
2597,29.62,26.01,0
2598,29.34,26.56,0
2599,30.45,25.73,0
2600,30.17,26.29,0
2601,30.17,26.29,0
2602,29.89,26.01,0
2603,29.62,26.56,0
2604,29.89,26.56,0
2605,30.17,26.29,0
2606,30.17,26.29,0
2607,30.17,26.29,0
2608,30.17,26.29,0
2609,30.17,25.73,0
2610,30.17,25.73,0
2611,29.89,25.73,0
2612,29.89,26.29,0
2613,29.89,26.29,0
2614,30.17,26.01,0
2615,30.17,26.01,0
2616,29.89,26.56,0
2617,29.89,26.01,0
2618,29.89,26.56,0
2619,30.17,26.29,0
2620,30.45,26.01,0
2621,29.62,26.56,0
2622,29.89,26.29,0
2623,30.17,26.56,0
2624,30.17,26.01,0
2625,29.89,26.29,0
2626,30.17,26.56,0
2627,30.45,26.01,0
2628,29.62,26.01,0
2629,29.62,26.56,0
2630,29.62,26.01,0
2631,30.17,26.01,0
2632,29.89,25.45,0
2633,30.17,26.01,0
2634,29.89,26.56,0
2635,30.17,25.73,0
2636,29.89,26.56,0
2637,29.89,26.56,0
2638,30.45,26.56,0
2639,30.17,25.45,0
2640,30.17,26.01,0
2641,30.17,26.56,0
2642,29.89,26.56,0
2643,29.62,26.56,0
2644,29.62,26.01,0
2645,29.89,26.29,0
2646,30.17,26.29,0
2647,30.17,26.01,0
2648,29.89,26.56,0
2649,29.89,26.29,0
2650,30.17,26.29,0
2651,30.17,25.73,0
2652,29.62,26.29,0
2653,30.17,26.29,0
2654,30.17,26.29,0
2655,29.89,26.29,0
2656,29.62,26.01,0
2657,29.89,26.29,0
2658,29.89,26.29,0
2659,29.62,26.29,0
2660,30.17,26.56,0
2661,29.62,26.56,0
2662,29.62,26.29,0
2663,29.89,25.73,0
2664,29.89,26.29,0
2665,30.17,26.29,0
2666,29.89,26.29,0
2667,29.89,25.45,0
2668,29.62,26.56,0
2669,29.89,26.56,0
2670,30.17,26.29,0
2671,29.89,26.29,0
2672,29.62,26.29,0
2673,30.17,26.01,0
2674,29.62,26.01,0
2675,30.17,26.29,0
2676,30.17,25.73,0
2677,29.34,26.56,0
2678,29.62,26.29,0
2679,30.17,25.73,0
2680,29.06,26.01,0
2681,29.89,26.56,0
2682,29.89,25.73,0
2683,29.89,25.73,0
2684,29.89,26.29,0
2685,29.89,26.56,0
2686,30.17,26.29,0
2687,29.62,26.56,0
2688,29.62,26.01,0
2689,29.89,26.01,0
2690,29.89,26.01,0
2691,29.89,25.45,0
2692,29.89,26.01,0
2693,30.17,26.56,0
2694,29.89,26.01,0
2695,29.89,26.29,0
2696,29.89,26.29,0
2697,29.62,26.29,0
2698,30.17,26.29,0
2699,29.89,26.29,0
2700,29.89,26.29,0
2701,30.17,26.01,0
2702,29.89,26.56,0
2703,29.89,26.01,0
2704,29.89,26.29,0
2705,29.89,25.73,0
2706,30.17,26.56,0
2707,29.89,26.29,0
2708,29.89,25.73,0
2709,29.34,26.01,0
2710,29.34,26.29,0
2711,29.62,26.84,0
2712,29.89,25.45,0
2713,29.89,26.01,0
2714,29.89,26.56,0
2715,29.89,26.29,0
2716,29.89,26.56,0
2717,29.89,26.01,0
2718,29.34,26.01,0
2719,29.34,26.29,0
2720,29.89,26.01,0
2721,29.89,26.29,0
2722,30.45,26.29,0
2723,30.17,26.29,0
2724,29.34,26.01,0
2725,29.89,26.29,0
2726,29.89,26.29,0
2727,29.89,26.01,0
2728,29.62,26.01,0
2729,29.62,26.56,0
2730,29.89,26.56,0
2731,29.34,26.56,0
2732,29.89,26.01,0
2733,29.89,26.56,0
2734,29.62,26.56,0
2735,29.89,26.56,0
2736,29.34,26.01,0
2737,29.89,26.01,0
2738,29.89,26.29,0
2739,29.89,26.56,0
2740,29.89,26.56,0
2741,29.62,26.29,0
2742,29.62,25.45,0
2743,29.62,26.01,0
2744,29.89,26.84,0
2745,29.34,25.73,0
2746,29.62,26.56,0
2747,29.34,26.56,0