0 , 33.78 , 50.00 , 0.00 , 0
1 , 32.67 , 50.00 , 0.00 , 0
2 , 32.39 , 50.00 , 0.00 , 0
3 , 33.22 , 50.00 , 0.00 , 0
4 , 32.95 , 50.00 , 0.00 , 0
5 , 32.67 , 50.00 , 0.00 , 0
6 , 33.22 , 50.00 , 0.00 , 0
7 , 32.95 , 50.00 , 0.00 , 0
8 , 32.95 , 50.00 , 0.00 , 0
9 , 32.67 , 50.00 , 0.00 , 0
10 , 32.67 , 50.00 , 0.00 , 0
11 , 32.67 , 50.00 , 0.00 , 0
12 , 32.67 , 50.00 , 0.00 , 0
13 , 32.67 , 50.00 , 0.00 , 0
14 , 32.11 , 50.00 , 0.00 , 0
15 , 31.84 , 50.00 , 0.00 , 0
16 , 31.84 , 50.00 , 0.00 , 0
17 , 32.39 , 50.00 , 0.00 , 0
18 , 32.67 , 50.00 , 0.00 , 0
19 , 32.39 , 50.00 , 0.00 , 0
20 , 32.39 , 50.00 , 0.00 , 0
21 , 32.67 , 50.00 , 0.00 , 0
22 , 32.11 , 50.00 , 0.00 , 0
23 , 31.84 , 50.00 , 0.00 , 0
24 , 31.84 , 50.00 , 0.00 , 0
25 , 31.84 , 50.00 , 0.00 , 0
26 , 31.84 , 50.00 , 0.00 , 0
27 , 32.11 , 50.00 , 0.00 , 0
28 , 31.84 , 50.00 , 0.00 , 0
29 , 32.11 , 50.00 , 0.00 , 0
30 , 31.56 , 50.00 , 0.00 , 0
31 , 32.11 , 50.00 , 0.00 , 0
32 , 32.11 , 50.00 , 0.00 , 0
33 , 32.67 , 50.00 , 0.00 , 0
34 , 32.39 , 50.00 , 0.00 , 0
35 , 32.39 , 50.00 , 0.00 , 0
36 , 33.22 , 50.00 , 0.00 , 0
37 , 32.95 , 50.00 , 0.00 , 0
38 , 33.78 , 50.00 , 0.00 , 0
39 , 34.33 , 50.00 , 0.00 , 0
40 , 34.61 , 50.00 , 0.00 , 0
41 , 34.61 , 50.00 , 0.00 , 0
42 , 34.89 , 50.00 , 0.00 , 0
43 , 34.89 , 50.00 , 0.00 , 0
44 , 36.00 , 50.00 , 0.00 , 0
45 , 37.39 , 50.00 , 0.00 , 0
46 , 39.05 , 50.00 , 0.00 , 0
47 , 39.33 , 50.00 , 0.00 , 0
48 , 40.72 , 50.00 , 0.00 , 0
49 , 42.38 , 50.00 , 0.00 , 0
50 , 44.05 , 50.00 , 0.00 , 0
51 , 45.16 , 50.00 , 0.00 , 0
52 , 46.27 , 50.00 , 0.00 , 0
53 , 47.38 , 50.00 , 0.00 , 0
54 , 48.21 , 50.00 , 0.00 , 0
55 , 48.21 , 50.00 , 0.00 , 0
56 , 50.16 , 50.00 , 0.00 , 0
57 , 50.99 , 50.00 , 0.00 , 0
58 , 52.10 , 50.00 , 0.00 , 0
59 , 54.04 , 50.00 , 0.00 , 0
60 , 55.15 , 50.00 , 0.00 , 0
61 , 56.54 , 50.00 , 0.00 , 0
62 , 57.37 , 50.00 , 0.00 , 0
63 , 57.93 , 50.00 , 0.00 , 0
64 , 59.59 , 50.00 , 0.00 , 0
65 , 60.43 , 50.00 , 0.00 , 0
66 , 61.26 , 50.00 , 0.00 , 0
67 , 62.09 , 50.00 , 0.00 , 0
68 , 63.20 , 50.00 , 0.00 , 0
69 , 64.31 , 50.00 , 0.00 , 0
70 , 64.59 , 50.00 , 0.00 , 0
71 , 66.26 , 50.00 , 0.00 , 0
72 , 67.09 , 47.36 , 0.00 , 0
73 , 67.09 , 45.49 , 0.00 , 0
74 , 68.20 , 45.28 , 0.00 , 0
75 , 69.31 , 42.74 , 0.00 , 0
76 , 69.31 , 40.09 , 0.00 , 0
77 , 70.14 , 39.65 , 0.00 , 0
78 , 70.42 , 37.47 , 0.00 , 0
79 , 70.70 , 36.38 , 0.00 , 0
80 , 71.25 , 35.25 , 0.00 , 0
81 , 71.53 , 33.52 , 0.00 , 0
82 , 71.53 , 32.31 , 0.00 , 0
83 , 71.53 , 31.66 , 0.00 , 0
84 , 70.98 , 31.00 , 0.00 , 0
85 , 70.98 , 31.52 , 0.00 , 0
86 , 70.70 , 30.92 , 0.00 , 0
87 , 71.25 , 30.90 , 0.00 , 0
88 , 71.53 , 29.17 , 0.00 , 0
89 , 71.25 , 27.96 , 0.00 , 0
90 , 70.98 , 27.89 , 0.00 , 0
91 , 70.70 , 27.85 , 0.00 , 0
92 , 70.70 , 27.83 , 0.00 , 0
93 , 70.14 , 27.26 , 0.00 , 0
94 , 70.70 , 27.86 , 0.00 , 0
95 , 69.87 , 26.18 , 0.00 , 0
96 , 70.14 , 27.36 , 0.00 , 0
97 , 69.59 , 26.29 , 0.00 , 0
98 , 69.87 , 26.94 , 0.00 , 0
99 , 68.75 , 25.90 , 0.00 , 0
100 , 69.31 , 27.74 , 0.00 , 0
101 , 68.75 , 26.20 , 0.00 , 0
102 , 68.20 , 26.94 , 0.00 , 0
103 , 68.20 , 27.73 , 0.00 , 0
104 , 68.48 , 27.41 , 0.00 , 0
105 , 68.20 , 26.50 , 0.00 , 0
106 , 67.64 , 26.74 , 0.00 , 0
107 , 67.37 , 27.59 , 0.00 , 0
108 , 67.92 , 27.90 , 0.00 , 0
109 , 67.09 , 26.50 , 0.00 , 0
110 , 67.09 , 27.96 , 0.00 , 0
111 , 66.81 , 27.75 , 0.00 , 0
112 , 66.81 , 28.12 , 0.00 , 0
113 , 67.09 , 27.94 , 0.00 , 0
114 , 66.53 , 27.18 , 0.00 , 0
115 , 65.98 , 28.13 , 0.00 , 0
116 , 66.53 , 29.15 , 0.00 , 0
117 , 66.81 , 27.88 , 0.00 , 0
118 , 66.26 , 27.15 , 0.00 , 0
119 , 65.98 , 28.13 , 0.00 , 0
120 , 65.42 , 28.59 , 0.00 , 0
121 , 66.26 , 29.66 , 0.00 , 0
122 , 65.98 , 27.87 , 0.00 , 0
123 , 66.26 , 28.32 , 0.00 , 0
124 , 65.70 , 27.64 , 0.00 , 0
125 , 65.70 , 28.68 , 0.00 , 0
126 , 65.70 , 28.61 , 0.00 , 0
127 , 65.42 , 28.54 , 0.00 , 0
128 , 64.87 , 29.05 , 0.00 , 0
129 , 65.42 , 30.18 , 0.00 , 0
130 , 65.42 , 29.03 , 0.00 , 0
131 , 65.15 , 28.98 , 0.00 , 0
132 , 65.42 , 29.52 , 0.00 , 0
133 , 64.87 , 28.93 , 0.00 , 0
134 , 64.87 , 30.05 , 0.00 , 0
135 , 65.15 , 30.06 , 0.00 , 0
136 , 65.15 , 29.49 , 0.00 , 0
137 , 64.87 , 29.48 , 0.00 , 0
138 , 65.42 , 30.05 , 0.00 , 0
139 , 65.70 , 28.89 , 0.00 , 0
140 , 65.42 , 28.27 , 0.00 , 0
141 , 65.42 , 28.78 , 0.00 , 0
142 , 65.42 , 28.74 , 0.00 , 0
143 , 65.98 , 28.70 , 0.00 , 0
144 , 65.15 , 27.49 , 0.00 , 0
145 , 65.42 , 29.14 , 0.00 , 0
146 , 65.70 , 28.54 , 0.00 , 0
147 , 65.42 , 27.92 , 0.00 , 0
148 , 65.42 , 28.43 , 0.00 , 0
149 , 65.42 , 28.39 , 0.00 , 0
150 , 65.42 , 28.34 , 0.00 , 0
151 , 65.98 , 28.30 , 0.00 , 0
152 , 65.15 , 27.09 , 0.00 , 0
153 , 65.42 , 28.74 , 0.00 , 0
154 , 65.15 , 28.15 , 0.00 , 0
155 , 65.70 , 28.69 , 0.00 , 0
156 , 64.87 , 27.51 , 0.00 , 0
157 , 65.15 , 29.19 , 0.00 , 0
158 , 64.87 , 28.62 , 0.00 , 0
159 , 65.70 , 29.18 , 0.00 , 0
160 , 64.59 , 27.45 , 0.00 , 0
161 , 65.42 , 29.71 , 0.00 , 0
162 , 65.15 , 28.00 , 0.00 , 0
163 , 64.87 , 28.54 , 0.00 , 0
164 , 65.42 , 29.11 , 0.00 , 0
165 , 65.15 , 27.96 , 0.00 , 0
166 , 64.87 , 28.50 , 0.00 , 0
167 , 64.87 , 29.07 , 0.00 , 0
168 , 64.59 , 29.08 , 0.00 , 0
169 , 64.59 , 29.68 , 0.00 , 0
170 , 64.04 , 29.72 , 0.00 , 0
171 , 64.59 , 30.92 , 0.00 , 0
172 , 64.31 , 29.85 , 0.00 , 0
173 , 65.15 , 30.48 , 0.00 , 0
174 , 64.59 , 28.80 , 0.00 , 0
175 , 64.04 , 29.95 , 0.00 , 0
176 , 64.31 , 31.16 , 0.00 , 0
177 , 64.87 , 30.67 , 0.00 , 0
178 , 64.87 , 29.57 , 0.00 , 0
179 , 64.59 , 29.59 , 0.00 , 0
180 , 64.59 , 30.18 , 0.00 , 0
181 , 64.31 , 30.22 , 0.00 , 0
182 , 64.31 , 30.85 , 0.00 , 0
183 , 64.31 , 30.91 , 0.00 , 0
184 , 64.87 , 30.98 , 0.00 , 0
185 , 63.76 , 29.89 , 0.00 , 0
186 , 64.87 , 32.23 , 0.00 , 0
187 , 64.87 , 30.02 , 0.00 , 0
188 , 64.87 , 30.04 , 0.00 , 0
189 , 64.87 , 30.05 , 0.00 , 0
190 , 64.59 , 30.06 , 0.00 , 0
191 , 64.31 , 30.66 , 0.00 , 0
192 , 64.31 , 31.28 , 0.00 , 0
193 , 64.31 , 31.35 , 0.00 , 0
194 , 64.31 , 31.42 , 0.00 , 0
195 , 65.15 , 31.49 , 0.00 , 0
196 , 64.87 , 29.81 , 0.00 , 0
197 , 64.31 , 30.38 , 0.00 , 0
198 , 65.15 , 31.56 , 0.00 , 0
199 , 64.59 , 29.88 , 0.00 , 0
200 , 64.87 , 31.03 , 0.00 , 0
201 , 65.15 , 30.49 , 0.00 , 0
202 , 65.15 , 29.92 , 0.00 , 0
203 , 64.87 , 29.90 , 0.00 , 0
204 , 65.42 , 30.47 , 0.00 , 0
205 , 65.15 , 29.32 , 0.00 , 0
206 , 65.15 , 29.86 , 0.00 , 0
207 , 65.42 , 29.84 , 0.00 , 0
208 , 64.87 , 29.24 , 0.00 , 0
209 , 65.15 , 30.37 , 0.00 , 0
210 , 64.87 , 29.80 , 0.00 , 0
211 , 65.42 , 30.37 , 0.00 , 0
212 , 64.87 , 29.21 , 0.00 , 0
213 , 65.42 , 30.34 , 0.00 , 0
214 , 65.15 , 29.18 , 0.00 , 0
215 , 65.42 , 29.73 , 0.00 , 0
216 , 64.87 , 29.13 , 0.00 , 0
217 , 64.87 , 30.25 , 0.00 , 0
218 , 65.15 , 30.26 , 0.00 , 0
219 , 64.87 , 29.69 , 0.00 , 0
220 , 65.15 , 30.26 , 0.00 , 0
221 , 64.87 , 29.69 , 0.00 , 0
222 , 64.87 , 30.26 , 0.00 , 0
223 , 64.87 , 30.27 , 0.00 , 0
224 , 64.87 , 30.29 , 0.00 , 0
225 , 64.87 , 30.30 , 0.00 , 0
226 , 64.87 , 30.31 , 0.00 , 0
227 , 64.59 , 30.33 , 0.00 , 0
228 , 64.59 , 30.92 , 0.00 , 0
229 , 64.87 , 30.96 , 0.00 , 0
230 , 64.87 , 30.42 , 0.00 , 0
231 , 64.87 , 30.43 , 0.00 , 0
232 , 64.59 , 30.45 , 0.00 , 0
233 , 64.04 , 31.04 , 0.00 , 0
234 , 64.87 , 32.25 , 0.00 , 0
235 , 64.87 , 30.60 , 0.00 , 0
236 , 64.59 , 30.61 , 0.00 , 0
237 , 64.87 , 31.21 , 0.00 , 0
238 , 64.87 , 30.67 , 0.00 , 0
239 , 64.59 , 30.68 , 0.00 , 0
240 , 64.87 , 31.27 , 0.00 , 0
241 , 65.15 , 30.73 , 0.00 , 0
242 , 64.87 , 30.16 , 0.00 , 0
243 , 64.87 , 30.73 , 0.00 , 0
244 , 65.15 , 30.74 , 0.00 , 0
245 , 64.31 , 30.17 , 0.00 , 0
246 , 64.59 , 31.91 , 0.00 , 0
247 , 64.59 , 31.39 , 0.00 , 0
248 , 64.59 , 31.44 , 0.00 , 0
249 , 64.59 , 31.48 , 0.00 , 0
250 , 64.87 , 31.52 , 0.00 , 0
251 , 64.87 , 30.98 , 0.00 , 0
252 , 64.04 , 30.99 , 0.00 , 0
253 , 64.31 , 32.75 , 0.00 , 0
254 , 64.31 , 32.26 , 0.00 , 0
255 , 64.59 , 32.33 , 0.00 , 0
256 , 64.31 , 31.82 , 0.00 , 0
257 , 64.59 , 32.44 , 0.00 , 0
258 , 64.04 , 31.93 , 0.00 , 0
259 , 64.04 , 33.13 , 0.00 , 0
260 , 64.59 , 33.23 , 0.00 , 0
261 , 64.87 , 32.16 , 0.00 , 0
262 , 64.31 , 31.62 , 0.00 , 0
263 , 64.59 , 32.80 , 0.00 , 0
264 , 64.04 , 32.28 , 0.00 , 0
265 , 64.31 , 33.49 , 0.00 , 0
266 , 64.31 , 33.00 , 0.00 , 0
267 , 64.31 , 33.07 , 0.00 , 0
268 , 64.31 , 33.14 , 0.00 , 0
269 , 64.87 , 33.21 , 0.00 , 0
270 , 65.15 , 32.11 , 0.00 , 0
271 , 65.15 , 31.54 , 0.00 , 0
272 , 64.59 , 31.53 , 0.00 , 0
273 , 65.15 , 32.68 , 0.00 , 0
274 , 64.87 , 31.55 , 0.00 , 0
275 , 65.15 , 32.12 , 0.00 , 0
276 , 65.15 , 31.55 , 0.00 , 0
277 , 65.42 , 31.54 , 0.00 , 0
278 , 65.15 , 30.94 , 0.00 , 0
279 , 64.59 , 31.48 , 0.00 , 0
280 , 64.87 , 32.63 , 0.00 , 0
281 , 65.15 , 32.09 , 0.00 , 0
282 , 64.04 , 31.52 , 0.00 , 0
283 , 64.59 , 33.84 , 0.00 , 0
284 , 64.59 , 32.77 , 0.00 , 0
285 , 64.59 , 32.81 , 0.00 , 0
286 , 65.15 , 32.85 , 0.00 , 0
287 , 65.15 , 31.73 , 0.00 , 0
288 , 64.87 , 31.71 , 0.00 , 0
289 , 65.15 , 32.28 , 0.00 , 0
290 , 64.59 , 31.71 , 0.00 , 0
291 , 64.31 , 32.86 , 0.00 , 0
292 , 64.31 , 33.48 , 0.00 , 0
293 , 64.59 , 33.55 , 0.00 , 0
294 , 64.87 , 33.04 , 0.00 , 0
295 , 64.59 , 32.50 , 0.00 , 0
296 , 64.31 , 33.09 , 0.00 , 0
297 , 64.87 , 33.72 , 0.00 , 0
298 , 65.15 , 32.62 , 0.00 , 0
299 , 64.87 , 32.05 , 0.00 , 0
300 , 64.87 , 32.62 , 0.00 , 0
301 , 64.87 , 32.63 , 0.00 , 0
302 , 64.87 , 32.64 , 0.00 , 0
303 , 64.87 , 32.66 , 0.00 , 0
304 , 65.15 , 32.67 , 0.00 , 0
305 , 64.87 , 32.10 , 0.00 , 0
306 , 64.59 , 32.67 , 0.00 , 0
307 , 64.87 , 33.26 , 0.00 , 0
308 , 64.87 , 32.72 , 0.00 , 0
309 , 64.04 , 32.74 , 0.00 , 0
310 , 64.87 , 34.50 , 0.00 , 0
311 , 64.31 , 32.85 , 0.00 , 0
312 , 65.15 , 34.02 , 0.00 , 0
313 , 64.31 , 32.34 , 0.00 , 0
314 , 65.15 , 34.08 , 0.00 , 0
315 , 64.59 , 32.40 , 0.00 , 0
316 , 64.87 , 33.55 , 0.00 , 0
317 , 65.15 , 33.01 , 0.00 , 0
318 , 64.87 , 32.44 , 0.00 , 0
319 , 64.59 , 33.01 , 0.00 , 0
320 , 64.87 , 33.60 , 0.00 , 0
321 , 65.15 , 33.06 , 0.00 , 0
322 , 64.87 , 32.49 , 0.00 , 0
323 , 64.59 , 33.06 , 0.00 , 0
324 , 64.87 , 33.65 , 0.00 , 0
325 , 64.87 , 33.11 , 0.00 , 0
326 , 64.87 , 33.13 , 0.00 , 0
327 , 64.59 , 33.14 , 0.00 , 0
328 , 64.59 , 33.73 , 0.00 , 0
329 , 64.87 , 33.78 , 0.00 , 0
330 , 65.42 , 33.23 , 0.00 , 0
331 , 64.87 , 32.08 , 0.00 , 0
332 , 64.87 , 33.20 , 0.00 , 0
333 , 64.59 , 33.22 , 0.00 , 0
334 , 65.15 , 33.81 , 0.00 , 0
335 , 64.59 , 32.69 , 0.00 , 0
336 , 64.87 , 33.84 , 0.00 , 0
337 , 64.87 , 33.30 , 0.00 , 0
338 , 64.87 , 33.31 , 0.00 , 0
339 , 65.15 , 33.32 , 0.00 , 0
340 , 65.15 , 32.75 , 0.00 , 0
341 , 64.87 , 32.74 , 0.00 , 0
342 , 64.31 , 33.31 , 0.00 , 0
343 , 64.87 , 34.49 , 0.00 , 0
344 , 64.87 , 33.39 , 0.00 , 0
345 , 64.59 , 33.40 , 0.00 , 0
346 , 65.15 , 34.00 , 0.00 , 0
347 , 64.87 , 32.87 , 0.00 , 0
348 , 65.15 , 33.44 , 0.00 , 0
349 , 64.31 , 32.87 , 0.00 , 0
350 , 65.15 , 34.61 , 0.00 , 0
351 , 64.59 , 32.93 , 0.00 , 0
352 , 64.59 , 34.08 , 0.00 , 0
353 , 64.59 , 34.12 , 0.00 , 0
354 , 65.15 , 34.16 , 0.00 , 0
355 , 64.59 , 33.03 , 0.00 , 0
356 , 65.42 , 34.19 , 0.00 , 0
357 , 64.59 , 32.48 , 0.00 , 0
358 , 64.87 , 34.18 , 0.00 , 0
359 , 65.15 , 33.64 , 0.00 , 0
360 , 65.15 , 33.07 , 0.00 , 0
361 , 64.59 , 33.06 , 0.00 , 0
362 , 64.87 , 34.21 , 0.00 , 0
363 , 64.87 , 33.67 , 0.00 , 0
364 , 65.15 , 33.68 , 0.00 , 0
365 , 64.59 , 33.11 , 0.00 , 0
366 , 64.59 , 34.26 , 0.00 , 0
367 , 64.31 , 34.30 , 0.00 , 0
368 , 64.59 , 34.93 , 0.00 , 0
369 , 64.04 , 34.41 , 0.00 , 0
370 , 65.42 , 35.62 , 0.00 , 0
371 , 65.15 , 32.80 , 0.00 , 0
372 , 64.31 , 33.34 , 0.00 , 0
373 , 65.15 , 35.08 , 0.00 , 0
374 , 65.42 , 33.40 , 0.00 , 0
375 , 65.15 , 32.80 , 0.00 , 0
376 , 64.87 , 33.34 , 0.00 , 0
377 , 65.42 , 33.91 , 0.00 , 0
378 , 65.15 , 32.75 , 0.00 , 0
379 , 65.15 , 33.29 , 0.00 , 0
380 , 64.87 , 33.28 , 0.00 , 0
381 , 64.59 , 33.85 , 0.00 , 0
382 , 64.59 , 34.44 , 0.00 , 0
383 , 65.15 , 34.48 , 0.00 , 0
384 , 64.87 , 33.36 , 0.00 , 0
385 , 64.87 , 33.93 , 0.00 , 0
386 , 65.15 , 33.94 , 0.00 , 0
387 , 64.87 , 33.37 , 0.00 , 0
388 , 64.87 , 33.94 , 0.00 , 0
389 , 65.42 , 33.95 , 0.00 , 0
390 , 64.87 , 32.80 , 0.00 , 0
391 , 64.87 , 33.92 , 0.00 , 0
392 , 64.87 , 33.94 , 0.00 , 0
393 , 64.87 , 33.95 , 0.00 , 0
394 , 64.59 , 33.96 , 0.00 , 0
395 , 65.42 , 34.56 , 0.00 , 0
396 , 64.87 , 32.85 , 0.00 , 0
397 , 64.87 , 33.97 , 0.00 , 0
398 , 64.87 , 33.99 , 0.00 , 0
399 , 64.59 , 34.00 , 0.00 , 0
400 , 64.59 , 34.60 , 0.00 , 0
401 , 64.59 , 34.64 , 0.00 , 0
402 , 65.15 , 34.68 , 0.00 , 0
403 , 65.15 , 33.55 , 0.00 , 0
404 , 64.87 , 33.54 , 0.00 , 0
405 , 65.42 , 34.11 , 0.00 , 0
406 , 65.15 , 32.95 , 0.00 , 0
407 , 64.59 , 33.50 , 0.00 , 0
408 , 64.59 , 34.65 , 0.00 , 0
409 , 64.59 , 34.69 , 0.00 , 0
410 , 64.87 , 34.73 , 0.00 , 0
411 , 65.42 , 34.19 , 0.00 , 0
412 , 65.15 , 33.03 , 0.00 , 0
413 , 65.42 , 33.57 , 0.00 , 0
414 , 65.42 , 32.98 , 0.00 , 0
415 , 65.15 , 32.93 , 0.00 , 0
416 , 65.15 , 33.47 , 0.00 , 0
417 , 64.87 , 33.46 , 0.00 , 0
418 , 64.87 , 34.03 , 0.00 , 0
419 , 64.87 , 34.04 , 0.00 , 0
420 , 64.87 , 34.05 , 0.00 , 0
421 , 65.42 , 34.07 , 0.00 , 0
422 , 65.15 , 32.92 , 0.00 , 0
423 , 64.87 , 33.46 , 0.00 , 0
424 , 65.42 , 34.02 , 0.00 , 0
425 , 65.15 , 32.87 , 0.00 , 0
426 , 65.15 , 33.41 , 0.00 , 0
427 , 64.59 , 33.40 , 0.00 , 0
428 , 65.42 , 34.55 , 0.00 , 0
429 , 64.87 , 32.84 , 0.00 , 0
430 , 64.59 , 33.96 , 0.00 , 0
431 , 64.59 , 34.56 , 0.00 , 0
432 , 64.87 , 34.60 , 0.00 , 0
433 , 64.87 , 34.06 , 0.00 , 0
434 , 64.87 , 34.07 , 0.00 , 0
435 , 64.59 , 34.09 , 0.00 , 0
436 , 65.15 , 34.68 , 0.00 , 0
437 , 65.15 , 33.56 , 0.00 , 0
438 , 65.15 , 33.54 , 0.00 , 0
439 , 65.42 , 33.53 , 0.00 , 0
440 , 64.87 , 32.93 , 0.00 , 0
441 , 64.87 , 34.05 , 0.00 , 0
442 , 64.87 , 34.07 , 0.00 , 0
443 , 64.59 , 34.08 , 0.00 , 0
444 , 64.87 , 34.68 , 0.00 , 0
445 , 64.87 , 34.13 , 0.00 , 0
446 , 64.31 , 34.15 , 0.00 , 0
447 , 65.42 , 35.33 , 0.00 , 0
448 , 65.42 , 33.06 , 0.00 , 0
449 , 64.87 , 33.02 , 0.00 , 0
450 , 65.42 , 34.14 , 0.00 , 0
451 , 65.15 , 32.99 , 0.00 , 0
452 , 64.87 , 33.53 , 0.00 , 0
453 , 65.42 , 34.10 , 0.00 , 0
454 , 64.87 , 32.95 , 0.00 , 0
455 , 65.15 , 34.07 , 0.00 , 0
456 , 64.87 , 33.50 , 0.00 , 0
457 , 64.31 , 34.07 , 0.00 , 0
458 , 64.31 , 35.25 , 0.00 , 0
459 , 65.15 , 35.32 , 0.00 , 0
460 , 64.87 , 33.64 , 0.00 , 0
461 , 65.42 , 34.20 , 0.00 , 0
462 , 65.15 , 33.05 , 0.00 , 0
463 , 65.42 , 33.59 , 0.00 , 0
464 , 65.70 , 32.99 , 0.00 , 0
465 , 65.42 , 32.37 , 0.00 , 0
466 , 65.70 , 32.88 , 0.00 , 0
467 , 65.70 , 32.26 , 0.00 , 0
468 , 65.70 , 32.19 , 0.00 , 0
469 , 65.15 , 32.12 , 0.00 , 0
470 , 65.15 , 33.21 , 0.00 , 0
471 , 64.87 , 33.20 , 0.00 , 0
472 , 65.42 , 33.77 , 0.00 , 0
473 , 65.42 , 32.61 , 0.00 , 0
474 , 64.87 , 32.57 , 0.00 , 0
475 , 65.42 , 33.69 , 0.00 , 0
476 , 64.59 , 32.54 , 0.00 , 0
477 , 65.15 , 34.25 , 0.00 , 0
479 , 64.31 , 33.12 , 0.00 , 0
480 , 65.42 , 34.86 , 0.00 , 0
481 , 65.15 , 32.59 , 0.00 , 0
482 , 65.42 , 33.13 , 0.00 , 0
483 , 65.15 , 32.54 , 0.00 , 0
484 , 64.59 , 33.08 , 0.00 , 0
485 , 65.15 , 34.23 , 0.00 , 0
486 , 65.42 , 33.10 , 0.00 , 0
487 , 65.15 , 32.51 , 0.00 , 0
488 , 64.59 , 33.05 , 0.00 , 0
489 , 65.15 , 34.20 , 0.00 , 0
490 , 64.87 , 33.07 , 0.00 , 0
491 , 64.31 , 33.64 , 0.00 , 0
492 , 65.42 , 34.82 , 0.00 , 0
493 , 65.15 , 32.56 , 0.00 , 0
494 , 64.59 , 33.10 , 0.00 , 0
495 , 65.15 , 34.25 , 0.00 , 0
496 , 64.59 , 33.12 , 0.00 , 0
497 , 65.15 , 34.28 , 0.00 , 0
498 , 65.15 , 33.15 , 0.00 , 0
499 , 64.87 , 33.14 , 0.00 , 0
500 , 64.59 , 33.70 , 0.00 , 0
501 , 65.42 , 34.30 , 0.00 , 0
502 , 64.31 , 32.59 , 0.00 , 0
503 , 65.42 , 34.88 , 0.00 , 0
504 , 64.87 , 32.62 , 0.00 , 0
505 , 64.31 , 33.74 , 0.00 , 0
506 , 64.87 , 34.92 , 0.00 , 0
507 , 65.42 , 33.82 , 0.00 , 0
508 , 64.59 , 32.67 , 0.00 , 0
509 , 64.87 , 34.38 , 0.00 , 0
510 , 65.42 , 33.84 , 0.00 , 0
511 , 64.87 , 32.68 , 0.00 , 0
512 , 65.15 , 33.81 , 0.00 , 0
513 , 65.15 , 33.24 , 0.00 , 0
514 , 65.15 , 33.22 , 0.00 , 0
515 , 65.42 , 33.21 , 0.00 , 0
516 , 65.15 , 32.61 , 0.00 , 0
517 , 64.59 , 33.15 , 0.00 , 0
518 , 65.15 , 34.30 , 0.00 , 0
519 , 64.87 , 33.18 , 0.00 , 0
520 , 64.87 , 33.74 , 0.00 , 0
521 , 65.15 , 33.76 , 0.00 , 0
522 , 65.15 , 33.19 , 0.00 , 0
523 , 64.31 , 33.17 , 0.00 , 0
524 , 65.42 , 34.91 , 0.00 , 0
525 , 64.87 , 32.64 , 0.00 , 0
526 , 64.87 , 33.77 , 0.00 , 0
527 , 64.87 , 33.78 , 0.00 , 0
528 , 64.59 , 33.79 , 0.00 , 0
529 , 65.15 , 34.39 , 0.00 , 0
530 , 65.15 , 33.27 , 0.00 , 0
531 , 64.87 , 33.25 , 0.00 , 0
532 , 64.59 , 33.82 , 0.00 , 0
533 , 65.42 , 34.42 , 0.00 , 0
534 , 64.87 , 32.71 , 0.00 , 0
535 , 65.42 , 33.83 , 0.00 , 0
536 , 64.87 , 32.68 , 0.00 , 0
537 , 65.15 , 33.80 , 0.00 , 0
538 , 64.59 , 33.23 , 0.00 , 0
539 , 65.15 , 34.38 , 0.00 , 0
540 , 65.15 , 33.26 , 0.00 , 0
541 , 65.15 , 33.24 , 0.00 , 0
542 , 64.31 , 33.23 , 0.00 , 0
543 , 64.87 , 34.96 , 0.00 , 0
544 , 64.87 , 33.87 , 0.00 , 0
545 , 64.87 , 33.88 , 0.00 , 0
546 , 64.87 , 33.89 , 0.00 , 0
547 , 64.59 , 33.91 , 0.00 , 0
548 , 64.59 , 34.50 , 0.00 , 0
549 , 64.87 , 34.54 , 0.00 , 0
550 , 65.42 , 34.00 , 0.00 , 0
551 , 65.15 , 32.85 , 0.00 , 0
552 , 64.87 , 33.39 , 0.00 , 0
553 , 64.59 , 33.96 , 0.00 , 0
554 , 64.59 , 34.55 , 0.00 , 0
555 , 64.31 , 34.59 , 0.00 , 0
556 , 64.31 , 35.22 , 0.00 , 0
557 , 64.87 , 35.29 , 0.00 , 0
558 , 65.15 , 34.19 , 0.00 , 0
559 , 65.15 , 33.62 , 0.00 , 0
560 , 64.87 , 33.60 , 0.00 , 0
561 , 64.59 , 34.17 , 0.00 , 0
562 , 65.15 , 34.77 , 0.00 , 0
563 , 65.15 , 33.64 , 0.00 , 0
564 , 64.87 , 33.63 , 0.00 , 0
565 , 64.87 , 34.20 , 0.00 , 0
566 , 65.15 , 34.21 , 0.00 , 0
567 , 64.87 , 33.64 , 0.00 , 0
568 , 64.59 , 34.21 , 0.00 , 0
569 , 64.87 , 34.80 , 0.00 , 0
570 , 65.15 , 34.26 , 0.00 , 0
571 , 64.87 , 33.69 , 0.00 , 0
572 , 64.87 , 34.26 , 0.00 , 0
573 , 64.31 , 34.27 , 0.00 , 0
574 , 65.15 , 35.45 , 0.00 , 0
575 , 65.42 , 33.77 , 0.00 , 0
576 , 65.42 , 33.18 , 0.00 , 0
577 , 65.15 , 33.13 , 0.00 , 0
578 , 64.87 , 33.67 , 0.00 , 0
579 , 64.87 , 34.24 , 0.00 , 0
580 , 65.15 , 34.26 , 0.00 , 0
581 , 65.15 , 33.69 , 0.00 , 0
582 , 64.59 , 33.67 , 0.00 , 0
583 , 64.59 , 34.82 , 0.00 , 0
584 , 64.59 , 34.86 , 0.00 , 0
585 , 65.42 , 34.90 , 0.00 , 0
586 , 64.87 , 33.20 , 0.00 , 0
587 , 64.87 , 34.32 , 0.00 , 0
588 , 65.15 , 34.33 , 0.00 , 0
589 , 64.59 , 33.76 , 0.00 , 0
590 , 65.42 , 34.91 , 0.00 , 0
591 , 64.59 , 33.21 , 0.00 , 0
592 , 65.15 , 34.91 , 0.00 , 0
593 , 65.15 , 33.79 , 0.00 , 0
594 , 64.59 , 33.77 , 0.00 , 0
595 , 64.87 , 34.92 , 0.00 , 0
596 , 64.59 , 34.38 , 0.00 , 0
597 , 65.15 , 34.98 , 0.00 , 0
598 , 65.15 , 33.85 , 0.00 , 0
599 , 65.15 , 33.84 , 0.00 , 0
600 , 64.87 , 33.82 , 0.00 , 0
601 , 64.59 , 34.39 , 0.00 , 0
602 , 65.15 , 34.99 , 0.00 , 0
603 , 64.87 , 33.86 , 0.00 , 0
604 , 65.15 , 34.43 , 0.00 , 0
605 , 64.87 , 33.86 , 0.00 , 0
606 , 65.15 , 34.43 , 0.00 , 0
607 , 65.15 , 33.86 , 0.00 , 0
608 , 65.15 , 33.85 , 0.00 , 0
609 , 64.87 , 33.83 , 0.00 , 0
610 , 65.15 , 34.40 , 0.00 , 0
611 , 65.15 , 33.83 , 0.00 , 0
612 , 65.15 , 33.81 , 0.00 , 0
613 , 65.15 , 33.80 , 0.00 , 0
614 , 64.87 , 33.79 , 0.00 , 0
615 , 64.87 , 34.35 , 0.00 , 0
616 , 64.87 , 34.37 , 0.00 , 0
617 , 64.87 , 34.38 , 0.00 , 0
618 , 64.59 , 34.39 , 0.00 , 0
619 , 64.87 , 34.99 , 0.00 , 0
620 , 64.87 , 34.45 , 0.00 , 0
621 , 64.59 , 34.46 , 0.00 , 0
622 , 65.15 , 35.06 , 0.00 , 0
623 , 64.59 , 33.93 , 0.00 , 0
624 , 64.31 , 35.08 , 0.00 , 0
625 , 65.15 , 35.71 , 0.00 , 0
626 , 65.42 , 34.03 , 0.00 , 0
627 , 65.42 , 33.43 , 0.00 , 0
628 , 65.42 , 33.39 , 0.00 , 0
629 , 65.70 , 33.34 , 0.00 , 0
630 , 65.70 , 32.72 , 0.00 , 0
631 , 64.87 , 32.65 , 0.00 , 0
632 , 65.15 , 34.33 , 0.00 , 0
633 , 64.87 , 33.76 , 0.00 , 0
634 , 65.15 , 34.33 , 0.00 , 0
635 , 64.87 , 33.76 , 0.00 , 0
636 , 65.15 , 34.32 , 0.00 , 0
637 , 64.59 , 33.75 , 0.00 , 0
638 , 64.87 , 34.91 , 0.00 , 0
639 , 65.15 , 34.36 , 0.00 , 0
640 , 64.87 , 33.79 , 0.00 , 0
641 , 65.42 , 34.36 , 0.00 , 0
642 , 65.15 , 33.21 , 0.00 , 0
643 , 65.15 , 33.75 , 0.00 , 0
644 , 65.15 , 33.74 , 0.00 , 0
645 , 64.87 , 33.72 , 0.00 , 0
646 , 65.15 , 34.29 , 0.00 , 0
647 , 64.87 , 33.72 , 0.00 , 0
648 , 64.59 , 34.29 , 0.00 , 0
649 , 65.42 , 34.88 , 0.00 , 0
650 , 65.15 , 33.18 , 0.00 , 0
651 , 65.15 , 33.72 , 0.00 , 0
652 , 65.15 , 33.70 , 0.00 , 0
653 , 65.15 , 33.69 , 0.00 , 0
654 , 64.87 , 33.67 , 0.00 , 0
655 , 64.59 , 34.24 , 0.00 , 0
656 , 65.15 , 34.84 , 0.00 , 0
657 , 65.42 , 33.71 , 0.00 , 0
658 , 65.15 , 33.11 , 0.00 , 0
659 , 65.42 , 33.65 , 0.00 , 0
660 , 65.42 , 33.06 , 0.00 , 0
661 , 65.42 , 33.01 , 0.00 , 0
662 , 64.87 , 32.97 , 0.00 , 0
663 , 64.87 , 34.10 , 0.00 , 0
664 , 64.59 , 34.11 , 0.00 , 0
665 , 64.59 , 34.71 , 0.00 , 0
666 , 64.59 , 34.75 , 0.00 , 0
667 , 65.42 , 34.79 , 0.00 , 0
668 , 64.87 , 33.08 , 0.00 , 0
669 , 65.15 , 34.20 , 0.00 , 0
670 , 64.87 , 33.63 , 0.00 , 0
671 , 64.87 , 34.20 , 0.00 , 0
672 , 65.15 , 34.21 , 0.00 , 0
673 , 65.15 , 33.64 , 0.00 , 0
674 , 64.59 , 33.63 , 0.00 , 0
675 , 64.87 , 34.78 , 0.00 , 0
676 , 65.15 , 34.24 , 0.00 , 0
677 , 65.15 , 33.67 , 0.00 , 0
678 , 65.15 , 33.65 , 0.00 , 0
679 , 64.59 , 33.64 , 0.00 , 0
680 , 64.87 , 34.79 , 0.00 , 0
681 , 64.87 , 34.25 , 0.00 , 0
682 , 65.15 , 34.26 , 0.00 , 0
683 , 64.87 , 33.69 , 0.00 , 0
684 , 64.59 , 34.26 , 0.00 , 0
685 , 64.59 , 34.86 , 0.00 , 0
686 , 64.04 , 34.90 , 0.00 , 0
687 , 64.59 , 36.10 , 0.00 , 0
688 , 65.15 , 35.03 , 0.00 , 0
689 , 64.87 , 33.91 , 0.00 , 0
690 , 64.87 , 34.48 , 0.00 , 0
691 , 64.31 , 34.49 , 0.00 , 0
692 , 64.87 , 35.67 , 0.00 , 0
693 , 65.15 , 34.57 , 0.00 , 0
694 , 64.59 , 34.00 , 0.00 , 0
695 , 64.87 , 35.15 , 0.00 , 0
696 , 64.87 , 34.61 , 0.00 , 0
697 , 65.15 , 34.63 , 0.00 , 0
698 , 64.87 , 34.06 , 0.00 , 0
699 , 64.87 , 34.62 , 0.00 , 0
700 , 64.87 , 34.64 , 0.00 , 0
701 , 65.15 , 34.65 , 0.00 , 0
702 , 65.15 , 34.08 , 0.00 , 0
703 , 65.15 , 34.07 , 0.00 , 0
704 , 65.15 , 34.05 , 0.00 , 0
705 , 64.59 , 34.04 , 0.00 , 0
706 , 64.87 , 35.19 , 0.00 , 0
707 , 64.87 , 34.65 , 0.00 , 0
708 , 64.59 , 34.66 , 0.00 , 0
709 , 64.87 , 35.26 , 0.00 , 0
710 , 65.42 , 34.71 , 0.00 , 0
711 , 65.42 , 33.56 , 0.00 , 0
712 , 64.59 , 33.52 , 0.00 , 0
713 , 65.42 , 35.22 , 0.00 , 0
714 , 64.59 , 33.52 , 0.00 , 0
715 , 64.87 , 35.22 , 0.00 , 0
716 , 65.15 , 34.68 , 0.00 , 0
717 , 65.42 , 34.11 , 0.00 , 0
718 , 65.42 , 33.51 , 0.00 , 0
719 , 65.42 , 33.47 , 0.00 , 0
720 , 65.42 , 33.43 , 0.00 , 0
721 , 65.42 , 33.39 , 0.00 , 0
722 , 65.15 , 33.34 , 0.00 , 0
723 , 65.42 , 33.88 , 0.00 , 0
724 , 64.59 , 33.29 , 0.00 , 0
725 , 65.42 , 34.99 , 0.00 , 0
726 , 64.87 , 33.29 , 0.00 , 0
727 , 64.87 , 34.41 , 0.00 , 0
728 , 65.15 , 34.42 , 0.00 , 0
729 , 65.15 , 33.85 , 0.00 , 0
730 , 65.42 , 33.84 , 0.00 , 0
731 , 64.87 , 33.24 , 0.00 , 0
732 , 65.42 , 34.36 , 0.00 , 0
733 , 64.59 , 33.21 , 0.00 , 0
734 , 64.59 , 34.92 , 0.00 , 0
735 , 64.87 , 34.96 , 0.00 , 0
736 , 64.87 , 34.42 , 0.00 , 0
737 , 65.42 , 34.43 , 0.00 , 0
738 , 65.15 , 33.28 , 0.00 , 0
739 , 65.15 , 33.82 , 0.00 , 0
740 , 65.15 , 33.80 , 0.00 , 0
741 , 64.87 , 33.79 , 0.00 , 0
742 , 64.87 , 34.36 , 0.00 , 0
743 , 64.87 , 34.37 , 0.00 , 0
744 , 64.87 , 34.38 , 0.00 , 0
745 , 64.87 , 34.40 , 0.00 , 0
746 , 65.42 , 34.41 , 0.00 , 0
747 , 65.42 , 33.26 , 0.00 , 0
748 , 65.42 , 33.21 , 0.00 , 0
749 , 65.42 , 33.17 , 0.00 , 0
750 , 65.42 , 33.13 , 0.00 , 0
751 , 64.87 , 33.09 , 0.00 , 0
752 , 64.59 , 34.21 , 0.00 , 0
753 , 64.31 , 34.81 , 0.00 , 0
754 , 64.87 , 35.43 , 0.00 , 0
755 , 65.15 , 34.33 , 0.00 , 0
756 , 65.15 , 33.76 , 0.00 , 0
757 , 64.59 , 33.75 , 0.00 , 0
758 , 65.15 , 34.90 , 0.00 , 0
759 , 64.87 , 33.77 , 0.00 , 0
760 , 64.87 , 34.34 , 0.00 , 0
761 , 64.59 , 34.36 , 0.00 , 0
762 , 64.87 , 34.95 , 0.00 , 0
763 , 64.31 , 34.41 , 0.00 , 0
764 , 65.15 , 35.59 , 0.00 , 0
765 , 64.87 , 33.91 , 0.00 , 0
766 , 64.59 , 34.48 , 0.00 , 0
767 , 64.87 , 35.07 , 0.00 , 0
768 , 65.15 , 34.53 , 0.00 , 0
769 , 64.87 , 33.96 , 0.00 , 0
770 , 65.15 , 34.53 , 0.00 , 0
771 , 65.15 , 33.96 , 0.00 , 0
772 , 65.42 , 33.95 , 0.00 , 0
773 , 64.31 , 33.35 , 0.00 , 0
774 , 64.59 , 35.64 , 0.00 , 0
775 , 65.15 , 35.12 , 0.00 , 0
776 , 65.42 , 34.00 , 0.00 , 0
777 , 65.15 , 33.40 , 0.00 , 0
778 , 65.15 , 33.94 , 0.00 , 0
779 , 64.87 , 33.93 , 0.00 , 0
780 , 64.59 , 34.49 , 0.00 , 0
781 , 64.87 , 35.09 , 0.00 , 0
782 , 64.59 , 34.55 , 0.00 , 0
783 , 64.59 , 35.14 , 0.00 , 0
784 , 64.59 , 35.19 , 0.00 , 0
785 , 65.15 , 35.23 , 0.00 , 0
786 , 64.87 , 34.10 , 0.00 , 0
787 , 64.87 , 34.67 , 0.00 , 0
788 , 64.31 , 34.68 , 0.00 , 0
789 , 64.87 , 35.86 , 0.00 , 0
790 , 65.15 , 34.76 , 0.00 , 0
791 , 65.42 , 34.19 , 0.00 , 0
792 , 64.31 , 33.60 , 0.00 , 0
793 , 64.87 , 35.89 , 0.00 , 0
794 , 64.87 , 34.79 , 0.00 , 0
795 , 65.42 , 34.80 , 0.00 , 0
796 , 65.42 , 33.65 , 0.00 , 0
797 , 64.87 , 33.61 , 0.00 , 0
798 , 64.59 , 34.73 , 0.00 , 0
799 , 65.15 , 35.33 , 0.00 , 0
800 , 65.15 , 34.20 , 0.00 , 0
801 , 65.15 , 34.19 , 0.00 , 0
802 , 65.42 , 34.17 , 0.00 , 0
803 , 64.87 , 33.57 , 0.00 , 0
804 , 65.15 , 34.70 , 0.00 , 0
805 , 65.15 , 34.13 , 0.00 , 0
806 , 65.42 , 34.11 , 0.00 , 0
807 , 65.42 , 33.52 , 0.00 , 0
808 , 64.87 , 33.47 , 0.00 , 0
809 , 65.15 , 34.60 , 0.00 , 0
810 , 65.42 , 34.03 , 0.00 , 0
811 , 64.87 , 33.43 , 0.00 , 0
812 , 65.15 , 34.55 , 0.00 , 0
813 , 65.42 , 33.98 , 0.00 , 0
814 , 65.42 , 33.39 , 0.00 , 0
815 , 65.15 , 33.34 , 0.00 , 0
816 , 64.87 , 33.88 , 0.00 , 0
817 , 65.15 , 34.45 , 0.00 , 0
818 , 64.59 , 33.88 , 0.00 , 0
819 , 65.42 , 35.03 , 0.00 , 0
820 , 65.42 , 33.33 , 0.00 , 0
821 , 65.15 , 33.28 , 0.00 , 0
822 , 65.42 , 33.82 , 0.00 , 0
823 , 65.15 , 33.23 , 0.00 , 0
824 , 65.15 , 33.77 , 0.00 , 0
825 , 65.15 , 33.75 , 0.00 , 0
826 , 64.59 , 33.74 , 0.00 , 0
827 , 64.87 , 34.89 , 0.00 , 0
828 , 65.15 , 34.35 , 0.00 , 0
829 , 64.87 , 33.78 , 0.00 , 0
830 , 64.59 , 34.35 , 0.00 , 0
831 , 65.15 , 34.94 , 0.00 , 0
832 , 65.15 , 33.82 , 0.00 , 0
833 , 64.87 , 33.80 , 0.00 , 0
834 , 64.87 , 34.37 , 0.00 , 0
835 , 65.42 , 34.38 , 0.00 , 0
836 , 65.15 , 33.23 , 0.00 , 0
837 , 65.15 , 33.77 , 0.00 , 0
838 , 65.15 , 33.76 , 0.00 , 0
839 , 65.15 , 33.74 , 0.00 , 0
840 , 65.15 , 33.73 , 0.00 , 0
841 , 65.15 , 33.71 , 0.00 , 0
842 , 64.87 , 33.70 , 0.00 , 0
843 , 64.87 , 34.27 , 0.00 , 0
844 , 64.04 , 34.28 , 0.00 , 0
845 , 64.59 , 36.04 , 0.00 , 0
846 , 65.42 , 34.97 , 0.00 , 0
847 , 65.42 , 33.26 , 0.00 , 0
848 , 64.59 , 33.22 , 0.00 , 0
849 , 65.15 , 34.93 , 0.00 , 0
850 , 65.15 , 33.80 , 0.00 , 0
851 , 65.15 , 33.79 , 0.00 , 0
852 , 64.87 , 33.77 , 0.00 , 0
853 , 65.15 , 34.34 , 0.00 , 0
854 , 65.42 , 33.77 , 0.00 , 0
855 , 64.87 , 33.18 , 0.00 , 0
856 , 64.59 , 34.30 , 0.00 , 0
857 , 65.15 , 34.89 , 0.00 , 0
858 , 64.59 , 33.77 , 0.00 , 0
859 , 65.15 , 34.92 , 0.00 , 0
860 , 64.59 , 33.80 , 0.00 , 0
861 , 64.04 , 34.95 , 0.00 , 0
862 , 64.59 , 36.15 , 0.00 , 0
863 , 65.15 , 35.08 , 0.00 , 0
864 , 65.15 , 33.96 , 0.00 , 0
865 , 64.59 , 33.94 , 0.00 , 0
866 , 65.15 , 35.10 , 0.00 , 0
867 , 64.87 , 33.97 , 0.00 , 0
868 , 64.59 , 34.54 , 0.00 , 0
869 , 64.87 , 35.14 , 0.00 , 0
870 , 64.87 , 34.59 , 0.00 , 0
871 , 64.59 , 34.61 , 0.00 , 0
872 , 64.59 , 35.20 , 0.00 , 0
873 , 64.87 , 35.24 , 0.00 , 0
874 , 64.59 , 34.70 , 0.00 , 0
875 , 65.15 , 35.30 , 0.00 , 0
876 , 64.87 , 34.17 , 0.00 , 0
877 , 65.42 , 34.74 , 0.00 , 0
878 , 65.15 , 33.59 , 0.00 , 0
879 , 65.42 , 34.13 , 0.00 , 0
880 , 65.15 , 33.53 , 0.00 , 0
881 , 64.87 , 34.07 , 0.00 , 0
882 , 64.87 , 34.64 , 0.00 , 0
883 , 64.59 , 34.65 , 0.00 , 0
884 , 64.59 , 35.25 , 0.00 , 0
885 , 64.31 , 35.29 , 0.00 , 0
886 , 64.87 , 35.91 , 0.00 , 0
887 , 65.42 , 34.82 , 0.00 , 0
888 , 64.87 , 33.66 , 0.00 , 0
889 , 64.59 , 34.79 , 0.00 , 0
890 , 64.87 , 35.38 , 0.00 , 0
891 , 65.42 , 34.84 , 0.00 , 0
892 , 64.59 , 33.69 , 0.00 , 0
893 , 64.31 , 35.40 , 0.00 , 0
894 , 65.15 , 36.02 , 0.00 , 0
895 , 64.87 , 34.34 , 0.00 , 0
896 , 65.42 , 34.91 , 0.00 , 0
897 , 65.42 , 33.75 , 0.00 , 0
898 , 64.59 , 33.71 , 0.00 , 0
899 , 64.87 , 35.42 , 0.00 , 0
900 , 65.42 , 34.88 , 0.00 , 0
901 , 65.15 , 33.72 , 0.00 , 0
902 , 65.42 , 34.26 , 0.00 , 0
903 , 65.15 , 33.67 , 0.00 , 0
904 , 64.87 , 34.21 , 0.00 , 0
905 , 65.42 , 34.78 , 0.00 , 0
906 , 64.87 , 33.62 , 0.00 , 0
907 , 65.15 , 34.75 , 0.00 , 0
908 , 64.87 , 34.18 , 0.00 , 0
909 , 65.15 , 34.74 , 0.00 , 0
910 , 65.15 , 34.17 , 0.00 , 0
911 , 65.15 , 34.16 , 0.00 , 0
912 , 65.70 , 34.15 , 0.00 , 0
913 , 65.15 , 32.97 , 0.00 , 0
914 , 65.15 , 34.06 , 0.00 , 0
915 , 64.87 , 34.05 , 0.00 , 0
916 , 65.15 , 34.61 , 0.00 , 0
917 , 64.04 , 34.04 , 0.00 , 0
918 , 65.15 , 36.36 , 0.00 , 0
919 , 65.15 , 34.13 , 0.00 , 0
920 , 65.42 , 34.11 , 0.00 , 0
921 , 65.15 , 33.51 , 0.00 , 0
922 , 65.42 , 34.05 , 0.00 , 0
923 , 64.87 , 33.46 , 0.00 , 0
924 , 64.87 , 34.58 , 0.00 , 0
925 , 64.59 , 34.59 , 0.00 , 0
926 , 64.59 , 35.19 , 0.00 , 0
927 , 65.42 , 35.23 , 0.00 , 0
928 , 65.42 , 33.52 , 0.00 , 0
929 , 65.42 , 33.48 , 0.00 , 0
930 , 64.87 , 33.44 , 0.00 , 0
931 , 65.42 , 34.56 , 0.00 , 0
932 , 65.42 , 33.41 , 0.00 , 0
933 , 65.42 , 33.37 , 0.00 , 0
934 , 65.15 , 33.32 , 0.00 , 0
935 , 65.15 , 33.86 , 0.00 , 0
936 , 65.15 , 33.85 , 0.00 , 0
937 , 65.15 , 33.84 , 0.00 , 0
938 , 64.87 , 33.82 , 0.00 , 0
939 , 64.87 , 34.39 , 0.00 , 0
940 , 65.15 , 34.40 , 0.00 , 0
941 , 64.59 , 33.83 , 0.00 , 0
942 , 65.15 , 34.98 , 0.00 , 0
943 , 64.87 , 33.86 , 0.00 , 0
944 , 64.87 , 34.43 , 0.00 , 0
945 , 64.59 , 34.44 , 0.00 , 0
946 , 64.87 , 35.04 , 0.00 , 0
947 , 64.87 , 34.49 , 0.00 , 0
948 , 65.15 , 34.51 , 0.00 , 0
949 , 65.15 , 33.94 , 0.00 , 0
950 , 65.15 , 33.92 , 0.00 , 0
951 , 64.87 , 33.91 , 0.00 , 0
952 , 64.87 , 34.48 , 0.00 , 0
954 , 64.59 , 34.49 , 0.00 , 0
955 , 64.87 , 35.09 , 0.00 , 0
956 , 64.87 , 34.54 , 0.00 , 0
957 , 64.87 , 34.56 , 0.00 , 0
958 , 64.87 , 34.57 , 0.00 , 0
959 , 64.87 , 34.58 , 0.00 , 0
960 , 65.15 , 34.60 , 0.00 , 0
961 , 64.59 , 34.03 , 0.00 , 0
962 , 64.87 , 35.18 , 0.00 , 0
963 , 65.15 , 34.64 , 0.00 , 0
964 , 65.42 , 34.07 , 0.00 , 0
965 , 64.59 , 33.47 , 0.00 , 0
966 , 65.15 , 35.17 , 0.00 , 0
967 , 64.87 , 34.05 , 0.00 , 0
968 , 65.15 , 34.62 , 0.00 , 0
969 , 65.15 , 34.05 , 0.00 , 0
970 , 65.15 , 34.03 , 0.00 , 0
971 , 65.15 , 34.02 , 0.00 , 0
972 , 64.87 , 34.00 , 0.00 , 0
973 , 65.42 , 34.57 , 0.00 , 0
974 , 65.42 , 33.42 , 0.00 , 0
975 , 65.15 , 33.38 , 0.00 , 0
976 , 65.15 , 33.92 , 0.00 , 0
977 , 64.87 , 33.90 , 0.00 , 0
978 , 64.87 , 34.47 , 0.00 , 0
979 , 64.87 , 34.48 , 0.00 , 0
980 , 64.87 , 34.50 , 0.00 , 0
981 , 65.15 , 34.51 , 0.00 , 0
982 , 65.15 , 33.94 , 0.00 , 0
983 , 65.15 , 33.93 , 0.00 , 0
984 , 65.42 , 33.91 , 0.00 , 0
985 , 64.59 , 33.31 , 0.00 , 0
986 , 64.87 , 35.02 , 0.00 , 0
987 , 65.15 , 34.48 , 0.00 , 0
988 , 64.87 , 33.91 , 0.00 , 0
989 , 64.87 , 34.48 , 0.00 , 0
990 , 64.87 , 34.49 , 0.00 , 0
991 , 65.15 , 34.50 , 0.00 , 0
992 , 65.15 , 33.93 , 0.00 , 0
993 , 65.15 , 33.92 , 0.00 , 0
994 , 64.59 , 33.90 , 0.00 , 0
995 , 65.15 , 35.06 , 0.00 , 0
996 , 64.31 , 33.93 , 0.00 , 0
997 , 64.87 , 35.67 , 0.00 , 0
998 , 64.87 , 34.57 , 0.00 , 0
999 , 65.15 , 34.58 , 0.00 , 0
1000 , 64.87 , 34.01 , 0.00 , 0
1001 , 64.59 , 34.58 , 0.00 , 0
1002 , 64.59 , 35.18 , 0.00 , 0
1003 , 64.59 , 35.22 , 0.00 , 0
1004 , 64.87 , 35.26 , 0.00 , 0
1005 , 65.15 , 34.72 , 0.00 , 0
1006 , 65.15 , 34.15 , 0.00 , 0
1007 , 65.15 , 34.13 , 0.00 , 0
1008 , 64.87 , 34.12 , 0.00 , 0
1009 , 64.59 , 34.68 , 0.00 , 0
1010 , 65.15 , 35.28 , 0.00 , 0
1011 , 64.59 , 34.16 , 0.00 , 0
1012 , 65.15 , 35.31 , 0.00 , 0
1013 , 64.87 , 34.18 , 0.00 , 0
1014 , 65.15 , 34.75 , 0.00 , 0
1015 , 65.15 , 34.18 , 0.00 , 0
1016 , 64.87 , 34.17 , 0.00 , 0
1017 , 64.59 , 34.73 , 0.00 , 0
1018 , 64.87 , 35.33 , 0.00 , 0
1019 , 65.15 , 34.79 , 0.00 , 0
1020 , 65.15 , 34.22 , 0.00 , 0
1021 , 64.59 , 34.20 , 0.00 , 0
1022 , 64.87 , 35.35 , 0.00 , 0
1023 , 64.59 , 34.81 , 0.00 , 0
1024 , 64.87 , 35.41 , 0.00 , 0
1025 , 65.42 , 34.87 , 0.00 , 0
1026 , 65.15 , 33.71 , 0.00 , 0
1027 , 65.42 , 34.25 , 0.00 , 0
1028 , 64.87 , 33.66 , 0.00 , 0
1029 , 65.15 , 34.78 , 0.00 , 0
1030 , 64.59 , 34.21 , 0.00 , 0
1031 , 64.59 , 35.36 , 0.00 , 0
1032 , 65.15 , 35.40 , 0.00 , 0
1033 , 65.15 , 34.28 , 0.00 , 0
1034 , 65.15 , 34.26 , 0.00 , 0
1035 , 65.42 , 34.25 , 0.00 , 0
1036 , 64.87 , 33.65 , 0.00 , 0
1037 , 64.87 , 34.77 , 0.00 , 0
1038 , 65.15 , 34.79 , 0.00 , 0
1039 , 65.42 , 34.22 , 0.00 , 0
1040 , 65.15 , 33.62 , 0.00 , 0
1041 , 65.15 , 34.16 , 0.00 , 0
1042 , 64.87 , 34.15 , 0.00 , 0
1043 , 65.15 , 34.71 , 0.00 , 0
1044 , 65.15 , 34.14 , 0.00 , 0
1045 , 65.15 , 34.13 , 0.00 , 0
1046 , 64.59 , 34.12 , 0.00 , 0
1047 , 64.87 , 35.27 , 0.00 , 0
1048 , 64.87 , 34.72 , 0.00 , 0
1049 , 64.59 , 34.74 , 0.00 , 0
1050 , 64.87 , 35.33 , 0.00 , 0
1051 , 64.31 , 34.79 , 0.00 , 0
1052 , 65.15 , 35.97 , 0.00 , 0
1053 , 65.15 , 34.29 , 0.00 , 0
1054 , 65.15 , 34.28 , 0.00 , 0
1055 , 65.42 , 34.26 , 0.00 , 0
1056 , 64.87 , 33.66 , 0.00 , 0
1057 , 65.15 , 34.79 , 0.00 , 0
1058 , 65.15 , 34.22 , 0.00 , 0
1059 , 65.42 , 34.20 , 0.00 , 0
1060 , 65.42 , 33.61 , 0.00 , 0
1061 , 64.59 , 33.56 , 0.00 , 0
1062 , 64.87 , 35.27 , 0.00 , 0
1063 , 65.15 , 34.73 , 0.00 , 0
1064 , 64.87 , 34.16 , 0.00 , 0
1065 , 65.15 , 34.73 , 0.00 , 0
1066 , 64.87 , 34.16 , 0.00 , 0
1067 , 64.87 , 34.72 , 0.00 , 0
1068 , 65.15 , 34.74 , 0.00 , 0
1069 , 65.42 , 34.17 , 0.00 , 0
1070 , 65.15 , 33.57 , 0.00 , 0
1071 , 64.59 , 34.11 , 0.00 , 0
1072 , 64.87 , 35.26 , 0.00 , 0
1073 , 65.15 , 34.72 , 0.00 , 0
1074 , 64.87 , 34.15 , 0.00 , 0
1075 , 65.15 , 34.72 , 0.00 , 0
1076 , 65.15 , 34.15 , 0.00 , 0
1077 , 65.15 , 34.13 , 0.00 , 0
1078 , 65.15 , 34.12 , 0.00 , 0
1079 , 65.15 , 34.10 , 0.00 , 0
1080 , 65.70 , 34.09 , 0.00 , 0
1081 , 65.15 , 32.91 , 0.00 , 0
1082 , 64.31 , 34.01 , 0.00 , 0
1083 , 64.87 , 35.74 , 0.00 , 0
1084 , 64.87 , 34.64 , 0.00 , 0
1085 , 65.15 , 34.66 , 0.00 , 0
1086 , 64.87 , 34.09 , 0.00 , 0
1087 , 65.15 , 34.65 , 0.00 , 0
1088 , 64.87 , 34.08 , 0.00 , 0
1089 , 64.59 , 34.65 , 0.00 , 0
1090 , 65.15 , 35.25 , 0.00 , 0
1091 , 65.15 , 34.12 , 0.00 , 0
1092 , 65.15 , 34.11 , 0.00 , 0
1093 , 64.59 , 34.09 , 0.00 , 0
1094 , 65.15 , 35.25 , 0.00 , 0
1095 , 65.15 , 34.12 , 0.00 , 0
1096 , 64.87 , 34.11 , 0.00 , 0
1097 , 64.59 , 34.67 , 0.00 , 0
1098 , 64.59 , 35.27 , 0.00 , 0
1099 , 64.59 , 35.31 , 0.00 , 0
1100 , 65.15 , 35.35 , 0.00 , 0
1101 , 65.15 , 34.23 , 0.00 , 0
1102 , 65.15 , 34.21 , 0.00 , 0
1103 , 65.15 , 34.20 , 0.00 , 0
1104 , 64.59 , 34.18 , 0.00 , 0
1105 , 65.15 , 35.33 , 0.00 , 0
1106 , 65.15 , 34.21 , 0.00 , 0
1107 , 64.87 , 34.19 , 0.00 , 0
1108 , 65.15 , 34.76 , 0.00 , 0
1109 , 64.59 , 34.19 , 0.00 , 0
1110 , 65.15 , 35.34 , 0.00 , 0
1111 , 65.42 , 34.22 , 0.00 , 0
1112 , 65.15 , 33.62 , 0.00 , 0
1113 , 65.15 , 34.16 , 0.00 , 0
1114 , 65.15 , 34.15 , 0.00 , 0
1115 , 65.15 , 34.13 , 0.00 , 0
1116 , 64.59 , 34.12 , 0.00 , 0
1117 , 65.15 , 35.27 , 0.00 , 0
1118 , 64.87 , 34.15 , 0.00 , 0
1119 , 64.87 , 34.71 , 0.00 , 0
1120 , 65.15 , 34.73 , 0.00 , 0
1121 , 64.31 , 34.16 , 0.00 , 0
1122 , 64.59 , 35.89 , 0.00 , 0
1123 , 65.15 , 35.38 , 0.00 , 0
1124 , 64.87 , 34.25 , 0.00 , 0
1125 , 64.87 , 34.82 , 0.00 , 0
1126 , 65.15 , 34.83 , 0.00 , 0
1127 , 65.15 , 34.26 , 0.00 , 0
1128 , 64.87 , 34.25 , 0.00 , 0
1129 , 65.42 , 34.82 , 0.00 , 0
1130 , 65.15 , 33.66 , 0.00 , 0
1131 , 64.87 , 34.20 , 0.00 , 0
1132 , 64.87 , 34.77 , 0.00 , 0
1133 , 65.15 , 34.79 , 0.00 , 0
1134 , 64.59 , 34.22 , 0.00 , 0
1135 , 64.59 , 35.37 , 0.00 , 0
1136 , 65.15 , 35.41 , 0.00 , 0
1137 , 64.87 , 34.28 , 0.00 , 0
1138 , 64.59 , 34.85 , 0.00 , 0
1139 , 64.59 , 35.45 , 0.00 , 0
1140 , 65.15 , 35.49 , 0.00 , 0
1141 , 64.87 , 34.36 , 0.00 , 0
1142 , 64.87 , 34.93 , 0.00 , 0
1143 , 64.31 , 34.95 , 0.00 , 0
1144 , 65.15 , 36.12 , 0.00 , 0
1145 , 64.87 , 34.44 , 0.00 , 0
1146 , 64.87 , 35.01 , 0.00 , 0
1147 , 65.15 , 35.03 , 0.00 , 0
1148 , 65.15 , 34.46 , 0.00 , 0
1149 , 64.59 , 34.44 , 0.00 , 0
1150 , 65.15 , 35.59 , 0.00 , 0
1151 , 64.31 , 34.47 , 0.00 , 0
1152 , 64.31 , 36.20 , 0.00 , 0
1153 , 65.15 , 36.27 , 0.00 , 0
1154 , 65.15 , 34.59 , 0.00 , 0
1155 , 64.87 , 34.58 , 0.00 , 0
1156 , 65.15 , 35.14 , 0.00 , 0
1157 , 64.59 , 34.57 , 0.00 , 0
1158 , 64.87 , 35.73 , 0.00 , 0
1159 , 64.59 , 35.18 , 0.00 , 0
1160 , 65.15 , 35.78 , 0.00 , 0
1161 , 64.87 , 34.65 , 0.00 , 0
1162 , 65.15 , 35.22 , 0.00 , 0
1163 , 65.15 , 34.65 , 0.00 , 0
1164 , 64.87 , 34.64 , 0.00 , 0
1165 , 64.59 , 35.21 , 0.00 , 0
1166 , 65.15 , 35.80 , 0.00 , 0
1167 , 64.87 , 34.68 , 0.00 , 0
1168 , 64.31 , 35.25 , 0.00 , 0
1169 , 64.87 , 36.42 , 0.00 , 0
1170 , 64.87 , 35.33 , 0.00 , 0
1171 , 64.87 , 35.34 , 0.00 , 0
1172 , 64.87 , 35.35 , 0.00 , 0
1173 , 65.15 , 35.37 , 0.00 , 0
1174 , 65.15 , 34.80 , 0.00 , 0
1175 , 64.59 , 34.78 , 0.00 , 0
1176 , 64.59 , 35.93 , 0.00 , 0
1177 , 64.59 , 35.97 , 0.00 , 0
1178 , 65.15 , 36.02 , 0.00 , 0
1179 , 65.15 , 34.89 , 0.00 , 0
1180 , 64.31 , 34.88 , 0.00 , 0
1181 , 64.87 , 36.61 , 0.00 , 0
1182 , 65.42 , 35.51 , 0.00 , 0
1183 , 65.15 , 34.36 , 0.00 , 0
1184 , 65.15 , 34.90 , 0.00 , 0
1185 , 64.87 , 34.89 , 0.00 , 0
1186 , 65.42 , 35.45 , 0.00 , 0
1187 , 64.87 , 34.30 , 0.00 , 0
1188 , 65.15 , 35.43 , 0.00 , 0
1189 , 65.15 , 34.86 , 0.00 , 0
1190 , 65.15 , 34.84 , 0.00 , 0
1191 , 64.31 , 34.83 , 0.00 , 0
1192 , 64.31 , 36.56 , 0.00 , 0
1193 , 64.87 , 36.63 , 0.00 , 0
1194 , 65.15 , 35.53 , 0.00 , 0
1195 , 65.42 , 34.96 , 0.00 , 0
1196 , 65.15 , 34.36 , 0.00 , 0
1197 , 64.87 , 34.90 , 0.00 , 0
1198 , 64.59 , 35.47 , 0.00 , 0
1199 , 64.87 , 36.07 , 0.00 , 0
1200 , 65.42 , 35.53 , 0.00 , 0
1201 , 64.59 , 34.37 , 0.00 , 0
1202 , 65.15 , 36.08 , 0.00 , 0
1203 , 65.42 , 34.96 , 0.00 , 0
1204 , 65.42 , 34.36 , 0.00 , 0
1205 , 65.15 , 34.32 , 0.00 , 0
1206 , 65.42 , 34.86 , 0.00 , 0
1207 , 65.42 , 34.26 , 0.00 , 0
1208 , 65.42 , 34.22 , 0.00 , 0
1209 , 64.59 , 34.17 , 0.00 , 0
1210 , 64.59 , 35.88 , 0.00 , 0
1211 , 65.15 , 35.92 , 0.00 , 0
1212 , 65.15 , 34.80 , 0.00 , 0
1213 , 64.87 , 34.78 , 0.00 , 0
1214 , 65.15 , 35.35 , 0.00 , 0
1215 , 64.87 , 34.78 , 0.00 , 0
1216 , 65.42 , 35.35 , 0.00 , 0
1217 , 65.15 , 34.20 , 0.00 , 0
1218 , 64.59 , 34.74 , 0.00 , 0
1219 , 65.15 , 35.89 , 0.00 , 0
1220 , 64.59 , 34.76 , 0.00 , 0
1221 , 65.15 , 35.91 , 0.00 , 0
1222 , 65.42 , 34.79 , 0.00 , 0
1223 , 64.87 , 34.19 , 0.00 , 0
1224 , 64.87 , 35.31 , 0.00 , 0
1225 , 65.15 , 35.33 , 0.00 , 0
1226 , 64.04 , 34.76 , 0.00 , 0
1227 , 65.15 , 37.08 , 0.00 , 0
1228 , 64.87 , 34.84 , 0.00 , 0
1229 , 65.42 , 35.41 , 0.00 , 0
1230 , 65.15 , 34.26 , 0.00 , 0
1231 , 65.15 , 34.80 , 0.00 , 0
1232 , 64.87 , 34.78 , 0.00 , 0
1233 , 64.87 , 35.35 , 0.00 , 0
1234 , 65.42 , 35.36 , 0.00 , 0
1235 , 64.59 , 34.21 , 0.00 , 0
1236 , 65.15 , 35.92 , 0.00 , 0
1237 , 64.87 , 34.79 , 0.00 , 0
1238 , 64.87 , 35.36 , 0.00 , 0
1239 , 64.87 , 35.37 , 0.00 , 0
1240 , 64.59 , 35.39 , 0.00 , 0
1241 , 65.15 , 35.98 , 0.00 , 0
1242 , 65.15 , 34.86 , 0.00 , 0
1243 , 64.87 , 34.84 , 0.00 , 0
1244 , 64.87 , 35.41 , 0.00 , 0
1245 , 64.87 , 35.42 , 0.00 , 0
1246 , 65.15 , 35.44 , 0.00 , 0
1247 , 65.42 , 34.87 , 0.00 , 0
1248 , 64.87 , 34.27 , 0.00 , 0
1249 , 64.87 , 35.39 , 0.00 , 0
1250 , 65.15 , 35.41 , 0.00 , 0
1251 , 64.87 , 34.84 , 0.00 , 0
1252 , 64.87 , 35.41 , 0.00 , 0
1253 , 65.15 , 35.42 , 0.00 , 0
1254 , 65.42 , 34.85 , 0.00 , 0
1255 , 65.15 , 34.25 , 0.00 , 0
1256 , 65.42 , 34.79 , 0.00 , 0
1257 , 65.15 , 34.19 , 0.00 , 0
1258 , 65.42 , 34.73 , 0.00 , 0
1259 , 65.70 , 34.14 , 0.00 , 0
1260 , 65.70 , 33.51 , 0.00 , 0
1261 , 65.98 , 33.44 , 0.00 , 0
1262 , 65.70 , 32.79 , 0.00 , 0
1263 , 65.98 , 33.27 , 0.00 , 0
1264 , 65.70 , 32.62 , 0.00 , 0
1265 , 65.98 , 33.11 , 0.00 , 0
1266 , 66.26 , 32.45 , 0.00 , 0
1267 , 65.70 , 31.77 , 0.00 , 0
1268 , 65.98 , 32.81 , 0.00 , 0
1269 , 65.70 , 32.16 , 0.00 , 0
1270 , 65.98 , 32.64 , 0.00 , 0
1271 , 65.98 , 31.99 , 0.00 , 0
1272 , 65.70 , 31.89 , 0.00 , 0
1273 , 66.26 , 32.38 , 0.00 , 0
1274 , 65.98 , 31.14 , 0.00 , 0
1275 , 65.70 , 31.60 , 0.00 , 0
1276 , 66.53 , 32.08 , 0.00 , 0
1277 , 65.98 , 30.27 , 0.00 , 0
1278 , 65.70 , 31.28 , 0.00 , 0
1279 , 66.26 , 31.76 , 0.00 , 0
1280 , 65.70 , 30.53 , 0.00 , 0
1281 , 65.15 , 31.57 , 0.00 , 0
1282 , 65.42 , 32.66 , 0.00 , 0
1283 , 64.87 , 32.06 , 0.00 , 0
1284 , 65.42 , 33.19 , 0.00 , 0
1285 , 65.42 , 32.04 , 0.00 , 0
1286 , 65.15 , 31.99 , 0.00 , 0
1287 , 65.15 , 32.53 , 0.00 , 0
1288 , 64.59 , 32.52 , 0.00 , 0
1289 , 64.59 , 33.67 , 0.00 , 0
1290 , 65.15 , 33.71 , 0.00 , 0
1291 , 65.15 , 32.59 , 0.00 , 0
1292 , 64.31 , 32.57 , 0.00 , 0
1293 , 63.76 , 34.31 , 0.00 , 0
1294 , 64.87 , 35.54 , 0.00 , 0
1295 , 64.87 , 33.33 , 0.00 , 0
1296 , 65.15 , 33.35 , 0.00 , 0
1297 , 64.59 , 32.78 , 0.00 , 0
1298 , 64.87 , 33.93 , 0.00 , 0
1299 , 64.59 , 33.39 , 0.00 , 0
1300 , 64.59 , 33.98 , 0.00 , 0
1301 , 64.59 , 34.02 , 0.00 , 0
1302 , 64.59 , 34.06 , 0.00 , 0
1303 , 64.31 , 34.10 , 0.00 , 0
1304 , 64.59 , 34.73 , 0.00 , 0
1305 , 64.59 , 34.21 , 0.00 , 0
1306 , 64.59 , 34.25 , 0.00 , 0
1307 , 64.04 , 34.30 , 0.00 , 0
1308 , 64.87 , 35.50 , 0.00 , 0
1309 , 64.59 , 33.85 , 0.00 , 0
1310 , 64.59 , 34.45 , 0.00 , 0
1311 , 64.31 , 34.49 , 0.00 , 0
1312 , 64.31 , 35.11 , 0.00 , 0
1313 , 64.59 , 35.18 , 0.00 , 0
1314 , 64.87 , 34.66 , 0.00 , 0
1315 , 64.87 , 34.12 , 0.00 , 0
1316 , 64.59 , 34.14 , 0.00 , 0
1317 , 64.31 , 34.73 , 0.00 , 0
1318 , 64.59 , 35.36 , 0.00 , 0
1319 , 64.59 , 34.84 , 0.00 , 0
1320 , 63.76 , 34.88 , 0.00 , 0
1321 , 64.31 , 36.67 , 0.00 , 0
1322 , 64.04 , 35.63 , 0.00 , 0
1323 , 64.04 , 36.28 , 0.00 , 0
1324 , 64.87 , 36.38 , 0.00 , 0
1325 , 64.31 , 34.73 , 0.00 , 0
1326 , 64.87 , 35.90 , 0.00 , 0
1327 , 64.87 , 34.81 , 0.00 , 0
1328 , 64.59 , 34.82 , 0.00 , 0
1329 , 64.04 , 35.42 , 0.00 , 0
1330 , 64.59 , 36.62 , 0.00 , 0
1331 , 64.59 , 35.55 , 0.00 , 0
1332 , 64.59 , 35.60 , 0.00 , 0
1333 , 64.31 , 35.64 , 0.00 , 0
1334 , 64.59 , 36.26 , 0.00 , 0
1335 , 65.15 , 35.75 , 0.00 , 0
1336 , 64.87 , 34.62 , 0.00 , 0
1337 , 64.87 , 35.19 , 0.00 , 0
1338 , 65.15 , 35.20 , 0.00 , 0
1339 , 65.15 , 34.63 , 0.00 , 0
1340 , 64.87 , 34.62 , 0.00 , 0
1341 , 64.87 , 35.19 , 0.00 , 0
1342 , 65.15 , 35.20 , 0.00 , 0
1343 , 64.87 , 34.63 , 0.00 , 0
1344 , 64.31 , 35.20 , 0.00 , 0
1345 , 64.87 , 36.38 , 0.00 , 0
1346 , 65.15 , 35.28 , 0.00 , 0
1347 , 65.15 , 34.71 , 0.00 , 0
1348 , 65.15 , 34.69 , 0.00 , 0
1349 , 64.59 , 34.68 , 0.00 , 0
1350 , 65.15 , 35.83 , 0.00 , 0
1351 , 65.42 , 34.71 , 0.00 , 0
1352 , 65.15 , 34.11 , 0.00 , 0
1353 , 65.42 , 34.65 , 0.00 , 0
1354 , 65.42 , 34.05 , 0.00 , 0
1355 , 64.31 , 34.01 , 0.00 , 0
1356 , 64.59 , 36.30 , 0.00 , 0
1357 , 64.87 , 35.78 , 0.00 , 0
1358 , 65.42 , 35.24 , 0.00 , 0
1359 , 65.42 , 34.09 , 0.00 , 0
1360 , 65.42 , 34.05 , 0.00 , 0
1361 , 64.59 , 34.01 , 0.00 , 0
1362 , 65.42 , 35.71 , 0.00 , 0
1363 , 65.42 , 34.00 , 0.00 , 0
1364 , 65.15 , 33.96 , 0.00 , 0
1365 , 65.42 , 34.50 , 0.00 , 0
1366 , 64.87 , 33.90 , 0.00 , 0
1367 , 65.15 , 35.03 , 0.00 , 0
1368 , 65.15 , 34.46 , 0.00 , 0
1369 , 65.15 , 34.44 , 0.00 , 0
1370 , 65.15 , 34.43 , 0.00 , 0
1371 , 65.15 , 34.41 , 0.00 , 0
1372 , 65.42 , 34.40 , 0.00 , 0
1373 , 64.87 , 33.80 , 0.00 , 0
1374 , 65.15 , 34.93 , 0.00 , 0
1375 , 64.87 , 34.36 , 0.00 , 0
1376 , 64.59 , 34.92 , 0.00 , 0
1377 , 65.42 , 35.52 , 0.00 , 0
1378 , 65.42 , 33.81 , 0.00 , 0
1379 , 64.87 , 33.77 , 0.00 , 0
1380 , 65.42 , 34.89 , 0.00 , 0
1381 , 65.42 , 33.74 , 0.00 , 0
1382 , 65.15 , 33.70 , 0.00 , 0
1383 , 65.15 , 34.24 , 0.00 , 0
1384 , 65.15 , 34.22 , 0.00 , 0
1385 , 64.87 , 34.21 , 0.00 , 0
1386 , 65.15 , 34.78 , 0.00 , 0
1387 , 65.15 , 34.21 , 0.00 , 0
1388 , 65.15 , 34.19 , 0.00 , 0
1389 , 65.42 , 34.18 , 0.00 , 0
1390 , 64.87 , 33.58 , 0.00 , 0
1391 , 64.87 , 34.70 , 0.00 , 0
1392 , 64.31 , 34.72 , 0.00 , 0
1393 , 64.59 , 35.90 , 0.00 , 0
1394 , 64.87 , 35.38 , 0.00 , 0
1395 , 64.87 , 34.84 , 0.00 , 0
1396 , 64.59 , 34.85 , 0.00 , 0
1397 , 64.87 , 35.45 , 0.00 , 0
1398 , 64.87 , 34.91 , 0.00 , 0
1399 , 64.87 , 34.92 , 0.00 , 0
1400 , 64.87 , 34.93 , 0.00 , 0
1401 , 65.15 , 34.95 , 0.00 , 0
1402 , 64.04 , 34.38 , 0.00 , 0
1403 , 64.31 , 36.69 , 0.00 , 0
1404 , 64.31 , 36.21 , 0.00 , 0
1405 , 64.87 , 36.28 , 0.00 , 0
1406 , 64.87 , 35.18 , 0.00 , 0
1407 , 64.87 , 35.19 , 0.00 , 0
1408 , 64.59 , 35.21 , 0.00 , 0
1409 , 64.87 , 35.80 , 0.00 , 0
1410 , 64.04 , 35.26 , 0.00 , 0
1411 , 65.15 , 37.02 , 0.00 , 0
1412 , 64.87 , 34.79 , 0.00 , 0
1413 , 65.15 , 35.35 , 0.00 , 0
1414 , 65.15 , 34.78 , 0.00 , 0
1415 , 65.42 , 34.77 , 0.00 , 0
1416 , 64.59 , 34.17 , 0.00 , 0
1417 , 64.87 , 35.88 , 0.00 , 0
1419 , 65.15 , 35.34 , 0.00 , 0
1420 , 64.59 , 34.77 , 0.00 , 0
1421 , 64.59 , 35.92 , 0.00 , 0
1422 , 65.15 , 35.96 , 0.00 , 0
1423 , 64.87 , 34.83 , 0.00 , 0
1424 , 64.87 , 35.40 , 0.00 , 0
1425 , 65.42 , 35.42 , 0.00 , 0
1426 , 64.87 , 34.26 , 0.00 , 0
1427 , 65.15 , 35.39 , 0.00 , 0
1428 , 65.42 , 34.82 , 0.00 , 0
1429 , 65.15 , 34.22 , 0.00 , 0
1430 , 65.15 , 34.76 , 0.00 , 0
1431 , 64.87 , 34.74 , 0.00 , 0
1432 , 64.87 , 35.31 , 0.00 , 0
1433 , 64.87 , 35.33 , 0.00 , 0
1434 , 65.15 , 35.34 , 0.00 , 0
1435 , 64.31 , 34.77 , 0.00 , 0
1436 , 65.42 , 36.50 , 0.00 , 0
1437 , 65.15 , 34.24 , 0.00 , 0
1438 , 65.15 , 34.78 , 0.00 , 0
1439 , 65.42 , 34.77 , 0.00 , 0
1440 , 64.59 , 34.17 , 0.00 , 0
1441 , 64.87 , 35.88 , 0.00 , 0
1442 , 65.15 , 35.33 , 0.00 , 0
1443 , 65.15 , 34.76 , 0.00 , 0
1444 , 64.87 , 34.75 , 0.00 , 0
1445 , 65.15 , 35.32 , 0.00 , 0
1446 , 65.15 , 34.75 , 0.00 , 0
1447 , 64.59 , 34.73 , 0.00 , 0
1448 , 65.15 , 35.88 , 0.00 , 0
1449 , 65.15 , 34.76 , 0.00 , 0
1450 , 64.59 , 34.74 , 0.00 , 0
1451 , 64.59 , 35.90 , 0.00 , 0
1452 , 64.31 , 35.94 , 0.00 , 0
1453 , 64.87 , 36.56 , 0.00 , 0
1454 , 65.15 , 35.46 , 0.00 , 0
1455 , 64.87 , 34.89 , 0.00 , 0
1456 , 64.87 , 35.46 , 0.00 , 0
1457 , 65.15 , 35.47 , 0.00 , 0
1458 , 65.15 , 34.90 , 0.00 , 0
1459 , 64.59 , 34.89 , 0.00 , 0
1460 , 65.15 , 36.04 , 0.00 , 0
1461 , 64.87 , 34.92 , 0.00 , 0
1462 , 65.15 , 35.48 , 0.00 , 0
1463 , 64.87 , 34.91 , 0.00 , 0
1464 , 64.59 , 35.48 , 0.00 , 0
1465 , 64.59 , 36.08 , 0.00 , 0
1466 , 65.15 , 36.12 , 0.00 , 0
1467 , 64.87 , 35.00 , 0.00 , 0
1468 , 65.42 , 35.56 , 0.00 , 0
1469 , 65.42 , 34.41 , 0.00 , 0
1470 , 65.42 , 34.37 , 0.00 , 0
1471 , 65.42 , 34.33 , 0.00 , 0
1472 , 65.15 , 34.28 , 0.00 , 0
1473 , 64.59 , 34.82 , 0.00 , 0
1474 , 64.59 , 35.98 , 0.00 , 0
1475 , 64.04 , 36.02 , 0.00 , 0
1476 , 64.87 , 37.22 , 0.00 , 0
1477 , 64.87 , 35.57 , 0.00 , 0
1478 , 64.87 , 35.58 , 0.00 , 0
1479 , 65.42 , 35.60 , 0.00 , 0
1480 , 64.87 , 34.44 , 0.00 , 0
1481 , 65.42 , 35.57 , 0.00 , 0
1482 , 65.15 , 34.41 , 0.00 , 0
1483 , 65.42 , 34.96 , 0.00 , 0
1484 , 65.42 , 34.36 , 0.00 , 0
1485 , 64.87 , 34.32 , 0.00 , 0
1486 , 65.15 , 35.44 , 0.00 , 0
1487 , 65.15 , 34.87 , 0.00 , 0
1488 , 65.15 , 34.85 , 0.00 , 0
1489 , 65.15 , 34.84 , 0.00 , 0
1490 , 65.15 , 34.83 , 0.00 , 0
1491 , 64.87 , 34.81 , 0.00 , 0
1492 , 64.87 , 35.38 , 0.00 , 0
1493 , 64.87 , 35.39 , 0.00 , 0
1494 , 65.15 , 35.41 , 0.00 , 0
1495 , 64.59 , 34.84 , 0.00 , 0
1496 , 64.59 , 35.99 , 0.00 , 0
1497 , 65.15 , 36.03 , 0.00 , 0
1498 , 65.15 , 34.90 , 0.00 , 0
1499 , 65.15 , 34.89 , 0.00 , 0
1500 , 65.15 , 34.87 , 0.00 , 0
1501 , 64.59 , 34.86 , 0.00 , 0
1502 , 64.31 , 36.01 , 0.00 , 0
1503 , 65.15 , 36.63 , 0.00 , 0
1504 , 64.31 , 34.95 , 0.00 , 0
1505 , 64.04 , 36.69 , 0.00 , 0
1506 , 64.87 , 37.34 , 0.00 , 0
1507 , 64.59 , 35.69 , 0.00 , 0
1508 , 64.31 , 36.28 , 0.00 , 0
1509 , 64.59 , 36.91 , 0.00 , 0
1510 , 65.15 , 36.39 , 0.00 , 0
1511 , 65.42 , 35.27 , 0.00 , 0
1512 , 65.15 , 34.67 , 0.00 , 0
1513 , 65.42 , 35.21 , 0.00 , 0
1514 , 64.59 , 34.61 , 0.00 , 0
1515 , 65.42 , 36.32 , 0.00 , 0
1516 , 65.15 , 34.61 , 0.00 , 0
1517 , 65.42 , 35.15 , 0.00 , 0
1518 , 64.59 , 34.55 , 0.00 , 0
1519 , 64.87 , 36.26 , 0.00 , 0
1520 , 65.42 , 35.72 , 0.00 , 0
1521 , 65.42 , 34.57 , 0.00 , 0
1522 , 64.87 , 34.52 , 0.00 , 0
1523 , 65.15 , 35.65 , 0.00 , 0
1524 , 65.15 , 35.08 , 0.00 , 0
1525 , 65.15 , 35.06 , 0.00 , 0
1526 , 65.15 , 35.05 , 0.00 , 0
1527 , 64.87 , 35.03 , 0.00 , 0
1528 , 65.15 , 35.60 , 0.00 , 0
1529 , 65.15 , 35.03 , 0.00 , 0
1530 , 64.59 , 35.02 , 0.00 , 0
1531 , 64.59 , 36.17 , 0.00 , 0
1532 , 65.15 , 36.21 , 0.00 , 0
1533 , 64.87 , 35.08 , 0.00 , 0
1534 , 65.15 , 35.65 , 0.00 , 0
1535 , 65.15 , 35.08 , 0.00 , 0
1536 , 64.59 , 35.07 , 0.00 , 0
1537 , 65.15 , 36.22 , 0.00 , 0
1538 , 64.59 , 35.09 , 0.00 , 0
1539 , 64.59 , 36.25 , 0.00 , 0
1540 , 64.87 , 36.29 , 0.00 , 0
1541 , 65.15 , 35.74 , 0.00 , 0
1542 , 65.15 , 35.18 , 0.00 , 0
1543 , 65.42 , 35.16 , 0.00 , 0
1544 , 65.42 , 34.56 , 0.00 , 0
1545 , 65.15 , 34.52 , 0.00 , 0
1546 , 65.42 , 35.06 , 0.00 , 0
1547 , 65.42 , 34.46 , 0.00 , 0
1548 , 65.15 , 34.42 , 0.00 , 0
1549 , 64.59 , 34.96 , 0.00 , 0
1550 , 65.42 , 36.11 , 0.00 , 0
1551 , 65.15 , 34.41 , 0.00 , 0
1552 , 64.59 , 34.95 , 0.00 , 0
1553 , 65.15 , 36.10 , 0.00 , 0
1554 , 65.42 , 34.97 , 0.00 , 0
1555 , 65.15 , 34.37 , 0.00 , 0
1556 , 64.87 , 34.91 , 0.00 , 0
1557 , 65.15 , 35.48 , 0.00 , 0
1558 , 65.15 , 34.91 , 0.00 , 0
1559 , 64.04 , 34.90 , 0.00 , 0
1560 , 64.59 , 37.22 , 0.00 , 0
1561 , 64.87 , 36.15 , 0.00 , 0
1562 , 64.87 , 35.60 , 0.00 , 0
1563 , 65.15 , 35.62 , 0.00 , 0
1564 , 64.59 , 35.05 , 0.00 , 0
1565 , 65.15 , 36.20 , 0.00 , 0
1566 , 64.87 , 35.07 , 0.00 , 0
1567 , 64.87 , 35.64 , 0.00 , 0
1568 , 63.76 , 35.66 , 0.00 , 0
1569 , 65.42 , 38.00 , 0.00 , 0
1570 , 65.15 , 34.63 , 0.00 , 0
1571 , 65.15 , 35.17 , 0.00 , 0
1572 , 65.15 , 35.15 , 0.00 , 0
1573 , 64.87 , 35.14 , 0.00 , 0
1574 , 65.42 , 35.71 , 0.00 , 0
1575 , 65.15 , 34.55 , 0.00 , 0
1576 , 65.42 , 35.09 , 0.00 , 0
1577 , 64.87 , 34.50 , 0.00 , 0
1578 , 65.15 , 35.62 , 0.00 , 0
1579 , 65.15 , 35.05 , 0.00 , 0
1580 , 65.15 , 35.04 , 0.00 , 0
1581 , 64.87 , 35.02 , 0.00 , 0
1582 , 65.15 , 35.59 , 0.00 , 0
1583 , 65.15 , 35.02 , 0.00 , 0
1584 , 64.59 , 35.00 , 0.00 , 0
1585 , 64.31 , 36.16 , 0.00 , 0
1586 , 64.87 , 36.78 , 0.00 , 0
1587 , 64.87 , 35.68 , 0.00 , 0
1588 , 64.87 , 35.70 , 0.00 , 0
1589 , 65.15 , 35.71 , 0.00 , 0
1590 , 65.15 , 35.14 , 0.00 , 0
1591 , 64.87 , 35.12 , 0.00 , 0
1592 , 64.87 , 35.69 , 0.00 , 0
1593 , 65.15 , 35.71 , 0.00 , 0
1594 , 65.15 , 35.14 , 0.00 , 0
1595 , 65.15 , 35.12 , 0.00 , 0
1596 , 64.59 , 35.11 , 0.00 , 0
1597 , 64.59 , 36.26 , 0.00 , 0
1598 , 64.59 , 36.30 , 0.00 , 0
1599 , 65.15 , 36.34 , 0.00 , 0
1600 , 65.15 , 35.22 , 0.00 , 0
1601 , 64.87 , 35.20 , 0.00 , 0
1602 , 65.15 , 35.77 , 0.00 , 0
1603 , 65.42 , 35.20 , 0.00 , 0
1604 , 64.87 , 34.60 , 0.00 , 0
1605 , 64.87 , 35.72 , 0.00 , 0
1606 , 64.59 , 35.74 , 0.00 , 0
1607 , 65.15 , 36.33 , 0.00 , 0
1608 , 64.87 , 35.21 , 0.00 , 0
1609 , 64.59 , 35.78 , 0.00 , 0
1610 , 65.15 , 36.37 , 0.00 , 0
1611 , 64.87 , 35.25 , 0.00 , 0
1612 , 64.87 , 35.82 , 0.00 , 0
1613 , 64.59 , 35.83 , 0.00 , 0
1614 , 64.87 , 36.43 , 0.00 , 0
1615 , 64.59 , 35.88 , 0.00 , 0
1616 , 64.87 , 36.48 , 0.00 , 0
1617 , 64.87 , 35.94 , 0.00 , 0
1618 , 64.31 , 35.95 , 0.00 , 0
1619 , 64.59 , 37.13 , 0.00 , 0
1620 , 64.87 , 36.62 , 0.00 , 0
1621 , 64.87 , 36.07 , 0.00 , 0
1622 , 65.15 , 36.09 , 0.00 , 0
1623 , 65.15 , 35.52 , 0.00 , 0
1624 , 65.42 , 35.50 , 0.00 , 0
1625 , 64.87 , 34.90 , 0.00 , 0
1626 , 65.42 , 36.03 , 0.00 , 0
1627 , 65.42 , 34.88 , 0.00 , 0
1628 , 65.15 , 34.83 , 0.00 , 0
1629 , 65.15 , 35.37 , 0.00 , 0
1630 , 64.59 , 35.36 , 0.00 , 0
1631 , 65.15 , 36.51 , 0.00 , 0
1632 , 64.87 , 35.39 , 0.00 , 0
1633 , 64.87 , 35.95 , 0.00 , 0
1634 , 65.15 , 35.97 , 0.00 , 0
1635 , 64.59 , 35.40 , 0.00 , 0
1636 , 65.15 , 36.55 , 0.00 , 0
1637 , 65.15 , 35.42 , 0.00 , 0
1638 , 65.15 , 35.41 , 0.00 , 0
1639 , 65.15 , 35.39 , 0.00 , 0
1640 , 65.15 , 35.38 , 0.00 , 0
1641 , 65.42 , 35.36 , 0.00 , 0
1642 , 65.42 , 34.77 , 0.00 , 0
1643 , 64.59 , 34.72 , 0.00 , 0
1644 , 64.87 , 36.43 , 0.00 , 0
1645 , 64.59 , 35.89 , 0.00 , 0
1646 , 64.87 , 36.49 , 0.00 , 0
1647 , 64.87 , 35.94 , 0.00 , 0
1648 , 64.87 , 35.96 , 0.00 , 0
1649 , 64.59 , 35.97 , 0.00 , 0
1650 , 64.87 , 36.57 , 0.00 , 0
1651 , 64.59 , 36.02 , 0.00 , 0
1652 , 64.59 , 36.62 , 0.00 , 0
1653 , 64.59 , 36.66 , 0.00 , 0
1654 , 64.59 , 36.70 , 0.00 , 0
1655 , 64.87 , 36.74 , 0.00 , 0
1656 , 64.87 , 36.20 , 0.00 , 0
1657 , 64.87 , 36.21 , 0.00 , 0
1658 , 65.15 , 36.23 , 0.00 , 0
1659 , 64.31 , 35.66 , 0.00 , 0
1660 , 64.31 , 37.39 , 0.00 , 0
1661 , 65.15 , 37.46 , 0.00 , 0
1662 , 65.15 , 35.78 , 0.00 , 0
1663 , 65.42 , 35.76 , 0.00 , 0
1664 , 65.15 , 35.17 , 0.00 , 0
1665 , 64.31 , 35.71 , 0.00 , 0
1666 , 65.15 , 37.44 , 0.00 , 0
1667 , 64.59 , 35.76 , 0.00 , 0
1668 , 64.59 , 36.91 , 0.00 , 0
1669 , 64.87 , 36.95 , 0.00 , 0
1670 , 65.42 , 36.41 , 0.00 , 0
1671 , 65.15 , 35.26 , 0.00 , 0
1672 , 65.42 , 35.80 , 0.00 , 0
1673 , 65.15 , 35.20 , 0.00 , 0
1674 , 65.70 , 35.74 , 0.00 , 0
1675 , 65.15 , 34.56 , 0.00 , 0
1676 , 65.15 , 35.66 , 0.00 , 0
1677 , 64.87 , 35.64 , 0.00 , 0
1678 , 64.87 , 36.21 , 0.00 , 0
1679 , 65.15 , 36.22 , 0.00 , 0
1680 , 64.59 , 35.65 , 0.00 , 0
1681 , 65.15 , 36.81 , 0.00 , 0
1682 , 65.42 , 35.68 , 0.00 , 0
1683 , 64.87 , 35.08 , 0.00 , 0
1684 , 64.59 , 36.21 , 0.00 , 0
1685 , 65.15 , 36.80 , 0.00 , 0
1686 , 65.42 , 35.68 , 0.00 , 0
1687 , 65.15 , 35.08 , 0.00 , 0
1688 , 64.87 , 35.62 , 0.00 , 0
1689 , 64.59 , 36.19 , 0.00 , 0
1690 , 64.31 , 36.79 , 0.00 , 0
1691 , 65.15 , 37.41 , 0.00 , 0
1692 , 64.87 , 35.73 , 0.00 , 0
1693 , 65.15 , 36.30 , 0.00 , 0
1694 , 64.87 , 35.73 , 0.00 , 0
1695 , 65.15 , 36.30 , 0.00 , 0
1696 , 65.42 , 35.73 , 0.00 , 0
1697 , 64.31 , 35.13 , 0.00 , 0
1698 , 64.87 , 37.42 , 0.00 , 0
1699 , 64.59 , 36.32 , 0.00 , 0
1700 , 64.87 , 36.92 , 0.00 , 0
1701 , 65.15 , 36.37 , 0.00 , 0
1702 , 64.87 , 35.80 , 0.00 , 0
1703 , 64.87 , 36.37 , 0.00 , 0
1704 , 65.15 , 36.39 , 0.00 , 0
1705 , 65.15 , 35.82 , 0.00 , 0
1706 , 65.15 , 35.80 , 0.00 , 0
1707 , 65.15 , 35.79 , 0.00 , 0
1708 , 64.59 , 35.77 , 0.00 , 0
1709 , 64.87 , 36.92 , 0.00 , 0
1710 , 64.59 , 36.38 , 0.00 , 0
1711 , 64.87 , 36.98 , 0.00 , 0
1712 , 65.15 , 36.44 , 0.00 , 0
1713 , 65.15 , 35.87 , 0.00 , 0
1714 , 64.59 , 35.85 , 0.00 , 0
1715 , 64.87 , 37.00 , 0.00 , 0
1716 , 64.87 , 36.46 , 0.00 , 0
1717 , 65.15 , 36.47 , 0.00 , 0
1718 , 65.15 , 35.90 , 0.00 , 0
1719 , 64.31 , 35.89 , 0.00 , 0
1720 , 65.15 , 37.62 , 0.00 , 0
1721 , 64.87 , 35.94 , 0.00 , 0
1722 , 64.87 , 36.51 , 0.00 , 0
1723 , 65.15 , 36.52 , 0.00 , 0
1724 , 64.87 , 35.96 , 0.00 , 0
1725 , 65.42 , 36.52 , 0.00 , 0
1726 , 65.42 , 35.37 , 0.00 , 0
1727 , 65.15 , 35.33 , 0.00 , 0
1728 , 64.31 , 35.87 , 0.00 , 0
1729 , 64.87 , 37.60 , 0.00 , 0
1730 , 64.87 , 36.51 , 0.00 , 0
1731 , 65.15 , 36.52 , 0.00 , 0
1732 , 64.87 , 35.95 , 0.00 , 0
1733 , 64.87 , 36.52 , 0.00 , 0
1734 , 65.42 , 36.53 , 0.00 , 0
1735 , 65.42 , 35.38 , 0.00 , 0
1736 , 65.42 , 35.34 , 0.00 , 0
1737 , 64.87 , 35.29 , 0.00 , 0
1738 , 65.15 , 36.42 , 0.00 , 0
1739 , 65.15 , 35.85 , 0.00 , 0
1740 , 65.15 , 35.83 , 0.00 , 0
1741 , 65.15 , 35.82 , 0.00 , 0
1742 , 65.15 , 35.80 , 0.00 , 0
1743 , 64.87 , 35.79 , 0.00 , 0
1744 , 64.87 , 36.36 , 0.00 , 0
1745 , 64.87 , 36.37 , 0.00 , 0
1746 , 64.87 , 36.38 , 0.00 , 0
1747 , 64.87 , 36.40 , 0.00 , 0
1748 , 65.70 , 36.41 , 0.00 , 0
1749 , 65.70 , 34.67 , 0.00 , 0
1750 , 65.15 , 34.60 , 0.00 , 0
1751 , 65.15 , 35.70 , 0.00 , 0
1752 , 65.42 , 35.68 , 0.00 , 0
1753 , 65.15 , 35.09 , 0.00 , 0
1754 , 65.42 , 35.63 , 0.00 , 0
1755 , 65.15 , 35.03 , 0.00 , 0
1756 , 65.42 , 35.57 , 0.00 , 0
1757 , 65.42 , 34.97 , 0.00 , 0
1758 , 65.15 , 34.93 , 0.00 , 0
1759 , 65.15 , 35.47 , 0.00 , 0
1760 , 64.87 , 35.46 , 0.00 , 0
1761 , 65.42 , 36.02 , 0.00 , 0
1762 , 65.15 , 34.87 , 0.00 , 0
1763 , 64.87 , 35.41 , 0.00 , 0
1764 , 65.15 , 35.98 , 0.00 , 0
1765 , 64.87 , 35.41 , 0.00 , 0
1766 , 65.42 , 35.98 , 0.00 , 0
1767 , 64.59 , 34.83 , 0.00 , 0
1768 , 65.42 , 36.53 , 0.00 , 0
1769 , 65.42 , 34.82 , 0.00 , 0
1770 , 64.59 , 34.78 , 0.00 , 0
1771 , 64.87 , 36.49 , 0.00 , 0
1772 , 65.42 , 35.95 , 0.00 , 0
1773 , 64.87 , 34.79 , 0.00 , 0
1774 , 65.42 , 35.92 , 0.00 , 0
1775 , 64.59 , 34.76 , 0.00 , 0
1776 , 64.87 , 36.47 , 0.00 , 0
1777 , 64.87 , 35.93 , 0.00 , 0
1778 , 65.42 , 35.94 , 0.00 , 0
1779 , 65.15 , 34.79 , 0.00 , 0
1780 , 65.42 , 35.33 , 0.00 , 0
1781 , 65.15 , 34.73 , 0.00 , 0
1782 , 65.15 , 35.27 , 0.00 , 0
1783 , 65.15 , 35.26 , 0.00 , 0
1784 , 65.15 , 35.24 , 0.00 , 0
1785 , 64.87 , 35.23 , 0.00 , 0
1786 , 64.87 , 35.80 , 0.00 , 0
1787 , 64.31 , 35.81 , 0.00 , 0
1788 , 64.87 , 36.99 , 0.00 , 0
1789 , 64.87 , 35.89 , 0.00 , 0
1790 , 64.87 , 35.91 , 0.00 , 0
1791 , 65.15 , 35.92 , 0.00 , 0
1792 , 65.15 , 35.35 , 0.00 , 0
1793 , 64.59 , 35.33 , 0.00 , 0
1794 , 65.15 , 36.49 , 0.00 , 0
1795 , 64.04 , 35.36 , 0.00 , 0
1796 , 64.87 , 37.68 , 0.00 , 0
1797 , 65.15 , 36.03 , 0.00 , 0
1798 , 65.15 , 35.46 , 0.00 , 0
1799 , 65.15 , 35.44 , 0.00 , 0
1800 , 65.15 , 35.43 , 0.00 , 0
1801 , 65.15 , 35.41 , 0.00 , 0
1802 , 64.87 , 35.40 , 0.00 , 0
1803 , 65.15 , 35.97 , 0.00 , 0
1804 , 64.87 , 35.40 , 0.00 , 0
1805 , 65.42 , 35.96 , 0.00 , 0
1806 , 64.87 , 34.81 , 0.00 , 0
1807 , 64.87 , 35.93 , 0.00 , 0
1808 , 64.87 , 35.95 , 0.00 , 0
1809 , 64.59 , 35.96 , 0.00 , 0
1810 , 65.15 , 36.56 , 0.00 , 0
1811 , 64.87 , 35.43 , 0.00 , 0
1812 , 65.42 , 36.00 , 0.00 , 0
1813 , 64.59 , 34.85 , 0.00 , 0
1814 , 65.42 , 36.55 , 0.00 , 0
1815 , 65.70 , 34.85 , 0.00 , 0
1816 , 65.42 , 34.22 , 0.00 , 0
1817 , 64.87 , 34.73 , 0.00 , 0
1818 , 65.70 , 35.86 , 0.00 , 0
1819 , 65.98 , 34.12 , 0.00 , 0
1820 , 65.98 , 33.47 , 0.00 , 0
1821 , 65.42 , 33.37 , 0.00 , 0
1822 , 65.42 , 34.44 , 0.00 , 0
1823 , 64.87 , 34.40 , 0.00 , 0
1824 , 65.42 , 35.52 , 0.00 , 0
1825 , 65.98 , 34.37 , 0.00 , 0
1826 , 64.87 , 33.16 , 0.00 , 0
1827 , 65.42 , 35.39 , 0.00 , 0
1828 , 64.87 , 34.24 , 0.00 , 0
1829 , 65.42 , 35.36 , 0.00 , 0
1830 , 64.87 , 34.21 , 0.00 , 0
1831 , 65.42 , 35.33 , 0.00 , 0
1832 , 65.98 , 34.18 , 0.00 , 0
1833 , 65.70 , 32.97 , 0.00 , 0
1834 , 65.98 , 33.46 , 0.00 , 0
1835 , 65.70 , 32.80 , 0.00 , 0
1836 , 65.42 , 33.29 , 0.00 , 0
1837 , 65.42 , 33.80 , 0.00 , 0
1838 , 65.70 , 33.76 , 0.00 , 0
1839 , 65.98 , 33.13 , 0.00 , 0
1840 , 65.70 , 32.48 , 0.00 , 0
1841 , 65.42 , 32.97 , 0.00 , 0
1842 , 65.70 , 33.48 , 0.00 , 0
1843 , 65.70 , 32.85 , 0.00 , 0
1844 , 65.42 , 32.78 , 0.00 , 0
1845 , 65.15 , 33.30 , 0.00 , 0
1846 , 65.42 , 33.84 , 0.00 , 0
1847 , 65.42 , 33.24 , 0.00 , 0
1848 , 65.42 , 33.20 , 0.00 , 0
1849 , 65.15 , 33.16 , 0.00 , 0
1850 , 64.87 , 33.70 , 0.00 , 0
1851 , 65.15 , 34.26 , 0.00 , 0
1852 , 64.31 , 33.69 , 0.00 , 0
1853 , 64.87 , 35.43 , 0.00 , 0
1854 , 64.87 , 34.33 , 0.00 , 0
1855 , 64.87 , 34.34 , 0.00 , 0
1856 , 65.42 , 34.36 , 0.00 , 0
1857 , 64.87 , 33.20 , 0.00 , 0
1858 , 64.87 , 34.33 , 0.00 , 0
1859 , 64.87 , 34.34 , 0.00 , 0
1860 , 64.59 , 34.35 , 0.00 , 0
1861 , 65.15 , 34.95 , 0.00 , 0
1862 , 64.31 , 33.83 , 0.00 , 0
1863 , 65.15 , 35.56 , 0.00 , 0
1864 , 64.31 , 33.88 , 0.00 , 0
1865 , 64.87 , 35.61 , 0.00 , 0
1866 , 64.31 , 34.52 , 0.00 , 0
1867 , 64.87 , 35.70 , 0.00 , 0
1868 , 64.59 , 34.60 , 0.00 , 0
1869 , 64.59 , 35.19 , 0.00 , 0
1870 , 64.04 , 35.24 , 0.00 , 0
1871 , 64.31 , 36.44 , 0.00 , 0
1872 , 64.31 , 35.96 , 0.00 , 0