0,25.75,24.75,250
1,26.00,25.00,250
2,25.00,25.00,250
3,26.25,25.50,250
4,26.00,25.25,250
5,26.00,25.75,250
6,25.75,25.50,250
7,26.00,25.25,250
8,26.25,25.25,250
9,26.00,25.50,250
10,26.25,25.25,250
11,27.25,26.50,250
12,28.00,27.00,250
13,28.50,28.50,250
14,28.50,29.00,250
15,29.00,29.75,250
16,29.25,30.50,250
17,29.25,31.25,250
18,30.00,31.50,250
19,30.25,32.00,250
20,30.25,32.50,250
21,30.75,33.25,250
22,31.00,33.50,250
23,31.75,34.50,250
24,32.00,35.00,250
25,32.00,35.25,250
26,32.00,35.75,250
27,32.50,36.75,250
28,32.75,37.25,250
29,33.50,37.75,250
30,34.00,38.25,250
31,34.00,39.00,250
32,34.25,39.25,250
33,34.25,39.50,250
34,34.75,39.75,250
35,34.50,40.00,250
36,35.50,40.50,250
37,36.50,40.75,250
38,36.25,41.50,250
39,37.00,42.00,250
40,37.00,42.25,250
41,37.25,42.00,250
42,38.00,43.00,250
43,38.00,43.50,250
44,38.50,44.00,250
45,38.25,44.25,250
46,39.00,44.75,250
47,38.50,44.75,250
48,39.25,45.00,250
49,39.25,45.75,250
50,39.25,45.50,250
51,40.00,46.25,250
52,39.75,46.50,250
53,40.50,47.00,250
54,40.50,47.50,250
55,40.75,47.25,250
56,41.00,47.25,250
57,41.25,48.00,250
58,41.25,47.75,250
59,41.00,48.25,250
60,41.50,48.75,250
61,41.75,49.25,240
62,41.50,48.75,240
63,42.25,49.50,240
64,42.00,49.75,240
65,42.50,49.75,240
66,42.50,50.00,240
67,42.50,50.25,240
68,42.75,50.50,240
69,42.25,50.50,240
70,42.50,50.25,240
71,42.25,51.00,240
72,43.25,51.00,240
73,43.00,50.75,240
74,43.00,51.25,240
75,43.50,51.50,240
76,43.75,51.75,240
77,43.50,51.50,240
78,43.50,51.75,240
79,44.00,52.00,240
80,44.00,52.25,240
81,43.75,52.25,240
82,43.50,52.50,240
83,43.75,52.50,240
84,44.00,52.75,240
85,44.25,52.75,240
86,44.00,52.75,240
87,44.50,52.75,240
88,44.50,53.00,240
89,44.50,53.00,240
90,44.50,53.25,240
91,44.25,52.75,240
92,44.75,53.25,240
93,44.25,53.00,240
94,44.75,53.50,240
95,44.75,53.25,240
96,45.25,53.75,240
97,45.25,53.50,240
98,45.00,53.25,240
99,45.25,53.50,240
100,45.00,53.75,240
101,45.25,53.75,240
102,45.25,54.00,240
103,44.75,53.50,240
104,45.00,54.00,240
105,45.25,54.25,240
106,45.25,54.00,240
107,45.50,54.25,240
108,45.50,54.25,240
109,45.75,54.50,240
110,45.50,54.50,240
111,45.25,54.50,240
112,45.75,54.50,240
113,46.00,54.50,240
114,45.75,54.75,240
115,45.50,54.75,240
116,46.00,54.50,240
117,46.00,54.75,240
118,46.00,55.00,240
119,46.50,54.50,240
120,46.25,55.00,240
121,46.00,55.25,240
122,46.25,55.25,230
123,46.25,55.00,230
124,46.50,55.00,230
125,45.75,55.25,230
126,46.25,55.25,230
127,46.25,55.25,230
128,46.50,55.25,230
129,46.50,55.00,230
130,46.50,55.50,230
131,46.50,55.50,230
132,46.25,55.25,230
133,46.50,55.25,230
134,46.75,55.50,230
135,46.75,55.00,230
136,46.25,55.25,230
137,46.50,55.50,230
138,46.50,55.25,230
139,46.50,55.25,230
140,46.75,55.25,230
141,46.75,55.50,230
142,46.50,55.75,230
143,46.75,55.75,230
144,47.00,55.75,230
145,46.75,55.75,230
146,46.75,55.75,230
147,47.25,55.75,230
148,47.00,55.25,230
149,47.50,55.50,230
150,47.00,55.50,230
151,46.75,55.25,230
152,47.00,55.75,230
153,47.00,55.50,230
154,47.25,55.75,230
155,46.75,55.75,230
156,46.50,55.75,230
157,46.75,55.75,230
158,46.75,55.75,230
159,46.75,55.50,230
160,46.75,55.50,230
161,47.00,56.25,230
162,46.75,55.25,230
163,46.25,56.00,230
164,46.75,56.00,230
165,46.75,55.75,230
166,46.75,55.75,230
167,46.50,56.00,230
168,47.00,55.50,230
169,46.75,55.75,230
170,46.00,55.50,230
171,46.75,56.25,230
172,46.75,55.50,230
173,46.75,56.00,230
174,46.75,55.75,230
175,46.75,56.00,230
176,47.00,55.75,230
177,47.00,56.00,230
178,47.00,55.75,230
179,46.75,55.75,230
180,47.00,56.25,230
181,46.25,56.00,230
182,47.00,56.25,230
183,47.00,56.50,220
184,46.75,56.00,220
185,46.50,56.50,220
186,46.75,56.50,220
187,47.25,56.00,220
188,46.75,56.00,220
189,46.50,56.25,220
190,47.00,56.25,220
191,46.50,56.50,220
192,46.50,56.25,220
193,46.25,56.50,220
194,46.50,56.50,220
195,46.00,56.25,220
196,46.50,56.25,220
197,46.75,56.25,220
198,46.75,56.50,220
199,46.50,55.50,220
200,45.75,56.00,220
201,46.50,56.00,220
202,46.50,56.00,220
203,46.50,56.00,220
204,46.25,56.00,220
205,46.25,56.25,220
206,46.75,56.00,220
207,46.25,56.25,220
208,46.25,56.25,220
209,46.50,56.00,220
210,46.50,55.25,220
211,46.00,55.25,220
212,46.25,56.00,220
213,46.50,56.00,220
214,46.50,56.00,220
215,46.25,56.00,220
216,46.50,56.00,220
217,46.25,56.50,220
218,46.50,56.25,220
219,46.25,55.75,220
220,46.75,56.00,220
221,46.75,55.75,220
222,47.00,56.00,220
223,46.50,55.75,220
224,46.50,56.00,220
225,46.75,56.00,220
226,47.50,55.75,220
227,46.75,56.00,220
228,47.25,56.25,220
229,47.50,55.75,220
230,47.00,56.00,220
231,47.75,55.75,220
232,47.75,56.25,220
233,47.75,56.50,220
234,48.00,56.00,220
235,48.00,56.00,220
236,48.00,56.25,220
237,48.25,55.75,220
238,48.50,56.00,220
239,48.25,56.50,220
240,48.75,56.50,220
241,48.50,56.50,220
242,48.75,56.25,220
243,48.50,56.50,220
244,48.75,56.50,210
245,48.50,56.00,210
246,48.50,55.75,210
247,48.25,56.00,210
248,48.50,56.50,210
249,48.25,56.00,210
250,48.00,56.25,210
251,48.00,55.75,210
252,47.25,56.00,210
253,48.00,56.00,210
254,47.75,55.75,210
255,47.25,55.50,210
256,47.50,55.50,210
257,47.50,56.00,210
258,47.00,56.00,210
259,47.50,55.25,210
260,47.25,55.50,210
261,47.00,55.50,210
262,47.00,55.25,210
263,46.25,55.75,210
264,47.00,55.75,210
265,47.25,55.25,210
266,47.00,55.50,210
267,46.75,55.75,210
268,47.00,55.50,210
269,46.75,55.00,210
270,46.75,55.50,210
271,46.75,55.25,210
272,47.00,54.75,210
273,47.00,55.50,210
274,46.25,55.50,210
275,47.00,55.00,210
276,46.75,55.50,210
277,46.25,55.50,210
278,46.25,55.50,210
279,46.50,54.75,210
280,46.75,55.00,210
281,47.00,55.50,210
282,46.50,55.50,210
283,47.25,55.75,210
284,47.00,55.25,210
285,46.50,55.75,210
286,47.25,55.25,210
287,47.25,55.25,210
288,47.00,55.50,210
289,47.00,55.50,210
290,46.75,55.75,210
291,46.75,55.75,210
292,47.00,55.75,210
293,47.00,55.50,210
294,46.50,55.25,210
295,46.50,55.00,210
296,47.00,55.75,210
297,47.00,55.75,210
298,47.00,55.50,210
299,47.00,55.50,210
300,47.00,55.25,210
301,46.75,55.00,210
302,46.25,55.50,210
303,47.00,55.75,210
304,47.00,55.25,210
305,46.50,55.75,200
306,47.00,55.25,200
307,47.00,55.25,200
308,47.00,55.25,200
309,47.00,54.75,200
310,46.25,54.75,200
311,46.50,55.50,200
312,47.00,54.75,200
313,47.00,55.75,200
314,46.75,55.50,200
315,47.00,55.75,200
316,47.00,55.25,200
317,46.75,55.75,200
318,47.00,55.50,200
319,46.75,56.00,200
320,47.00,55.75,200
321,47.00,55.75,200
322,46.25,55.25,200
323,47.00,55.25,200
324,46.75,55.50,200
325,46.75,55.25,200
326,46.50,55.50,200
327,46.25,55.00,200
328,46.50,55.75,200
329,46.50,55.50,200
330,46.25,55.50,200
331,46.75,55.25,200
332,46.75,55.50,200
333,45.75,55.50,200
334,46.50,55.50,200
335,46.25,55.25,200
336,46.75,55.25,200
337,46.75,55.50,200
338,46.50,55.25,200
339,46.25,55.50,200
340,46.75,55.25,200
341,46.25,55.50,200
342,46.50,55.50,200
343,46.25,55.50,200
344,46.00,55.25,200
345,46.00,55.50,200
346,46.50,55.00,200
347,46.50,55.50,200
348,46.00,55.50,200
349,46.50,54.75,200
350,46.50,55.00,200
351,46.25,55.50,200
352,46.25,55.00,200
353,46.75,55.25,200
354,46.00,55.25,200
355,46.25,55.00,200
356,46.50,55.00,200
357,46.75,55.25,200
358,46.25,55.00,200
359,46.50,55.25,200
360,46.50,55.00,200
361,46.75,55.75,200
362,46.50,55.50,200
363,46.25,55.25,200
364,46.50,55.50,200
365,46.25,55.25,200
366,46.75,55.25,190
367,46.50,55.50,190
368,46.50,55.50,190
369,46.00,55.50,190
370,46.25,55.25,190
371,46.50,55.50,190
372,46.25,55.25,190
373,46.00,55.50,190
374,46.50,55.25,190
375,46.25,55.00,190
376,46.00,55.50,190
377,45.75,55.50,190
378,46.00,55.25,190
379,46.00,55.00,190
380,46.25,55.25,190
381,45.75,55.25,190
382,46.00,55.00,190
383,45.75,55.25,190
384,46.25,54.75,190
385,45.75,55.00,190
386,45.75,55.00,190
387,45.75,54.25,190
388,45.50,55.00,190
389,45.75,55.25,190
390,45.50,54.50,190
391,46.25,55.25,190
392,46.00,55.25,190
393,46.25,54.75,190
394,45.75,55.00,190
395,46.00,54.75,190
396,46.00,54.50,190
397,45.50,55.00,190
398,45.50,54.75,190
399,46.00,54.75,190
400,45.75,54.25,190
401,45.25,54.75,190
402,45.50,54.75,190
403,45.25,54.75,190
404,45.50,54.75,190
405,46.00,54.75,190
406,45.50,54.75,190
407,45.75,54.75,190
408,45.25,54.75,190
409,45.50,54.50,190
410,45.25,54.50,190
411,45.25,54.50,190
412,45.75,54.25,190
413,45.25,54.25,190
414,45.25,54.50,190
415,45.50,54.25,190
416,45.25,54.25,190
417,45.75,54.75,190
418,45.00,54.75,190
419,45.25,54.50,190
420,45.75,54.75,190
421,45.50,54.25,190
422,45.25,54.50,190
423,45.50,54.75,190
424,45.75,54.50,190
425,45.75,54.75,190
426,45.50,54.75,190
427,45.50,54.50,180
428,45.50,54.50,180
429,45.50,54.50,180
430,45.50,54.25,180
431,45.50,54.00,180
432,45.75,54.75,180
433,45.50,54.75,180
435,45.00,54.25,180
436,45.75,54.25,180
437,45.25,54.25,180
438,45.50,54.25,180
439,45.25,54.25,180
440,45.50,54.75,180
441,45.75,54.25,180
442,45.25,54.25,180
443,45.50,54.75,180
444,45.75,54.75,180
445,45.50,54.50,180
446,45.75,54.75,180
447,45.25,54.75,180
448,45.25,54.25,180
449,45.50,54.50,180
450,45.75,54.25,180
451,45.25,54.50,180
452,46.00,54.50,180
453,45.50,54.25,180
454,45.50,54.50,180
455,45.50,54.25,180
456,45.50,54.75,180
457,45.50,54.50,180
458,45.00,54.75,180
459,45.50,54.50,180
460,45.75,54.50,180
461,45.75,54.75,180
462,46.00,54.25,180
463,45.75,54.75,180
464,45.50,54.50,180
465,45.75,54.50,180
466,45.50,54.50,180
467,45.25,54.50,180
468,45.25,54.50,180
469,45.75,54.50,180
470,45.50,54.75,180
471,45.75,54.50,180
472,45.75,54.50,180
473,45.25,54.50,180
474,45.75,55.00,180
475,45.50,54.75,180
476,44.75,54.50,180
477,45.75,54.50,180
478,45.25,54.50,180
479,45.75,54.00,180
480,45.75,54.75,180
481,45.50,54.50,180
482,45.00,54.75,180
483,45.50,54.75,180
484,45.50,54.75,180
485,45.75,54.25,180
486,45.50,54.25,180
487,45.75,54.25,180
488,45.50,54.75,170
489,45.50,54.50,170
490,44.50,54.50,170
491,45.50,54.25,170
492,45.50,54.00,170
493,45.50,54.25,170
494,45.25,53.50,170
495,45.50,54.00,170
496,45.25,54.50,170
497,45.25,54.00,170
498,45.25,54.25,170
499,45.25,53.75,170
500,44.50,54.00,170
501,45.25,54.00,170
502,44.75,54.00,170
503,44.75,54.00,170
504,45.25,54.00,170
505,44.75,54.00,170
506,45.00,53.50,170
507,45.25,53.75,170
508,45.00,53.75,170
509,45.25,54.00,170
510,44.75,53.75,170
511,44.75,53.75,170
512,44.75,54.00,170
513,45.25,54.00,170
514,45.25,53.50,170
515,44.50,53.75,170
516,45.00,53.25,170
517,45.00,53.25,170
518,44.75,53.50,170
519,44.75,53.25,170
520,45.00,53.50,170
521,44.50,53.00,170
522,44.50,53.25,170
523,44.25,53.50,170
524,44.50,53.50,170
525,44.75,53.50,170
526,44.50,53.00,170
527,45.00,53.50,170
528,44.50,52.75,170
529,44.50,53.25,170
530,44.50,53.50,170
531,45.00,53.50,170
532,44.50,53.00,170
533,44.00,52.75,170
534,44.75,53.00,170
535,45.00,52.75,170
536,45.00,53.00,170
537,44.50,52.75,170
538,45.00,53.25,170
539,44.50,52.75,170
540,44.75,53.25,170
541,44.75,53.25,170
542,44.25,52.75,170
543,44.75,53.00,170
544,44.75,53.00,170
545,44.75,53.00,170
546,45.00,53.00,170
547,45.00,53.00,170
548,44.75,53.00,170
549,44.50,53.00,160
550,44.25,53.00,160
551,44.50,52.75,160
552,44.75,52.50,160
553,44.25,52.50,160
554,44.75,52.50,160
555,44.50,52.50,160
556,44.50,52.00,160
557,44.50,52.50,160
558,44.50,52.50,160
559,44.25,52.25,160
560,44.50,52.50,160
561,44.25,52.25,160
562,44.50,52.25,160
563,44.00,52.25,160
564,43.75,52.00,160
565,44.00,52.00,160
566,44.00,52.00,160
567,43.25,52.00,160
568,43.75,52.00,160
569,44.00,51.50,160
570,43.50,52.25,160
571,43.75,51.75,160
572,43.75,51.75,160
573,44.00,51.50,160
574,44.00,51.50,160
575,43.75,51.50,160
576,44.00,51.50,160
577,43.50,51.50,160
578,43.00,51.25,160
579,43.25,51.25,160
580,43.50,51.25,160
581,43.50,51.25,160
582,43.50,51.25,160
583,43.25,50.75,160
584,43.25,51.00,160
585,43.25,51.25,160
586,42.75,51.25,160
587,43.00,51.25,160
588,43.00,51.25,160
589,43.00,51.25,160
590,43.75,51.00,160
591,43.50,50.75,160
5⸮2,43.25,51.00,160
593,43.75,50.50,160
594,43.25,51.00,160
595,43.50,51.00,160
596,43.50,50.75,160
597,43.50,50.50,160
598,43.75,50.75,160
599,43.75,50.25,160
600,43.50,51.25,160
601,43.25,50.75,160
602,43.50,51.00,160
603,43.50,50.75,160
604,43.75,51.25,160
605,43.50,50.75,160
606,43.50,50.50,160
607,43.50,51.00,160
608,43.25,50.75,160
609,43.50,50.75,160
610,43.00,51.00,150
611,43.50,50.50,150
612,43.50,50.75,150
613,43.50,51.00,150
614,43.25,50.75,150
615,43.50,50.75,150
616,43.50,51.00,150
617,43.00,50.75,150
618,43.50,50.75,150
619,43.50,50.50,150
620,42.75,50.25,150
621,43.50,50.50,150
622,43.25,50.75,150
623,42.50,49.50,150
624,43.00,50.25,150
625,43.25,50.50,150
626,43.00,50.50,150
627,43.00,50.00,150
628,42.50,50.25,150
629,43.00,49.75,150
630,43.00,50.00,150
631,43.00,50.00,150
632,42.75,49.75,150
633,42.75,50.00,150
634,42.25,50.25,150
635,43.00,49.75,150
636,43.00,50.00,150
637,43.00,50.00,150
638,42.00,49.25,150
639,42.00,49.50,150
640,42.50,49.25,150
641,42.75,50.00,150
642,42.75,50.00,150
643,42.75,49.75,150
644,42.25,49.75,150
645,42.50,49.75,150
646,42.25,50.00,150
647,42.50,50.00,150
648,42.50,49.25,150
649,42.00,49.75,150
650,42.25,49.50,150
651,42.50,49.75,150
652,42.00,50.00,150
653,42.50,49.75,150
654,41.75,49.25,150
655,42.50,50.00,150
656,42.00,49.75,150
657,42.50,49.50,150
658,42.75,49.25,150
659,42.50,49.75,150
660,42.00,49.75,150
661,42.25,50.00,150
662,42.50,49.75,150
663,42.50,49.50,150
664,42.00,49.50,150
665,42.00,50.00,150
666,42.50,49.75,150
667,42.00,49.25,150
668,42.25,49.75,150
669,42.00,49.75,150
670,42.25,49.25,150
671,41.50,49.75,140
672,42.25,49.75,140
673,42.25,49.25,140
674,42.00,49.25,140
675,42.00,49.00,140
676,41.75,49.00,140
677,42.00,49.25,140
678,42.00,48.50,140
679,42.00,49.25,140
680,41.75,48.75,140
681,41.75,49.00,140
682,41.75,49.00,140
683,41.50,49.00,140
684,41.75,48.75,140
685,41.25,48.75,140
686,41.25,48.75,140
687,41.75,48.00,140
688,41.25,48.75,140
689,41.75,48.25,140
690,41.00,48.25,140
691,41.75,48.75,140
692,41.50,48.50,140
693,40.75,48.25,140
694,41.75,48.00,140
695,41.75,48.00,140
696,41.75,48.25,140
697,41.75,48.00,140
698,41.75,48.75,140
699,41.25,47.75,140
700,40.50,46.75,140
701,40.50,46.50,140
702,40.50,45.50,140
703,40.25,45.50,140
704,40.25,44.75,140
705,40.00,44.50,140
706,39.75,44.00,140
707,39.75,43.50,140
708,39.25,43.75,140
709,39.00,43.50,140
710,38.75,43.00,140
711,38.75,42.50,140
712,38.50,42.00,140
713,38.50,42.00,140
714,38.25,41.75,140
715,38.25,41.50,140
716,38.00,40.75,140
717,37.25,40.75,140
718,37.50,40.50,140
719,37.50,40.25,140
720,37.50,40.00,140
721,37.00,39.50,140
722,37.25,39.25,140
723,37.00,38.75,140
724,36.50,39.00,140
725,36.50,38.25,140
726,36.25,38.25,140
727,36.00,38.00,140
728,35.75,37.25,140
729,35.75,37.25,140
730,35.75,37.25,140
731,35.25,36.75,140
732,34.75,36.50,130
733,34.75,36.00,130
734,34.75,36.25,130
735,34.75,35.50,130
736,34.75,35.75,130
737,33.75,35.75,130
738,34.25,35.50,130
739,34.25,35.50,130
740,34.00,34.50,130
741,34.00,34.75,130
742,33.75,34.25,130
743,33.25,34.50,130
744,33.50,34.50,130
745,33.50,34.25,130
746,33.25,34.00,130
747,32.75,33.75,130
748,33.00,33.50,130
749,32.50,33.25,130
750,32.75,33.00,130
