0,25.25,25.00,250
1,26.25,25.50,250
2,26.50,25.50,250
3,26.75,24.75,250
4,26.50,26.00,250
5,26.50,25.75,250
6,26.25,26.00,250
7,27.00,26.00,250
8,26.75,26.00,250
9,27.00,25.75,250
10,26.50,26.00,250
11,26.50,26.00,250
12,28.50,27.50,250
13,28.25,28.25,250
14,28.25,29.25,250
15,28.75,30.25,250
16,29.00,31.50,250
17,29.50,32.75,250
18,29.25,33.75,250
19,29.50,35.25,250
20,29.75,36.00,250
21,30.25,36.75,250
22,30.50,38.25,250
23,30.50,38.75,250
24,31.00,40.00,250
25,31.00,40.50,250
26,31.50,41.50,250
27,31.75,42.50,250
28,31.75,43.00,250
29,31.75,43.25,250
30,32.25,44.00,250
31,32.50,45.00,250
32,32.50,46.00,250
33,33.00,46.50,250
34,33.25,47.50,250
35,33.50,48.25,250
36,33.50,48.75,250
37,34.00,49.50,250
38,34.25,50.25,250
39,34.00,50.50,250
40,34.75,51.25,250
41,34.75,51.75,250
42,35.25,52.00,250
43,35.50,52.50,250
44,35.25,52.75,250
45,35.75,53.25,250
46,36.00,53.50,250
47,36.25,53.75,250
48,36.75,54.00,250
49,36.25,54.25,250
50,37.25,55.00,250
51,37.00,55.25,250
52,38.00,55.75,250
53,38.00,56.25,250
54,38.25,56.50,250
55,38.50,57.00,250
56,39.00,57.25,250
57,38.50,57.00,250
58,38.75,57.50,250
59,38.50,58.25,250
60,39.25,58.25,250
61,39.50,58.50,250
62,39.25,59.00,250
63,39.75,58.75,250
64,40.00,59.75,250
65,40.00,59.50,250
66,40.00,60.25,250
67,40.50,60.25,250
68,40.00,60.25,250
69,40.75,60.50,250
70,40.25,60.50,250
71,41.25,60.75,250
72,40.75,60.50,250
73,41.25,61.75,250
74,41.00,62.00,250
75,42.00,62.50,250
76,42.25,63.00,250
77,42.25,63.50,250
78,42.75,64.00,250
79,43.50,64.00,250
80,42.75,64.75,250
81,43.50,64.50,250
82,43.75,64.75,250
83,44.25,64.50,250
84,44.50,64.25,250
85,44.75,65.25,250
86,45.00,65.00,250
87,44.25,65.25,250
88,45.00,65.50,250
89,45.50,65.50,250
90,45.75,65.75,250
91,45.75,66.00,250
92,46.25,66.00,250
93,45.75,66.25,250
94,46.75,65.50,250
95,46.50,66.25,250
96,47.25,66.00,250
97,47.25,66.25,250
98,47.50,66.50,250
99,47.25,66.00,250
100,46.75,66.75,250
101,47.25,66.75,250
102,47.00,66.50,250
103,46.25,67.50,250
104,47.00,67.50,250
105,47.25,67.75,250
106,47.50,67.75,250
107,47.50,67.75,250
108,47.75,67.25,250
109,47.00,67.75,250
110,48.00,68.00,250
111,47.75,67.50,250
112,47.50,67.75,250
113,47.00,67.75,250
114,47.00,67.25,250
115,47.50,67.75,250
116,47.75,67.75,250
117,47.75,67.75,250
118,47.25,67.75,250
119,47.00,67.75,250
120,47.25,67.00,250
121,47.25,67.50,250
122,47.50,67.50,250
123,46.75,67.25,250
124,46.75,66.75,250
125,46.00,66.50,250
126,46.25,66.75,250
127,45.75,66.75,250
128,46.00,66.50,250
129,46.00,66.50,250
130,45.50,65.75,250
131,46.25,66.25,250
132,45.50,66.50,250
133,46.25,66.25,250
134,46.75,66.25,250
135,46.75,65.50,250
136,47.25,66.50,250
137,47.00,66.00,250
138,47.25,66.50,250
139,47.50,66.50,250
140,47.50,66.50,250
141,47.00,66.75,250
142,47.25,66.50,250
143,48.00,66.50,250
144,48.00,67.00,250
145,48.00,67.25,250
146,48.25,67.25,250
147,48.25,67.50,250
148,48.75,67.50,250
149,48.75,67.25,250
150,48.75,66.75,250
151,49.50,67.00,250
152,49.25,67.75,250
153,49.00,67.75,250
154,49.25,67.75,250
155,48.25,67.50,250
156,49.25,67.50,250
157,49.00,67.75,250
158,48.75,67.50,250
159,49.25,66.75,250
160,49.75,67.25,250
161,49.75,67.25,250
162,50.25,67.25,250
163,50.75,67.50,250
164,51.00,67.50,250
165,51.50,67.50,250
166,51.25,67.50,250
167,51.75,67.50,250
168,51.75,67.50,250
169,51.75,67.50,250
170,51.50,67.50,250
171,52.00,67.75,250
172,52.00,67.75,250
173,52.25,67.75,250
174,52.00,68.00,250
175,52.50,68.75,250
176,52.50,68.50,250
177,52.25,68.25,250
178,52.00,67.50,250
179,52.00,68.25,250
180,52.00,68.00,250
181,52.00,67.50,250
182,52.25,67.75,250
183,52.25,68.00,250
184,52.25,67.75,250
185,51.50,67.50,250
186,51.75,67.50,250
187,51.25,67.50,250
188,51.25,67.50,250
189,50.75,67.75,250
190,50.50,67.50,250
191,50.25,67.25,250
192,50.25,67.50,250
193,50.00,67.25,250
194,49.75,67.25,250
195,49.25,67.00,250
196,49.25,67.25,250
197,49.00,66.75,250
198,49.50,67.00,250
199,49.50,67.00,250
200,49.00,67.00,250
201,49.00,66.50,250
202,48.50,67.00,250
203,48.50,67.00,250
204,48.50,67.00,250
205,48.50,67.25,250
206,48.75,67.25,250
207,48.50,67.00,250
208,48.75,67.25,250
209,49.00,67.00,250
210,48.75,67.25,250
211,48.25,67.00,250
212,48.25,67.00,250
213,48.75,67.25,250
214,48.75,67.50,250
215,48.75,67.25,250
216,48.25,67.00,250
217,48.50,67.25,250
218,48.25,67.00,250
219,48.50,67.50,250
220,47.75,67.50,250
221,48.25,67.25,250
222,48.50,67.00,250
223,48.00,67.25,250
224,48.25,67.25,250
225,48.25,67.25,250
226,48.00,67.25,250
227,48.25,66.75,250
228,48.50,67.25,250
229,48.25,67.00,250
230,48.00,66.75,250
231,48.50,67.50,250
232,48.00,67.75,250
233,48.50,68.00,250
234,48.75,68.25,250
235,48.75,68.25,250
236,48.75,68.75,250
237,48.50,68.50,250
238,48.75,69.00,250
239,48.50,69.00,250
240,49.00,69.25,250
241,49.00,69.25,250
242,48.75,69.50,250
243,48.75,69.75,250
244,49.00,69.50,250
245,49.25,70.00,250
246,49.50,69.75,250
247,49.75,70.25,250
248,49.50,70.00,250
249,49.50,69.75,250
250,50.00,70.25,250
251,50.25,70.00,250
252,50.25,70.50,250
253,50.50,69.75,250
254,51.00,70.50,250
255,51.00,70.50,250
256,51.00,71.00,250
257,51.25,70.75,250
258,51.25,70.50,250
259,51.00,70.50,250
260,50.75,70.25,250
261,50.75,70.50,250
262,51.50,70.00,250
263,51.00,70.00,250
264,50.50,70.00,250
265,50.75,69.75,250
266,50.75,69.50,250
267,50.50,69.50,250
268,50.25,69.75,250
269,51.00,69.75,250
270,51.00,69.75,250
271,50.75,69.75,250
272,50.50,69.75,250
273,50.25,69.75,250
274,50.75,69.50,250
275,50.50,69.25,250
276,50.00,68.75,250
277,49.50,69.00,250
278,50.00,69.00,250
279,50.50,69.00,250
280,50.25,68.75,250
281,50.75,68.25,250
282,50.25,68.25,250
283,50.50,68.50,250
284,50.50,68.25,250
285,50.25,68.00,250
286,49.25,68.50,250
287,50.25,68.25,250
288,50.00,68.25,250
289,49.50,68.50,250
290,49.50,68.00,250
291,49.00,68.00,250
292,49.50,68.25,250
293,49.75,67.50,250
294,49.75,68.25,250
295,49.50,68.25,250
296,49.75,68.25,250
297,49.75,68.50,250
298,49.50,69.00,250
299,50.00,68.75,250
300,50.00,68.75,250
301,50.25,69.25,250
302,50.25,69.25,250
303,50.25,69.00,250
304,49.75,68.50,250
305,49.75,68.75,250
306,49.50,68.50,250
307,49.00,68.00,250
308,49.50,68.50,250
309,49.50,68.25,250
310,48.50,68.75,250
311,49.50,68.50,250
312,49.25,68.75,250
313,49.25,68.75,250
314,49.50,68.75,250
315,49.75,68.25,250
316,49.00,68.25,250
317,49.50,68.25,250
318,49.25,68.00,250
319,48.25,67.75,250
320,49.25,67.50,250
321,49.00,67.50,250
322,48.75,67.50,250
323,48.50,67.50,250
324,48.50,67.50,250
325,49.00,67.50,250
326,48.50,67.00,250
327,48.75,67.50,250
328,48.50,67.50,250
329,48.25,66.75,250
330,48.75,67.50,250
331,49.00,66.75,250
332,49.00,66.50,250
333,48.75,66.75,250
334,48.75,66.50,250
335,49.25,66.75,250
336,49.25,66.50,250
337,49.25,66.50,250
338,49.25,66.50,250
339,49.25,66.25,250
340,49.00,66.00,250
341,49.25,67.00,250
342,49.75,67.75,250
343,50.00,67.75,250
344,50.00,68.00,250
345,50.50,67.75,250
346,50.50,67.25,250
347,50.50,67.50,250
348,50.75,67.25,250
349,50.50,67.50,250
350,50.00,67.75,250
351,50.25,67.50,250
352,50.00,67.50,250
353,50.00,67.50,250
354,49.50,67.50,250
355,49.25,67.50,250
356,49.50,66.75,250
357,49.25,66.75,250
358,48.75,67.00,250
359,49.25,66.75,250
360,49.00,66.75,250
361,49.00,67.00,250
362,49.25,67.25,250
363,49.25,67.00,250
364,49.75,67.25,250
365,49.00,66.75,250
366,50.00,66.75,250
367,50.00,67.00,250
368,50.00,67.00,250
369,49.25,67.00,250
370,49.50,67.25,250
371,49.25,67.00,250
372,49.50,60.25,250
373,49.25,62.50,250
374,49.50,63.50,250
375,48.75,64.25,250
376,49.00,64.25,250
377,49.25,64.50,250
378,49.00,64.75,250
379,49.25,65.00,250
380,49.25,65.25,250
381,49.50,65.50,250
382,49.25,65.75,250
383,49.25,65.00,250
384,49.50,65.50,250
385,49.25,65.50,250
386,49.00,65.75,250
387,48.25,65.75,250
388,49.25,65.75,250
389,49.25,65.75,250
390,48.50,65.50,250
391,48.75,66.00,250
392,49.00,66.00,250
393,49.00,66.00,250
394,49.00,66.50,250
395,49.00,67.00,250
396,49.25,66.75,250
397,49.50,67.00,250
398,49.50,67.50,250
399,50.00,65.75,250
400,49.50,66.50,250
401,50.75,66.50,250
402,50.50,66.75,250
403,50.50,67.00,250
404,50.50,66.75,250
405,51.00,67.00,250
406,50.50,66.50,250
407,50.75,66.75,250
408,50.50,66.50,250
409,51.00,66.75,250
410,50.50,67.25,250
411,49.75,67.25,250
412,50.50,67.50,250
413,50.50,67.75,250
414,50.25,67.25,250
415,50.25,67.25,250
416,51.00,67.50,250
417,50.75,67.50,250
418,50.75,67.00,250
419,50.75,67.50,250
420,50.00,67.50,250
421,49.75,67.75,250
422,49.50,68.00,250
423,49.25,68.00,250
424,49.25,68.25,250
425,49.50,68.00,250
426,49.50,68.00,250
427,50.25,67.75,250
428,49.75,67.50,250
429,49.50,67.50,250
430,50.00,67.75,250
431,49.50,67.75,250
432,49.75,67.25,250
433,49.25,67.25,250
435,49.50,67.50,250
436,49.00,67.50,250
437,49.25,67.50,250
438,49.25,67.00,250
439,49.25,67.25,250
440,49.50,67.25,250
441,48.75,67.50,250
442,49.25,67.50,250
443,49.25,67.50,250
444,49.25,67.50,250
445,49.50,67.50,250
446,50.00,67.75,250
447,49.75,67.75,250
448,50.00,67.00,250
449,50.00,67.25,250
450,50.00,67.00,250
451,49.75,68.00,250
452,49.75,68.00,250
453,49.75,67.75,250
454,49.00,67.75,250
455,49.50,67.50,250
456,49.25,67.50,250
457,49.25,67.50,250
458,49.75,67.50,250
459,49.75,67.50,250
460,49.75,67.00,250
461,50.00,66.75,250
462,50.25,67.25,250
463,50.00,67.50,250
464,50.25,67.50,250
465,50.00,67.50,250
466,50.25,68.25,250
467,50.75,67.50,250
468,50.75,67.50,250
469,50.75,68.50,250
470,51.50,68.50,250
471,51.50,68.50,250
472,51.50,68.75,250
473,51.00,68.75,250
474,51.25,68.75,250
475,50.50,68.50,250
476,51.00,68.75,250
477,50.50,68.25,250
478,50.50,68.25,250
479,51.00,68.50,250
480,51.00,68.25,250
481,50.75,68.50,250
482,51.50,68.50,250
483,51.50,69.00,250
484,52.00,68.75,250
485,51.50,69.00,250
486,52.25,68.50,250
487,52.00,68.75,250
488,52.00,68.75,250
489,51.50,69.75,250
490,52.25,69.25,250
491,52.00,69.75,250
492,52.50,69.25,250
493,52.50,69.75,250
494,52.25,69.50,250
495,53.00,70.00,250
496,53.00,70.00,250
497,53.25,69.50,250
498,53.50,70.00,250
499,53.25,70.50,250
500,53.50,70.00,250
501,53.00,70.00,250
502,52.25,70.00,250
503,52.25,70.25,250
504,51.75,70.00,250
505,51.50,70.00,250
506,51.50,69.50,250
507,51.25,69.75,250
508,51.25,69.50,250
509,51.00,69.00,250
510,49.75,68.75,250
511,50.50,68.75,250
512,49.75,68.50,250
513,50.25,68.75,250
514,50.00,68.00,250
515,50.00,68.50,250
516,50.00,68.25,250
517,50.00,67.50,250
518,50.00,68.00,250
519,50.25,68.00,250
520,49.25,67.50,250
521,49.25,67.75,250
522,49.75,67.50,250
523,49.00,67.75,250
524,50.00,67.00,250
525,49.50,67.75,250
526,49.50,67.75,250
527,48.50,67.25,250
528,49.00,67.25,250
529,49.00,67.00,250
530,48.75,67.25,250
531,48.75,67.00,250
532,49.00,67.25,250
533,49.00,67.25,250
534,49.00,67.25,250
535,49.25,66.50,250
536,48.75,66.50,250
537,49.00,66.75,250
538,48.75,66.25,250
539,48.75,66.50,250
540,48.75,66.75,250
541,49.00,66.50,250
542,48.25,66.00,250
543,49.00,66.25,250
544,49.00,66.50,250
545,49.00,66.75,250
546,48.50,66.50,250
547,48.75,66.75,250
548,49.25,66.50,250
549,49.25,66.00,250
550,49.75,66.50,250
551,49.75,66.75,250
552,49.25,66.50,250
553,49.50,67.00,250
554,49.75,66.75,250
555,49.75,67.25,250
556,50.00,67.00,250
557,50.25,66.75,250
558,50.75,67.00,250
559,50.50,67.50,250
560,50.75,67.50,250
561,50.75,67.50,250
562,50.25,67.25,250
563,50.25,67.75,250
564,51.00,67.75,250
565,50.75,67.50,250
566,51.00,67.75,250
567,51.50,67.75,250
568,51.50,68.25,250
569,51.75,67.50,250
570,52.00,68.00,250
571,52.00,67.75,250
572,51.75,67.75,250
573,51.25,67.00,250
574,51.50,66.75,250
575,51.00,67.25,250
576,51.00,67.00,250
577,50.75,67.25,250
578,50.50,67.25,250
579,50.50,66.75,250
580,50.50,66.75,250
581,50.50,67.25,250
582,50.50,66.75,250
583,50.50,67.25,250
584,49.75,67.00,250
585,50.00,67.00,250
586,49.75,67.00,250
587,49.25,67.00,250
588,49.25,67.00,250
589,48.25,67.00,250
590,49.25,67.00,250
591,49.00,66.50,250
592,49.00,66.50,250
593,49.00,66.00,250
594,48.00,66.75,250
595,48.25,66.75,250
596,48.75,67.00,250
597,48.50,67.00,250
598,48.50,66.75,250
599,48.00,67.25,250
600,48.50,67.25,250
601,47.50,66.75,250
602,48.00,66.50,250
603,48.00,66.75,250
604,48.50,67.25,250
605,48.00,66.75,250
606,48.25,67.25,250
607,48.75,67.00,250
608,48.75,67.00,250
609,48.75,67.00,250
610,48.50,66.75,250
611,48.50,66.50,250
612,48.75,66.75,250
613,48.75,66.75,250
614,48.25,66.75,250
615,48.25,67.00,250
616,48.25,67.00,250
617,48.25,67.00,250
618,48.25,66.50,250
619,48.25,67.00,250
620,48.25,66.50,250
621,48.00,66.25,250
622,48.00,66.75,250
623,48.00,66.50,250
624,48.00,66.75,250
625,47.50,66.75,250
626,48.00,66.75,250
627,48.50,66.50,250
628,49.00,66.50,250
629,49.00,66.50,250
630,49.75,66.25,250
631,50.00,66.75,250
632,50.50,66.75,250
633,50.50,66.00,250
634,50.25,66.25,250
635,50.25,66.00,250
636,50.25,66.50,250
637,50.75,66.00,250
638,50.50,66.25,250
639,50.00,66.50,250
640,50.50,66.50,250
641,50.50,66.50,250
642,50.25,66.50,250
643,49.75,66.25,250
644,49.75,66.25,250
645,49.75,66.25,250
646,49.50,66.75,250
647,49.00,66.25,250
648,49.50,66.00,250
649,49.25,66.75,250
650,49.25,66.50,250
651,48.50,67.00,250
652,48.75,66.50,250
653,48.50,66.75,250
654,49.00,66.25,250
655,48.75,66.25,250
656,47.75,66.50,250
657,48.00,66.50,250
658,48.00,66.50,250
659,48.25,66.25,250
660,48.25,66.50,250
661,48.00,66.00,250
662,48.00,66.00,250
663,48.00,66.50,250
664,48.00,66.25,250
665,47.25,66.25,250
666,47.75,65.75,250
667,47.50,65.75,250
668,47.50,65.75,250
669,46.75,66.00,250
670,47.25,65.75,250
671,47.50,65.75,250
672,47.25,65.75,250
673,46.75,66.25,250
674,47.00,66.00,250
675,47.00,65.75,250
676,46.75,66.00,250
677,46.50,66.00,250
678,47.00,66.00,250
679,46.50,66.00,250
680,47.00,65.75,250
681,46.75,65.75,250
682,46.75,65.75,250
683,46.75,65.50,250
684,46.75,65.75,250
685,46.75,65.50,250
686,47.00,65.75,250
687,46.00,65.25,250
688,47.00,65.50,250
689,47.25,65.00,250
690,47.25,65.50,250
691,47.50,65.25,250
692,47.75,65.75,250
693,47.75,65.75,250
694,47.75,65.25,250
695,48.00,65.75,250
696,48.00,65.75,250
697,48.00,66.25,250
698,48.25,66.50,250
699,47.75,66.50,250
700,47.75,66.50,250
701,47.75,66.00,250
702,47.75,66.25,250
703,47.50,66.25,250
704,47.25,66.25,250
705,47.50,66.50,250
706,47.25,66.25,250
707,47.50,66.00,250
708,47.50,66.00,250
709,47.25,65.75,250
710,47.75,66.00,250
711,48.00,66.00,250
712,48.00,65.75,250
713,47.25,66.25,250
714,48.00,66.00,250
715,48.50,65.25,250
716,48.75,65.75,250
717,48.50,65.75,250
718,48.50,66.25,250
719,48.25,65.75,250
720,48.25,66.25,250
721,48.00,66.00,250
722,48.00,66.00,250
723,47.50,66.25,250
724,47.00,66.50,250
725,47.50,66.25,250
726,47.75,66.25,250
727,47.50,66.25,250
728,47.00,66.00,250
729,47.50,65.75,250
730,47.25,66.00,250
731,47.50,65.25,250
732,47.50,66.00,250
733,47.00,66.25,250
734,47.50,64.25,250
735,47.25,64.00,250
736,47.25,64.50,250
737,46.75,64.75,250
738,47.00,65.25,250
739,47.00,65.25,250
740,47.50,65.25,250
741,47.50,65.00,250
742,47.75,64.75,250
743,46.50,64.25,250
744,47.25,64.00,250
745,47.50,64.50,250
746,47.25,64.75,250
747,47.50,64.75,250
748,47.25,64.75,250
749,47.25,65.00,250
750,46.50,65.00,250
751,47.00,65.00,250
752,47.00,65.00,250
753,47.25,65.00,250
754,47.00,65.00,250
755,46.75,64.25,250
756,47.00,64.25,250
757,47.00,64.00,250
758,46.50,64.25,250
759,46.25,64.00,250
760,46.00,64.50,250
761,46.50,64.25,250
762,46.50,64.00,250
763,46.50,63.75,250
764,46.50,64.00,250
765,46.50,64.25,250
766,46.50,64.00,250
767,46.25,64.50,250
768,46.00,64.25,250
769,46.50,64.50,250
770,46.25,64.75,250
771,46.75,64.75,250
772,46.75,64.50,250
773,46.50,64.75,250
774,47.00,64.75,250
775,47.25,64.50,250
776,47.25,64.50,250
777,47.75,62.75,250
778,47.50,63.25,250
779,47.75,63.50,250
780,47.50,63.50,250
781,47.75,63.50,250
782,47.25,63.50,250
783,47.50,63.75,250
784,47.00,63.75,250
785,46.75,63.50,250
786,47.50,63.75,250
787,47.25,63.75,250
788,46.25,63.75,250
789,47.00,63.75,250
790,47.00,63.75,250
791,46.50,63.50,250
792,46.75,63.25,250
793,47.00,64.00,250
794,46.50,64.00,250
795,47.25,64.50,250
796,47.50,64.25,250
797,47.00,64.50,250
798,47.50,64.75,250
799,47.50,64.25,250
800,47.75,64.50,250
801,48.00,64.50,250
802,48.00,64.00,250
803,48.00,65.00,250
804,48.25,65.00,250
805,47.75,65.25,250
806,48.25,64.75,250
807,48.00,65.00,250
808,48.00,65.00,250
809,48.00,65.25,250
810,48.00,64.75,250
811,47.50,64.75,250
812,48.00,65.50,250
813,48.00,65.00,250
814,47.75,65.00,250
815,47.50,65.00,250
816,47.25,65.25,250
817,47.75,65.50,250
818,47.50,65.25,250
819,48.25,65.25,250
820,48.25,65.25,250
821,48.25,65.00,250
822,48.50,65.00,250
823,48.75,65.00,250
824,48.75,65.00,250
825,48.75,64.50,250
826,48.50,64.75,250
827,48.50,64.00,250
828,49.00,64.25,250
829,49.25,64.75,250
830,49.50,64.50,250
831,49.75,64.75,250
832,50.00,65.00,250
833,50.00,64.75,250
834,50.25,64.25,250
835,50.50,64.75,250
836,51.25,64.75,250
837,51.50,64.75,250
838,51.00,65.00,250
839,51.25,65.00,250
840,51.00,64.25,250
841,51.00,64.75,250
842,51.00,64.75,250
843,50.75,65.00,250
844,50.50,64.75,250
845,50.00,64.50,250
846,50.50,64.75,250
847,50.00,64.25,250
848,50.00,64.50,250
849,49.25,64.00,250
850,49.50,64.50,250
851,49.25,64.50,250
852,49.00,64.25,250
853,48.25,64.25,250
854,48.50,64.25,250
855,49.00,64.00,250
856,49.25,64.50,250
857,49.00,64.25,250
858,49.00,64.50,250
859,49.25,65.00,250
860,49.50,64.50,250
861,49.75,64.25,250
862,50.25,64.50,250
863,50.25,64.25,250
864,50.25,64.25,250
865,50.75,64.25,250
866,50.00,64.25,250
868,50.00,64.25,250
869,50.00,64.00,250
870,50.00,63.75,250
871,49.25,63.75,250
872,49.50,63.50,250
873,49.50,63.75,250
874,49.00,63.50,250
875,49.00,63.75,250
876,48.75,64.00,250
877,48.75,64.00,250
878,48.50,63.75,250
879,48.50,63.50,250
880,48.00,63.25,250
881,48.75,63.75,250
882,48.50,63.75,250
883,48.75,63.75,250
884,48.50,63.25,250
885,48.00,63.50,250
886,48.00,63.75,250
887,48.00,64.00,250
888,48.50,64.25,250
889,48.50,64.25,250
890,48.75,64.25,250
891,48.75,64.25,250
892,48.50,63.50,250
893,49.00,64.00,250
894,49.25,64.00,250
895,49.25,63.75,250
896,49.25,63.00,250
897,49.25,63.75,250
898,49.50,63.75,250
899,49.75,63.50,250
900,49.50,63.00,250
901,49.50,63.50,250
902,49.25,63.50,250
903,49.00,63.00,250
904,49.00,63.50,250
905,49.25,63.50,250
906,49.00,62.50,250
907,49.25,63.25,250
908,49.25,63.25,250
909,50.00,62.50,250
910,49.50,63.00,250
911,49.25,63.25,250
912,49.25,63.25,250
913,49.50,63.00,250
914,48.25,63.25,250
915,49.00,63.00,250
916,48.75,62.75,250
917,48.25,63.00,250
918,47.50,63.00,250
919,48.00,63.00,250
920,48.25,63.00,250
921,47.75,63.00,250
922,48.25,63.00,250
923,47.75,63.25,250
924,47.75,63.00,250
925,48.25,63.25,250
926,48.00,63.25,250
927,47.75,63.25,250
928,47.50,62.75,250
929,47.75,62.50,250
930,47.75,62.25,250
931,47.75,62.25,250
932,47.75,62.00,250
933,47.50,62.75,250
934,47.50,62.75,250
935,47.25,62.75,250
936,47.75,61.75,250
937,47.75,62.75,250
938,47.75,62.50,250
939,48.00,63.00,250
940,48.00,63.00,250
941,47.50,63.00,250
942,48.00,63.25,250
943,48.00,63.75,250
944,47.25,63.00,250
945,48.50,63.25,250
946,48.50,63.25,250
947,48.50,63.50,250
948,49.00,63.00,250
949,48.50,63.50,250
950,48.50,63.75,250
951,48.25,63.75,250
952,48.50,63.75,250
953,48.25,63.50,250
954,48.25,63.75,250
955,48.25,63.50,250
956,47.50,63.25,250
957,47.75,63.50,250
958,47.50,63.50,250
959,47.50,63.50,250
960,48.25,63.75,250
961,48.00,63.50,250
962,47.75,63.00,250
963,48.25,63.25,250
964,48.75,63.00,250
965,48.75,63.25,250
966,49.00,63.25,250
967,49.00,62.75,250
968,49.25,62.75,250
969,49.25,63.50,250
970,48.75,63.75,250
971,49.25,64.00,250
972,48.75,64.25,250
973,48.50,63.50,250
974,48.50,63.75,250
975,48.00,64.00,250
976,48.50,63.75,250
977,48.25,64.25,250
978,48.25,64.25,250
979,48.50,64.50,250
980,48.50,64.00,250
981,48.00,64.25,250
982,48.25,64.00,250
983,48.25,63.25,250
984,48.25,64.00,250
985,48.25,63.50,250
986,48.25,63.75,250
987,48.75,63.25,250
988,49.00,63.00,250
989,48.50,63.50,250
990,49.00,63.75,250
991,49.25,63.75,250
992,49.25,63.50,250
993,49.75,64.25,250
994,49.75,63.75,250
995,49.75,63.75,250
996,50.00,64.25,250
997,49.75,64.25,250
998,49.25,64.25,250
999,49.25,64.00,250
1000,49.25,63.75,250
1001,48.50,63.75,250
1002,49.25,63.50,250
1003,49.50,63.50,250
1004,49.50,63.50,250
1005,49.75,63.25,250
1006,49.75,62.75,250
1007,49.50,63.00,250
1008,49.50,62.75,250
1009,49.00,62.75,250
1010,48.75,63.25,250
1011,49.00,62.50,250
1012,49.00,63.25,250
1013,48.75,63.00,250
1014,49.00,62.75,250
1015,49.25,62.00,250
1016,48.75,62.25,250
1017,49.50,62.25,250
1018,49.50,62.00,250
1019,49.75,62.00,250
1020,49.25,61.75,250
1021,49.50,61.75,250
1022,49.25,61.75,250
1023,49.00,62.00,250
1024,49.00,61.00,250
1025,48.75,61.50,250
1026,48.75,61.25,250
1027,48.50,61.50,250
1028,48.25,61.25,250
1029,47.75,61.00,250
1030,48.25,61.00,250
1031,47.25,60.75,250
1032,48.00,60.75,250
1033,47.75,60.25,250
1034,47.50,61.00,250
1035,47.75,60.75,250
1036,47.50,60.50,250
1037,47.75,60.25,250
1038,48.00,60.50,250
1039,47.75,60.25,250
1040,48.25,60.25,250
1041,48.00,59.50,250
1042,48.00,59.75,250
1043,47.50,59.50,250
1044,48.50,59.25,250
1045,48.25,59.25,250
1046,47.50,59.25,250
1047,47.50,59.25,250
1048,48.00,59.50,250
1049,47.25,59.50,250
1050,47.00,59.00,250
1051,47.00,59.25,250
1052,47.00,59.50,250
1053,47.00,59.00,250
1054,47.25,59.25,250
1055,46.50,59.00,250
1056,47.25,59.75,250
1057,47.50,59.00,250
1058,47.25,59.75,250
1059,47.00,59.50,250
1060,47.50,59.00,250
1061,47.00,60.00,250
1062,47.50,60.75,250
1063,47.25,60.50,250
1064,47.25,60.75,250
1065,47.50,60.75,250
1066,47.50,60.75,250
1067,46.25,60.75,250
1068,47.50,60.50,250
1069,47.50,60.25,250
1070,47.75,60.75,250
1071,47.50,61.00,250
1072,48.00,60.50,250
1073,48.00,61.00,250
1074,48.25,61.25,250
1075,48.25,61.25,250
1076,48.50,60.75,250
1077,48.50,60.75,250
1078,48.50,60.00,250
1079,48.75,59.50,250
1080,49.00,60.00,250
1081,49.00,60.25,250
1082,48.50,60.50,250
1083,48.75,60.75,250
1084,48.00,58.25,250
1085,48.50,59.50,250
1086,47.50,59.00,250
1087,47.00,58.50,250
1088,47.25,58.25,250
1089,47.25,57.50,250
1090,46.75,57.25,250
1091,47.00,57.00,250
1092,47.25,56.25,250
1093,47.25,55.75,250
1094,47.50,55.50,250
1095,47.00,55.00,250
1096,47.50,55.00,250
1097,47.50,54.75,250
1098,47.00,54.25,250
1099,47.25,53.75,250
1100,47.25,53.25,250
1101,47.50,53.00,250
1102,47.50,52.50,250
1103,46.75,51.50,250
1104,47.25,51.50,250
1105,46.50,50.50,250
1106,47.00,50.25,250
1107,46.50,50.00,250
1108,46.75,49.75,250
1109,46.00,49.25,250
1110,46.50,48.75,250
