Please wait for the temperature to reach 95
0 , 31.50 , 60.00 , 0.00 , 0
1 , 31.00 , 60.00 , 0.00 , 0
2 , 31.25 , 60.00 , 0.00 , 0
3 , 31.50 , 60.00 , 0.00 , 0
4 , 31.75 , 60.00 , 0.00 , 0
5 , 32.00 , 60.00 , 0.00 , 0
6 , 32.75 , 60.00 , 0.00 , 0
7 , 33.50 , 60.00 , 0.00 , 0
8 , 38.00 , 60.00 , 0.00 , 0
9 , 41.25 , 60.00 , 0.00 , 0
10 , 44.25 , 60.00 , 0.00 , 0
11 , 47.00 , 60.00 , 0.00 , 0
12 , 48.75 , 60.00 , 0.00 , 0
13 , 51.25 , 60.00 , 0.00 , 0
14 , 53.00 , 60.00 , 0.00 , 0
15 , 56.00 , 60.00 , 0.00 , 0
16 , 57.25 , 60.00 , 0.00 , 0
17 , 58.00 , 60.00 , 0.00 , 0
18 , 59.75 , 60.00 , 0.00 , 0
19 , 60.50 , 60.00 , 0.00 , 0
20 , 61.25 , 60.00 , 0.00 , 0
21 , 61.25 , 60.00 , 0.00 , 0
22 , 61.75 , 60.00 , 0.00 , 0
23 , 61.75 , 60.00 , 0.00 , 0
24 , 62.75 , 60.00 , 0.00 , 0
25 , 63.25 , 60.00 , 0.00 , 0
26 , 64.00 , 60.00 , 0.00 , 0
27 , 64.50 , 60.00 , 0.00 , 0
28 , 65.50 , 60.00 , 0.00 , 0
29 , 66.00 , 60.00 , 0.00 , 0
30 , 66.75 , 60.00 , 0.00 , 0
31 , 68.00 , 60.00 , 0.00 , 0
32 , 68.25 , 60.00 , 0.00 , 0
33 , 69.25 , 60.00 , 0.00 , 0
34 , 70.00 , 60.00 , 0.00 , 0
35 , 71.00 , 60.00 , 0.00 , 0
36 , 71.00 , 60.00 , 0.00 , 0
37 , 72.25 , 60.00 , 0.00 , 0
38 , 72.50 , 60.00 , 0.00 , 0
39 , 73.50 , 60.00 , 0.00 , 0
40 , 74.00 , 60.00 , 0.00 , 0
41 , 74.25 , 60.00 , 0.00 , 0
42 , 74.75 , 60.00 , 0.00 , 0
43 , 75.50 , 60.00 , 0.00 , 0
44 , 75.25 , 60.00 , 0.00 , 0
45 , 76.00 , 60.00 , 0.00 , 0
46 , 76.00 , 60.00 , 0.00 , 0
47 , 76.00 , 60.00 , 0.00 , 0
48 , 77.25 , 60.00 , 0.00 , 0
49 , 77.50 , 60.00 , 0.00 , 0
50 , 77.75 , 60.00 , 0.00 , 0
51 , 77.75 , 60.00 , 0.00 , 0
52 , 78.25 , 60.00 , 0.00 , 0
53 , 78.00 , 60.00 , 0.00 , 0
54 , 77.75 , 60.00 , 0.00 , 0
55 , 78.75 , 60.00 , 0.00 , 0
56 , 78.50 , 60.00 , 0.00 , 0
57 , 79.00 , 60.00 , 0.00 , 0
58 , 78.75 , 60.00 , 0.00 , 0
59 , 78.75 , 60.00 , 0.00 , 0
60 , 79.25 , 60.00 , 0.00 , 0
61 , 79.25 , 60.00 , 0.00 , 0
62 , 79.50 , 60.00 , 0.00 , 0
63 , 79.25 , 60.00 , 0.00 , 0
64 , 79.50 , 60.00 , 0.00 , 0
65 , 79.75 , 60.00 , 0.00 , 0
66 , 79.50 , 60.00 , 0.00 , 0
67 , 82.25 , 60.00 , 0.00 , 0
68 , 83.50 , 60.00 , 0.00 , 0
69 , 82.75 , 60.00 , 0.00 , 0
70 , 83.25 , 60.00 , 0.00 , 0
71 , 87.50 , 60.00 , 0.00 , 0
72 , 90.25 , 60.00 , 0.00 , 0
73 , 92.00 , 60.00 , 0.00 , 0
74 , 92.75 , 60.00 , 0.00 , 0
75 , 94.50 , 60.00 , 0.00 , 0
Temperature has reached 95, please wait 60s for the initial denaturing to complete
76 , 96.25 , 49.75 , 0.00 , 0
Initial Denaturing has completed, Amplification Loop will start now
Going to Denaturing Temperature
Denaturing DNA Now
77 , 97.25 , 13.63 , 0.00 , 1
78 , 95.50 , 0.00 , 0.00 , 1
79 , 94.00 , 26.25 , 0.00 , 1
80 , 93.00 , 56.25 , 0.00 , 1
81 , 93.75 , 60.00 , 0.00 , 1
82 , 94.00 , 60.00 , 0.00 , 1
83 , 94.00 , 56.88 , 0.00 , 1
84 , 95.50 , 56.88 , 0.00 , 1
85 , 96.75 , 26.12 , 0.00 , 1
86 , 98.00 , 0.00 , 0.00 , 1
87 , 96.25 , 0.00 , 0.00 , 1
88 , 93.75 , 6.63 , 0.00 , 1
89 , 92.00 , 56.75 , 0.00 , 1
90 , 93.25 , 60.00 , 0.00 , 1
91 , 94.00 , 60.00 , 0.00 , 1
Going to Extension Temperature
Extending DNA Now
92 , 94.75 , 0.00 , 0.00 , 1
93 , 93.50 , 0.00 , 0.00 , 1
94 , 91.75 , 0.00 , 0.00 , 1
95 , 89.50 , 0.00 , 0.00 , 1
96 , 88.25 , 0.00 , 0.00 , 1
97 , 86.75 , 0.00 , 0.00 , 1
98 , 85.25 , 0.00 , 0.00 , 1
99 , 84.00 , 0.00 , 0.00 , 1
100 , 82.50 , 0.00 , 0.00 , 1
101 , 81.75 , 0.00 , 0.00 , 1
102 , 80.25 , 0.00 , 0.00 , 1
103 , 79.25 , 0.00 , 0.00 , 1
104 , 78.25 , 0.00 , 0.00 , 1
105 , 76.75 , 0.00 , 0.00 , 1
106 , 76.00 , 0.00 , 0.00 , 1
107 , 75.50 , 0.00 , 0.00 , 1
108 , 74.00 , 0.00 , 0.00 , 1
109 , 73.25 , 0.00 , 0.00 , 1
110 , 73.00 , 0.00 , 0.00 , 1
111 , 72.00 , 0.00 , 0.00 , 1
112 , 71.50 , 0.00 , 0.00 , 1
113 , 70.75 , 0.00 , 0.00 , 1
114 , 70.25 , 0.00 , 0.00 , 1
115 , 69.00 , 0.00 , 0.00 , 1
116 , 67.75 , 0.00 , 0.00 , 1
117 , 68.00 , 0.00 , 0.00 , 1
118 , 66.50 , 0.00 , 0.00 , 1
119 , 66.25 , 0.00 , 0.00 , 1
120 , 66.00 , 0.00 , 0.00 , 1
121 , 65.00 , 0.00 , 0.00 , 1
122 , 65.00 , 0.00 , 0.00 , 1
Going to Denaturing Temperature
123 , 64.00 , 60.00 , 0.00 , 2
124 , 64.25 , 60.00 , 0.00 , 2
125 , 66.50 , 60.00 , 0.00 , 2
126 , 69.75 , 60.00 , 0.00 , 2
127 , 72.75 , 60.00 , 0.00 , 2
128 , 75.50 , 60.00 , 0.00 , 2
129 , 78.50 , 60.00 , 0.00 , 2
130 , 81.00 , 60.00 , 0.00 , 2
131 , 83.75 , 60.00 , 0.00 , 2
132 , 85.75 , 60.00 , 0.00 , 2
133 , 87.25 , 60.00 , 0.00 , 2
134 , 90.00 , 60.00 , 0.00 , 2
135 , 92.50 , 60.00 , 0.00 , 2
136 , 94.00 , 60.00 , 0.00 , 2
Denaturing DNA Now
137 , 95.00 , 60.00 , 0.00 , 2
138 , 96.00 , 39.50 , 0.00 , 2
139 , 96.50 , 18.50 , 0.00 , 2
140 , 95.00 , 7.25 , 0.00 , 2
141 , 93.00 , 36.75 , 0.00 , 2
142 , 92.75 , 60.00 , 0.00 , 2
143 , 94.25 , 60.00 , 0.00 , 2
144 , 95.75 , 52.75 , 0.00 , 2
145 , 97.00 , 21.87 , 0.00 , 2
146 , 95.50 , 0.00 , 0.00 , 2
147 , 93.25 , 24.62 , 0.00 , 2
148 , 91.50 , 60.00 , 0.00 , 2
149 , 92.75 , 60.00 , 0.00 , 2
150 , 94.25 , 60.00 , 0.00 , 2
151 , 94.75 , 51.75 , 0.00 , 2
Going to Extension Temperature
Extending DNA Now
152 , 96.25 , 0.00 , 0.00 , 2
153 , 95.00 , 0.00 , 0.00 , 2
154 , 92.25 , 0.00 , 0.00 , 2
155 , 90.75 , 0.00 , 0.00 , 2
156 , 89.75 , 0.00 , 0.00 , 2
157 , 87.75 , 0.00 , 0.00 , 2
158 , 86.50 , 0.00 , 0.00 , 2
159 , 85.00 , 0.00 , 0.00 , 2
160 , 83.50 , 0.00 , 0.00 , 2
161 , 82.25 , 0.00 , 0.00 , 2
162 , 81.00 , 0.00 , 0.00 , 2
163 , 79.50 , 0.00 , 0.00 , 2
164 , 78.75 , 0.00 , 0.00 , 2
165 , 78.00 , 0.00 , 0.00 , 2
166 , 77.00 , 0.00 , 0.00 , 2
167 , 76.00 , 0.00 , 0.00 , 2
168 , 75.25 , 0.00 , 0.00 , 2
169 , 74.50 , 0.00 , 0.00 , 2
170 , 73.50 , 0.00 , 0.00 , 2
171 , 72.75 , 0.00 , 0.00 , 2
172 , 72.00 , 0.00 , 0.00 , 2
173 , 71.50 , 0.00 , 0.00 , 2
174 , 69.75 , 0.00 , 0.00 , 2
175 , 70.00 , 0.00 , 0.00 , 2
176 , 69.50 , 0.00 , 0.00 , 2
177 , 68.50 , 0.00 , 0.00 , 2
178 , 68.00 , 0.00 , 0.00 , 2
179 , 67.00 , 0.00 , 0.00 , 2
180 , 66.75 , 0.00 , 0.00 , 2
181 , 65.75 , 0.00 , 0.00 , 2
182 , 65.75 , 0.00 , 0.00 , 2
Going to Denaturing Temperature
183 , 65.00 , 60.00 , 0.00 , 3
184 , 64.25 , 60.00 , 0.00 , 3
185 , 67.50 , 60.00 , 0.00 , 3
186 , 73.00 , 60.00 , 0.00 , 3
187 , 77.75 , 60.00 , 0.00 , 3
188 , 81.50 , 60.00 , 0.00 , 3
189 , 84.50 , 60.00 , 0.00 , 3
190 , 87.75 , 60.00 , 0.00 , 3
191 , 90.00 , 60.00 , 0.00 , 3
192 , 92.75 , 60.00 , 0.00 , 3
193 , 94.00 , 60.00 , 0.00 , 3
Denaturing DNA Now
194 , 95.75 , 60.00 , 0.00 , 3
195 , 97.00 , 24.12 , 0.00 , 3
196 , 95.25 , 0.00 , 0.00 , 3
197 , 92.50 , 32.00 , 0.00 , 3
198 , 91.00 , 60.00 , 0.00 , 3
199 , 92.50 , 60.00 , 0.00 , 3
200 , 95.00 , 60.00 , 0.00 , 3
201 , 97.50 , 39.50 , 0.00 , 3
202 , 96.75 , 0.00 , 0.00 , 3
203 , 94.25 , 1.37 , 0.00 , 3
204 , 92.25 , 51.25 , 0.00 , 3
205 , 91.50 , 60.00 , 0.00 , 3
206 , 94.25 , 60.00 , 0.00 , 3
207 , 97.00 , 53.25 , 0.00 , 3
208 , 99.25 , 0.00 , 0.00 , 3
Going to Extension Temperature
Extending DNA Now
209 , 96.50 , 0.00 , 0.00 , 3
210 , 93.50 , 0.00 , 0.00 , 3
211 , 91.75 , 0.00 , 0.00 , 3
212 , 89.75 , 0.00 , 0.00 , 3
213 , 87.75 , 0.00 , 0.00 , 3
214 , 86.00 , 0.00 , 0.00 , 3
215 , 84.50 , 0.00 , 0.00 , 3
216 , 83.00 , 0.00 , 0.00 , 3
217 , 82.00 , 0.00 , 0.00 , 3
218 , 80.00 , 0.00 , 0.00 , 3
219 , 79.50 , 0.00 , 0.00 , 3
220 , 78.00 , 0.00 , 0.00 , 3
221 , 77.00 , 0.00 , 0.00 , 3
222 , 75.75 , 0.00 , 0.00 , 3
223 , 75.25 , 0.00 , 0.00 , 3
224 , 74.25 , 0.00 , 0.00 , 3
225 , 73.50 , 0.00 , 0.00 , 3
226 , 72.50 , 0.00 , 0.00 , 3
227 , 72.00 , 0.00 , 0.00 , 3
228 , 71.00 , 0.00 , 0.00 , 3
229 , 70.25 , 0.00 , 0.00 , 3
230 , 69.75 , 0.00 , 0.00 , 3
231 , 69.00 , 0.00 , 0.00 , 3
232 , 68.25 , 0.00 , 0.00 , 3
233 , 67.75 , 0.00 , 0.00 , 3
234 , 67.00 , 0.00 , 0.00 , 3
235 , 66.50 , 0.00 , 0.00 , 3
236 , 66.00 , 0.00 , 0.00 , 3
237 , 65.50 , 0.00 , 0.00 , 3
238 , 64.25 , 0.00 , 0.00 , 3
239 , 64.00 , 0.00 , 0.00 , 3
Going to Denaturing Temperature
240 , 63.50 , 60.00 , 0.00 , 4
241 , 63.50 , 60.00 , 0.00 , 4
242 , 66.25 , 60.00 , 0.00 , 4
243 , 69.25 , 60.00 , 0.00 , 4
244 , 74.25 , 60.00 , 0.00 , 4
245 , 78.50 , 60.00 , 0.00 , 4
246 , 81.75 , 60.00 , 0.00 , 4
247 , 84.75 , 60.00 , 0.00 , 4
248 , 88.25 , 60.00 , 0.00 , 4
249 , 90.00 , 60.00 , 0.00 , 4
250 , 92.25 , 60.00 , 0.00 , 4
251 , 93.50 , 60.00 , 0.00 , 4
252 , 94.75 , 60.00 , 0.00 , 4
Denaturing DNA Now
253 , 96.00 , 44.63 , 0.00 , 4
254 , 94.25 , 18.62 , 0.00 , 4
255 , 92.75 , 53.50 , 0.00 , 4
256 , 93.00 , 60.00 , 0.00 , 4
257 , 93.25 , 60.00 , 0.00 , 4
258 , 93.75 , 60.00 , 0.00 , 4
259 , 93.75 , 60.00 , 0.00 , 4
260 , 95.25 , 60.00 , 0.00 , 4
261 , 93.75 , 34.38 , 0.00 , 4
262 , 95.75 , 60.00 , 0.00 , 4
263 , 96.00 , 23.62 , 0.00 , 4
264 , 95.00 , 17.62 , 0.00 , 4
265 , 93.50 , 37.13 , 0.00 , 4
266 , 92.75 , 60.00 , 0.00 , 4
267 , 94.25 , 60.00 , 0.00 , 4
Going to Extension Temperature
Extending DNA Now
268 , 94.75 , 0.00 , 0.00 , 4
269 , 92.25 , 0.00 , 0.00 , 4
270 , 90.50 , 0.00 , 0.00 , 4
271 , 89.00 , 0.00 , 0.00 , 4
272 , 87.25 , 0.00 , 0.00 , 4
273 , 85.50 , 0.00 , 0.00 , 4
274 , 84.75 , 0.00 , 0.00 , 4
275 , 83.50 , 0.00 , 0.00 , 4
276 , 81.50 , 0.00 , 0.00 , 4
277 , 80.75 , 0.00 , 0.00 , 4
278 , 79.50 , 0.00 , 0.00 , 4
279 , 78.25 , 0.00 , 0.00 , 4
280 , 77.25 , 0.00 , 0.00 , 4
281 , 76.25 , 0.00 , 0.00 , 4
282 , 75.50 , 0.00 , 0.00 , 4
283 , 74.75 , 0.00 , 0.00 , 4
284 , 73.25 , 0.00 , 0.00 , 4
285 , 73.25 , 0.00 , 0.00 , 4
286 , 72.25 , 0.00 , 0.00 , 4
287 , 71.25 , 0.00 , 0.00 , 4
288 , 70.25 , 0.00 , 0.00 , 4
289 , 69.75 , 0.00 , 0.00 , 4
290 , 69.25 , 0.00 , 0.00 , 4
291 , 68.50 , 0.00 , 0.00 , 4
292 , 67.50 , 0.00 , 0.00 , 4
293 , 67.50 , 0.00 , 0.00 , 4
294 , 66.25 , 0.00 , 0.00 , 4
295 , 66.00 , 0.00 , 0.00 , 4
296 , 66.00 , 0.00 , 0.00 , 4
297 , 65.00 , 0.00 , 0.00 , 4
298 , 64.50 , 0.00 , 0.00 , 4
Going to Denaturing Temperature
299 , 63.50 , 60.00 , 0.00 , 5
300 , 63.75 , 60.00 , 0.00 , 5
301 , 66.00 , 60.00 , 0.00 , 5
302 , 67.75 , 60.00 , 0.00 , 5
303 , 68.50 , 60.00 , 0.00 , 5
304 , 70.25 , 60.00 , 0.00 , 5
305 , 73.00 , 60.00 , 0.00 , 5
306 , 76.25 , 60.00 , 0.00 , 5
307 , 79.75 , 60.00 , 0.00 , 5
308 , 82.00 , 60.00 , 0.00 , 5
309 , 83.75 , 60.00 , 0.00 , 5
310 , 85.25 , 60.00 , 0.00 , 5
311 , 86.25 , 60.00 , 0.00 , 5
312 , 88.00 , 60.00 , 0.00 , 5
313 , 88.50 , 60.00 , 0.00 , 5
314 , 90.50 , 60.00 , 0.00 , 5
315 , 91.25 , 60.00 , 0.00 , 5
316 , 91.50 , 60.00 , 0.00 , 5
317 , 92.00 , 60.00 , 0.00 , 5
318 , 93.00 , 60.00 , 0.00 , 5
319 , 93.00 , 60.00 , 0.00 , 5
320 , 93.25 , 60.00 , 0.00 , 5
321 , 93.75 , 60.00 , 0.00 , 5
322 , 94.50 , 60.00 , 0.00 , 5
Denaturing DNA Now
323 , 94.25 , 49.75 , 0.00 , 5
324 , 94.75 , 54.63 , 0.00 , 5
325 , 94.75 , 44.25 , 0.00 , 5
326 , 94.00 , 43.88 , 0.00 , 5
327 , 93.50 , 58.88 , 0.00 , 5
328 , 94.00 , 60.00 , 0.00 , 5
329 , 94.00 , 59.13 , 0.00 , 5
330 , 94.00 , 59.13 , 0.00 , 5
331 , 94.25 , 59.13 , 0.00 , 5
332 , 94.00 , 54.00 , 0.00 , 5
333 , 94.00 , 59.00 , 0.00 , 5
334 , 94.25 , 59.00 , 0.00 , 5
335 , 93.25 , 53.88 , 0.00 , 5
336 , 93.25 , 60.00 , 0.00 , 5
337 , 93.00 , 60.00 , 0.00 , 5
Going to Extension Temperature
Extending DNA Now
338 , 93.00 , 0.00 , 0.00 , 5
339 , 91.50 , 0.00 , 0.00 , 5
340 , 89.75 , 0.00 , 0.00 , 5
341 , 88.25 , 0.00 , 0.00 , 5
342 , 86.50 , 0.00 , 0.00 , 5
343 , 84.75 , 0.00 , 0.00 , 5
344 , 83.50 , 0.00 , 0.00 , 5
345 , 82.25 , 0.00 , 0.00 , 5
346 , 81.00 , 0.00 , 0.00 , 5
347 , 80.00 , 0.00 , 0.00 , 5
348 , 78.75 , 0.00 , 0.00 , 5
349 , 77.75 , 0.00 , 0.00 , 5
350 , 77.00 , 0.00 , 0.00 , 5
351 , 76.00 , 0.00 , 0.00 , 5
352 , 74.25 , 0.00 , 0.00 , 5
353 , 74.25 , 0.00 , 0.00 , 5
354 , 73.25 , 0.00 , 0.00 , 5
355 , 72.00 , 0.00 , 0.00 , 5
356 , 71.50 , 0.00 , 0.00 , 5
357 , 71.00 , 0.00 , 0.00 , 5
358 , 70.25 , 0.00 , 0.00 , 5
359 , 69.75 , 0.00 , 0.00 , 5
360 , 68.75 , 0.00 , 0.00 , 5
361 , 68.00 , 0.00 , 0.00 , 5
362 , 67.50 , 0.00 , 0.00 , 5
363 , 66.50 , 0.00 , 0.00 , 5
364 , 66.50 , 0.00 , 0.00 , 5
365 , 66.00 , 0.00 , 0.00 , 5
366 , 65.25 , 0.00 , 0.00 , 5
367 , 64.50 , 0.00 , 0.00 , 5
368 , 64.25 , 0.00 , 0.00 , 5
Going to Denaturing Temperature
369 , 63.75 , 60.00 , 0.00 , 6
370 , 63.50 , 60.00 , 0.00 , 6
371 , 66.25 , 60.00 , 0.00 , 6
372 , 70.25 , 60.00 , 0.00 , 6
373 , 74.00 , 60.00 , 0.00 , 6
374 , 77.25 , 60.00 , 0.00 , 6
375 , 80.00 , 60.00 , 0.00 , 6
376 , 82.75 , 60.00 , 0.00 , 6
377 , 84.25 , 60.00 , 0.00 , 6
378 , 85.75 , 60.00 , 0.00 , 6
380 , 87.00 , 60.00 , 0.00 , 6
381 , 87.50 , 60.00 , 0.00 , 6
382 , 87.75 , 60.00 , 0.00 , 6
383 , 89.00 , 60.00 , 0.00 , 6
384 , 89.50 , 60.00 , 0.00 , 6
385 , 90.00 , 60.00 , 0.00 , 6
386 , 90.75 , 60.00 , 0.00 , 6
387 , 91.00 , 60.00 , 0.00 , 6
388 , 91.75 , 60.00 , 0.00 , 6
389 , 91.50 , 60.00 , 0.00 , 6
390 , 91.75 , 60.00 , 0.00 , 6
391 , 93.75 , 60.00 , 0.00 , 6
392 , 95.25 , 60.00 , 0.00 , 6
Denaturing DNA Now
393 , 95.75 , 34.38 , 0.00 , 6
394 , 95.25 , 23.50 , 0.00 , 6
395 , 94.50 , 32.88 , 0.00 , 6
396 , 93.75 , 47.63 , 0.00 , 6
397 , 92.50 , 60.00 , 0.00 , 6
398 , 92.50 , 60.00 , 0.00 , 6
399 , 93.25 , 60.00 , 0.00 , 6
400 , 92.50 , 60.00 , 0.00 , 6
401 , 97.50 , 60.00 , 0.00 , 6
402 , 101.75 , 0.00 , 0.00 , 6
403 , 97.25 , 0.00 , 0.00 , 6
404 , 95.75 , 0.00 , 0.00 , 6
405 , 94.25 , 16.87 , 0.00 , 6
406 , 93.00 , 46.75 , 0.00 , 6
407 , 94.75 , 60.00 , 0.00 , 6
Going to Extension Temperature
Extending DNA Now
408 , 95.25 , 0.00 , 0.00 , 6
409 , 94.25 , 0.00 , 0.00 , 6
410 , 90.50 , 0.00 , 0.00 , 6
411 , 89.75 , 0.00 , 0.00 , 6
412 , 88.50 , 0.00 , 0.00 , 6
413 , 87.75 , 0.00 , 0.00 , 6
414 , 86.75 , 0.00 , 0.00 , 6
415 , 85.75 , 0.00 , 0.00 , 6
416 , 84.25 , 0.00 , 0.00 , 6
417 , 83.50 , 0.00 , 0.00 , 6
418 , 82.25 , 0.00 , 0.00 , 6
419 , 81.00 , 0.00 , 0.00 , 6
420 , 80.75 , 0.00 , 0.00 , 6
421 , 79.25 , 0.00 , 0.00 , 6
422 , 78.50 , 0.00 , 0.00 , 6
423 , 78.25 , 0.00 , 0.00 , 6
424 , 77.50 , 0.00 , 0.00 , 6
425 , 76.75 , 0.00 , 0.00 , 6
426 , 75.75 , 0.00 , 0.00 , 6
427 , 75.25 , 0.00 , 0.00 , 6
428 , 74.00 , 0.00 , 0.00 , 6
429 , 73.50 , 0.00 , 0.00 , 6
430 , 72.75 , 0.00 , 0.00 , 6
431 , 72.25 , 0.00 , 0.00 , 6
432 , 71.25 , 0.00 , 0.00 , 6
433 , 70.75 , 0.00 , 0.00 , 6
434 , 70.00 , 0.00 , 0.00 , 6
435 , 69.75 , 0.00 , 0.00 , 6
436 , 69.00 , 0.00 , 0.00 , 6
437 , 68.75 , 0.00 , 0.00 , 6
438 , 67.25 , 0.00 , 0.00 , 6
Going to Denaturing Temperature
439 , 67.25 , 60.00 , 0.00 , 7
440 , 66.50 , 60.00 , 0.00 , 7
441 , 66.75 , 60.00 , 0.00 , 7
442 , 67.25 , 60.00 , 0.00 , 7
443 , 69.00 , 60.00 , 0.00 , 7
444 , 72.50 , 60.00 , 0.00 , 7
445 , 77.50 , 60.00 , 0.00 , 7
446 , 80.50 , 60.00 , 0.00 , 7
447 , 84.25 , 60.00 , 0.00 , 7
448 , 91.25 , 60.00 , 0.00 , 7
449 , 87.00 , 60.00 , 0.00 , 7
450 , 87.50 , 60.00 , 0.00 , 7
451 , 88.00 , 60.00 , 0.00 , 7
452 , 91.50 , 60.00 , 0.00 , 7
453 , 93.50 , 60.00 , 0.00 , 7
454 , 97.00 , 60.00 , 0.00 , 7
Denaturing DNA Now
455 , 96.00 , 0.00 , 0.00 , 7
456 , 95.00 , 17.50 , 0.00 , 7
457 , 92.75 , 37.00 , 0.00 , 7
458 , 91.50 , 60.00 , 0.00 , 7
459 , 93.50 , 60.00 , 0.00 , 7
460 , 94.00 , 60.00 , 0.00 , 7
461 , 94.75 , 59.13 , 0.00 , 7
462 , 97.00 , 43.75 , 0.00 , 7
463 , 96.25 , 0.00 , 0.00 , 7
464 , 95.50 , 11.13 , 0.00 , 7
465 , 93.50 , 25.37 , 0.00 , 7
466 , 93.00 , 60.00 , 0.00 , 7
467 , 93.25 , 60.00 , 0.00 , 7
468 , 94.00 , 60.00 , 0.00 , 7
469 , 96.00 , 56.50 , 0.00 , 7
Going to Extension Temperature
Extending DNA Now
470 , 97.75 , 0.00 , 0.00 , 7
471 , 97.75 , 0.00 , 0.00 , 7
472 , 95.75 , 0.00 , 0.00 , 7
473 , 94.25 , 0.00 , 0.00 , 7
474 , 92.50 , 0.00 , 0.00 , 7
475 , 90.50 , 0.00 , 0.00 , 7
476 , 88.75 , 0.00 , 0.00 , 7
477 , 88.00 , 0.00 , 0.00 , 7
478 , 87.00 , 0.00 , 0.00 , 7
479 , 85.75 , 0.00 , 0.00 , 7
480 , 84.75 , 0.00 , 0.00 , 7
481 , 83.75 , 0.00 , 0.00 , 7
482 , 82.75 , 0.00 , 0.00 , 7
483 , 82.00 , 0.00 , 0.00 , 7
484 , 80.75 , 0.00 , 0.00 , 7
485 , 80.00 , 0.00 , 0.00 , 7
486 , 78.50 , 0.00 , 0.00 , 7
487 , 78.50 , 0.00 , 0.00 , 7
488 , 77.50 , 0.00 , 0.00 , 7
489 , 76.50 , 0.00 , 0.00 , 7
490 , 75.75 , 0.00 , 0.00 , 7
491 , 74.50 , 0.00 , 0.00 , 7
492 , 74.25 , 0.00 , 0.00 , 7
493 , 73.50 , 0.00 , 0.00 , 7
494 , 72.25 , 0.00 , 0.00 , 7
495 , 71.50 , 0.00 , 0.00 , 7
496 , 71.00 , 0.00 , 0.00 , 7
497 , 70.75 , 0.00 , 0.00 , 7
498 , 70.00 , 0.00 , 0.00 , 7
499 , 69.00 , 0.00 , 0.00 , 7
500 , 68.75 , 0.00 , 0.00 , 7
Going to Denaturing Temperature
501 , 68.00 , 60.00 , 0.00 , 8
502 , 67.75 , 60.00 , 0.00 , 8
503 , 67.75 , 60.00 , 0.00 , 8
504 , 73.50 , 60.00 , 0.00 , 8
505 , 73.50 , 60.00 , 0.00 , 8
506 , 75.75 , 60.00 , 0.00 , 8
507 , 74.00 , 60.00 , 0.00 , 8
508 , 75.00 , 60.00 , 0.00 , 8
509 , 76.75 , 60.00 , 0.00 , 8
510 , 81.25 , 60.00 , 0.00 , 8
511 , 80.50 , 60.00 , 0.00 , 8
512 , 81.75 , 60.00 , 0.00 , 8
513 , 82.50 , 60.00 , 0.00 , 8
514 , 90.25 , 60.00 , 0.00 , 8
515 , 91.75 , 60.00 , 0.00 , 8
516 , 91.75 , 60.00 , 0.00 , 8
517 , 94.00 , 60.00 , 0.00 , 8
Denaturing DNA Now
518 , 96.50 , 60.00 , 0.00 , 8
519 , 96.25 , 8.75 , 0.00 , 8
520 , 96.00 , 12.63 , 0.00 , 8
521 , 94.75 , 16.62 , 0.00 , 8
522 , 93.50 , 41.25 , 0.00 , 8
523 , 92.25 , 60.00 , 0.00 , 8
524 , 92.75 , 60.00 , 0.00 , 8
525 , 95.50 , 60.00 , 0.00 , 8
526 , 95.50 , 27.25 , 0.00 , 8
527 , 95.25 , 26.50 , 0.00 , 8
528 , 94.00 , 30.87 , 0.00 , 8
529 , 94.50 , 55.88 , 0.00 , 8
530 , 94.00 , 45.63 , 0.00 , 8
531 , 95.25 , 55.63 , 0.00 , 8
532 , 96.75 , 30.00 , 0.00 , 8
Going to Extension Temperature
Extending DNA Now
533 , 97.25 , 0.00 , 0.00 , 8
534 , 96.25 , 0.00 , 0.00 , 8
535 , 94.50 , 0.00 , 0.00 , 8
536 , 93.00 , 0.00 , 0.00 , 8
537 , 91.00 , 0.00 , 0.00 , 8
538 , 90.00 , 0.00 , 0.00 , 8
539 , 88.25 , 0.00 , 0.00 , 8
540 , 87.50 , 0.00 , 0.00 , 8
541 , 86.25 , 0.00 , 0.00 , 8
542 , 85.25 , 0.00 , 0.00 , 8
543 , 83.50 , 0.00 , 0.00 , 8
544 , 82.75 , 0.00 , 0.00 , 8
545 , 81.50 , 0.00 , 0.00 , 8
546 , 80.25 , 0.00 , 0.00 , 8
547 , 79.75 , 0.00 , 0.00 , 8
548 , 79.00 , 0.00 , 0.00 , 8
549 , 78.25 , 0.00 , 0.00 , 8
550 , 77.00 , 0.00 , 0.00 , 8
551 , 76.25 , 0.00 , 0.00 , 8
552 , 75.75 , 0.00 , 0.00 , 8
553 , 74.50 , 0.00 , 0.00 , 8
554 , 74.25 , 0.00 , 0.00 , 8
555 , 73.50 , 0.00 , 0.00 , 8
556 , 72.75 , 0.00 , 0.00 , 8
557 , 71.75 , 0.00 , 0.00 , 8
558 , 71.50 , 0.00 , 0.00 , 8
559 , 70.75 , 0.00 , 0.00 , 8
560 , 70.00 , 0.00 , 0.00 , 8
561 , 69.75 , 0.00 , 0.00 , 8
562 , 68.75 , 0.00 , 0.00 , 8
563 , 67.50 , 0.00 , 0.00 , 8
Going to Denaturing Temperature
564 , 67.50 , 60.00 , 0.00 , 9
565 , 66.75 , 60.00 , 0.00 , 9
566 , 66.50 , 60.00 , 0.00 , 9
567 , 69.00 , 60.00 , 0.00 , 9
568 , 73.75 , 60.00 , 0.00 , 9
569 , 77.75 , 60.00 , 0.00 , 9
570 , 79.25 , 60.00 , 0.00 , 9
571 , 85.00 , 60.00 , 0.00 , 9
572 , 87.50 , 60.00 , 0.00 , 9
573 , 90.50 , 60.00 , 0.00 , 9
574 , 92.50 , 60.00 , 0.00 , 9
575 , 95.75 , 60.00 , 0.00 , 9
Denaturing DNA Now
576 , 96.50 , 24.12 , 0.00 , 9
577 , 95.00 , 7.88 , 0.00 , 9
578 , 94.25 , 37.38 , 0.00 , 9
579 , 92.50 , 52.25 , 0.00 , 9
580 , 94.00 , 60.00 , 0.00 , 9
581 , 94.00 , 58.00 , 0.00 , 9
582 , 98.50 , 58.00 , 0.00 , 9
583 , 99.00 , 0.00 , 0.00 , 9
584 , 98.00 , 0.00 , 0.00 , 9
585 , 96.25 , 0.00 , 0.00 , 9
586 , 94.25 , 5.13 , 0.00 , 9
587 , 93.00 , 45.00 , 0.00 , 9
588 , 93.75 , 60.00 , 0.00 , 9
589 , 94.25 , 55.63 , 0.00 , 9
590 , 94.75 , 45.50 , 0.00 , 9
Going to Extension Temperature
Extending DNA Now
591 , 97.25 , 0.00 , 0.00 , 9
592 , 95.25 , 0.00 , 0.00 , 9
593 , 94.25 , 0.00 , 0.00 , 9
594 , 92.50 , 0.00 , 0.00 , 9
595 , 91.75 , 0.00 , 0.00 , 9
596 , 90.50 , 0.00 , 0.00 , 9
597 , 89.25 , 0.00 , 0.00 , 9
598 , 88.25 , 0.00 , 0.00 , 9
599 , 86.75 , 0.00 , 0.00 , 9
600 , 85.75 , 0.00 , 0.00 , 9
601 , 84.00 , 0.00 , 0.00 , 9
602 , 83.75 , 0.00 , 0.00 , 9
603 , 82.75 , 0.00 , 0.00 , 9
604 , 81.75 , 0.00 , 0.00 , 9
605 , 81.00 , 0.00 , 0.00 , 9
606 , 79.25 , 0.00 , 0.00 , 9
607 , 79.25 , 0.00 , 0.00 , 9
608 , 77.75 , 0.00 , 0.00 , 9
609 , 77.50 , 0.00 , 0.00 , 9
610 , 77.00 , 0.00 , 0.00 , 9
611 , 75.75 , 0.00 , 0.00 , 9
612 , 75.25 , 0.00 , 0.00 , 9
613 , 74.50 , 0.00 , 0.00 , 9
614 , 73.75 , 0.00 , 0.00 , 9
615 , 73.00 , 0.00 , 0.00 , 9
616 , 72.25 , 0.00 , 0.00 , 9
617 , 71.50 , 0.00 , 0.00 , 9
618 , 70.75 , 0.00 , 0.00 , 9
619 , 70.00 , 0.00 , 0.00 , 9
620 , 69.25 , 0.00 , 0.00 , 9
621 , 69.00 , 0.00 , 0.00 , 9
Going to Denaturing Temperature
622 , 68.25 , 60.00 , 0.00 , 10
623 , 67.00 , 60.00 , 0.00 , 10
624 , 67.75 , 60.00 , 0.00 , 10
625 , 68.00 , 60.00 , 0.00 , 10
626 , 75.75 , 60.00 , 0.00 , 10
627 , 78.75 , 60.00 , 0.00 , 10
628 , 85.75 , 60.00 , 0.00 , 10
629 , 82.00 , 60.00 , 0.00 , 10
630 , 83.50 , 60.00 , 0.00 , 10
631 , 89.00 , 60.00 , 0.00 , 10
632 , 84.75 , 60.00 , 0.00 , 10
633 , 85.25 , 60.00 , 0.00 , 10
634 , 84.75 , 60.00 , 0.00 , 10
635 , 90.00 , 60.00 , 0.00 , 10
636 , 90.25 , 60.00 , 0.00 , 10
637 , 90.75 , 60.00 , 0.00 , 10
638 , 91.50 , 60.00 , 0.00 , 10
639 , 91.75 , 60.00 , 0.00 , 10
640 , 92.00 , 60.00 , 0.00 , 10
641 , 91.25 , 60.00 , 0.00 , 10
642 , 91.75 , 60.00 , 0.00 , 10
643 , 92.00 , 60.00 , 0.00 , 10
644 , 91.75 , 60.00 , 0.00 , 10
645 , 91.50 , 60.00 , 0.00 , 10
646 , 91.00 , 60.00 , 0.00 , 10
647 , 91.00 , 60.00 , 0.00 , 10
648 , 91.25 , 60.00 , 0.00 , 10
649 , 90.50 , 60.00 , 0.00 , 10
650 , 91.00 , 60.00 , 0.00 , 10
651 , 91.25 , 60.00 , 0.00 , 10
652 , 91.50 , 60.00 , 0.00 , 10
653 , 90.50 , 60.00 , 0.00 , 10
654 , 91.00 , 60.00 , 0.00 , 10
655 , 91.25 , 60.00 , 0.00 , 10
656 , 90.75 , 60.00 , 0.00 , 10
657 , 91.75 , 60.00 , 0.00 , 10
658 , 91.50 , 60.00 , 0.00 , 10
659 , 90.75 , 60.00 , 0.00 , 10
660 , 91.50 , 60.00 , 0.00 , 10
661 , 92.50 , 60.00 , 0.00 , 10
662 , 92.75 , 60.00 , 0.00 , 10
663 , 92.50 , 60.00 , 0.00 , 10
664 , 92.50 , 60.00 , 0.00 , 10
665 , 92.25 , 60.00 , 0.00 , 10
666 , 91.75 , 60.00 , 0.00 , 10
667 , 92.25 , 60.00 , 0.00 , 10
668 , 92.25 , 60.00 , 0.00 , 10
669 , 92.00 , 60.00 , 0.00 , 10
670 , 92.00 , 60.00 , 0.00 , 10
671 , 91.50 , 60.00 , 0.00 , 10
672 , 91.75 , 60.00 , 0.00 , 10
673 , 92.25 , 60.00 , 0.00 , 10
674 , 92.00 , 60.00 , 0.00 , 10
675 , 91.50 , 60.00 , 0.00 , 10
676 , 92.25 , 60.00 , 0.00 , 10
677 , 92.25 , 60.00 , 0.00 , 10
678 , 91.75 , 60.00 , 0.00 , 10
679 , 92.00 , 60.00 , 0.00 , 10
680 , 92.25 , 60.00 , 0.00 , 10
681 , 92.25 , 60.00 , 0.00 , 10
682 , 92.25 , 60.00 , 0.00 , 10
683 , 92.25 , 60.00 , 0.00 , 10
684 , 91.75 , 60.00 , 0.00 , 10
685 , 92.25 , 60.00 , 0.00 , 10
686 , 92.50 , 60.00 , 0.00 , 10
687 , 92.50 , 60.00 , 0.00 , 10
688 , 92.50 , 60.00 , 0.00 , 10
689 , 92.25 , 60.00 , 0.00 , 10
690 , 92.50 , 60.00 , 0.00 , 10
691 , 92.00 , 60.00 , 0.00 , 10
692 , 92.00 , 60.00 , 0.00 , 10
693 , 92.00 , 60.00 , 0.00 , 10
694 , 92.50 , 60.00 , 0.00 , 10
695 , 91.75 , 60.00 , 0.00 , 10
696 , 92.50 , 60.00 , 0.00 , 10
697 , 92.25 , 60.00 , 0.00 , 10
698 , 92.25 , 60.00 , 0.00 , 10
699 , 92.50 , 60.00 , 0.00 , 10
700 , 92.50 , 60.00 , 0.00 , 10
701 , 92.75 , 60.00 , 0.00 , 10
702 , 92.00 , 60.00 , 0.00 , 10
703 , 92.25 , 60.00 , 0.00 , 10
704 , 92.50 , 60.00 , 0.00 , 10
705 , 92.75 , 60.00 , 0.00 , 10
706 , 92.50 , 60.00 , 0.00 , 10
707 , 92.75 , 60.00 , 0.00 , 10
708 , 92.25 , 60.00 , 0.00 , 10
709 , 93.00 , 60.00 , 0.00 , 10
710 , 92.75 , 60.00 , 0.00 , 10
711 , 92.25 , 60.00 , 0.00 , 10
712 , 92.50 , 60.00 , 0.00 , 10
713 , 92.50 , 60.00 , 0.00 , 10
714 , 92.25 , 60.00 , 0.00 , 10
715 , 92.00 , 60.00 , 0.00 , 10
716 , 92.25 , 60.00 , 0.00 , 10
717 , 92.25 , 60.00 , 0.00 , 10
718 , 91.75 , 60.00 , 0.00 , 10
719 , 92.00 , 60.00 , 0.00 , 10
720 , 91.75 , 60.00 , 0.00 , 10
721 , 92.00 , 60.00 , 0.00 , 10
722 , 91.25 , 60.00 , 0.00 , 10
723 , 91.25 , 60.00 , 0.00 , 10
724 , 90.50 , 60.00 , 0.00 , 10
725 , 90.50 , 60.00 , 0.00 , 10
726 , 91.50 , 60.00 , 0.00 , 10
727 , 91.00 , 60.00 , 0.00 , 10
728 , 90.75 , 60.00 , 0.00 , 10
729 , 91.25 , 60.00 , 0.00 , 10
730 , 91.00 , 60.00 , 0.00 , 10
731 , 91.25 , 60.00 , 0.00 , 10
732 , 91.00 , 60.00 , 0.00 , 10
733 , 90.50 , 60.00 , 0.00 , 10
734 , 91.00 , 60.00 , 0.00 , 10
735 , 91.25 , 60.00 , 0.00 , 10
736 , 91.25 , 60.00 , 0.00 , 10
737 , 91.75 , 60.00 , 0.00 , 10
738 , 91.50 , 60.00 , 0.00 , 10
739 , 92.25 , 60.00 , 0.00 , 10
740 , 92.25 , 60.00 , 0.00 , 10
741 , 91.25 , 60.00 , 0.00 , 10
742 , 92.00 , 60.00 , 0.00 , 10
743 , 91.00 , 60.00 , 0.00 , 10
744 , 88.75 , 60.00 , 0.00 , 10
745 , 90.00 , 60.00 , 0.00 , 10
746 , 89.75 , 60.00 , 0.00 , 10
747 , 91.75 , 60.00 , 0.00 , 10
748 , 92.00 , 60.00 , 0.00 , 10
749 , 90.75 , 60.00 , 0.00 , 10
750 , 90.50 , 60.00 , 0.00 , 10
751 , 90.75 , 60.00 , 0.00 , 10
752 , 90.50 , 60.00 , 0.00 , 10
753 , 91.00 , 60.00 , 0.00 , 10
754 , 91.50 , 60.00 , 0.00 , 10
755 , 91.00 , 60.00 , 0.00 , 10
756 , 91.25 , 60.00 , 0.00 , 10
757 , 92.00 , 60.00 , 0.00 , 10
758 , 92.25 , 60.00 , 0.00 , 10
759 , 92.25 , 60.00 , 0.00 , 10
760 , 91.75 , 60.00 , 0.00 , 10
761 , 92.50 , 60.00 , 0.00 , 10
762 , 92.50 , 60.00 , 0.00 , 10
763 , 92.25 , 60.00 , 0.00 , 10
764 , 92.50 , 60.00 , 0.00 , 10
765 , 93.00 , 60.00 , 0.00 , 10
766 , 92.25 , 60.00 , 0.00 , 10
767 , 92.75 , 60.00 , 0.00 , 10
768 , 93.00 , 60.00 , 0.00 , 10
769 , 93.25 , 60.00 , 0.00 , 10
770 , 93.00 , 60.00 , 0.00 , 10
771 , 93.00 , 60.00 , 0.00 , 10
772 , 93.00 , 60.00 , 0.00 , 10
773 , 93.50 , 60.00 , 0.00 , 10
774 , 93.25 , 60.00 , 0.00 , 10
775 , 94.00 , 60.00 , 0.00 , 10
Denaturing DNA Now
776 , 93.50 , 60.00 , 0.00 , 10
777 , 94.25 , 60.00 , 0.00 , 10
778 , 93.75 , 54.88 , 0.00 , 10
779 , 94.00 , 60.00 , 0.00 , 10
780 , 93.75 , 60.00 , 0.00 , 10
781 , 93.75 , 60.00 , 0.00 , 10
782 , 94.00 , 60.00 , 0.00 , 10
783 , 93.00 , 60.00 , 0.00 , 10
784 , 93.50 , 60.00 , 0.00 , 10
785 , 93.25 , 60.00 , 0.00 , 10
786 , 93.50 , 60.00 , 0.00 , 10
787 , 93.25 , 60.00 , 0.00 , 10
788 , 93.00 , 60.00 , 0.00 , 10
789 , 93.25 , 60.00 , 0.00 , 10
790 , 93.50 , 60.00 , 0.00 , 10
Going to Extension Temperature
Extending DNA Now
791 , 93.00 , 0.00 , 0.00 , 10
792 , 92.75 , 0.00 , 0.00 , 10
793 , 91.25 , 0.00 , 0.00 , 10
794 , 90.00 , 0.00 , 0.00 , 10
795 , 89.25 , 0.00 , 0.00 , 10
796 , 87.75 , 0.00 , 0.00 , 10
797 , 87.25 , 0.00 , 0.00 , 10
798 , 86.50 , 0.00 , 0.00 , 10
799 , 85.50 , 0.00 , 0.00 , 10
800 , 84.25 , 0.00 , 0.00 , 10
801 , 83.50 , 0.00 , 0.00 , 10
802 , 82.75 , 0.00 , 0.00 , 10
803 , 81.50 , 0.00 , 0.00 , 10
804 , 80.75 , 0.00 , 0.00 , 10
805 , 79.50 , 0.00 , 0.00 , 10
806 , 79.00 , 0.00 , 0.00 , 10
807 , 78.25 , 0.00 , 0.00 , 10
808 , 77.75 , 0.00 , 0.00 , 10
809 , 76.25 , 0.00 , 0.00 , 10
810 , 75.75 , 0.00 , 0.00 , 10
811 , 75.00 , 0.00 , 0.00 , 10
812 , 74.00 , 0.00 , 0.00 , 10
813 , 73.00 , 0.00 , 0.00 , 10
814 , 72.50 , 0.00 , 0.00 , 10
815 , 72.25 , 0.00 , 0.00 , 10
816 , 71.75 , 0.00 , 0.00 , 10
817 , 70.25 , 0.00 , 0.00 , 10
818 , 70.75 , 0.00 , 0.00 , 10
819 , 69.50 , 0.00 , 0.00 , 10
820 , 68.75 , 0.00 , 0.00 , 10
821 , 68.25 , 0.00 , 0.00 , 10
Going to Denaturing Temperature
822 , 67.50 , 60.00 , 0.00 , 11
823 , 67.25 , 60.00 , 0.00 , 11
825 , 67.50 , 60.00 , 0.00 , 11
826 , 68.25 , 60.00 , 0.00 , 11
827 , 71.00 , 60.00 , 0.00 , 11
828 , 74.25 , 60.00 , 0.00 , 11
829 , 76.50 , 60.00 , 0.00 , 11
830 , 78.00 , 60.00 , 0.00 , 11
831 , 80.00 , 60.00 , 0.00 , 11
832 , 84.75 , 60.00 , 0.00 , 11
833 , 86.50 , 60.00 , 0.00 , 11
834 , 85.50 , 60.00 , 0.00 , 11
835 , 94.50 , 60.00 , 0.00 , 11
Denaturing DNA Now
836 , 93.00 , 49.75 , 0.00 , 11
837 , 91.50 , 60.00 , 0.00 , 11
838 , 90.75 , 60.00 , 0.00 , 11
839 , 93.50 , 60.00 , 0.00 , 11
840 , 98.75 , 60.00 , 0.00 , 11
841 , 95.50 , 0.00 , 0.00 , 11
842 , 96.00 , 26.87 , 0.00 , 11
843 , 95.00 , 15.88 , 0.00 , 11
844 , 93.00 , 35.38 , 0.00 , 11
845 , 93.00 , 60.00 , 0.00 , 11
846 , 92.25 , 60.00 , 0.00 , 11
847 , 93.50 , 60.00 , 0.00 , 11
848 , 94.50 , 60.00 , 0.00 , 11
849 , 97.25 , 47.25 , 0.00 , 11
850 , 98.75 , 0.00 , 0.00 , 11
Going to Extension Temperature
Extending DNA Now
851 , 99.50 , 0.00 , 0.00 , 11
852 , 99.25 , 0.00 , 0.00 , 11
853 , 97.75 , 0.00 , 0.00 , 11
854 , 96.50 , 0.00 , 0.00 , 11
855 , 95.00 , 0.00 , 0.00 , 11
856 , 93.75 , 0.00 , 0.00 , 11
857 , 92.00 , 0.00 , 0.00 , 11
858 , 91.00 , 0.00 , 0.00 , 11
859 , 89.75 , 0.00 , 0.00 , 11
860 , 88.25 , 0.00 , 0.00 , 11
861 , 87.50 , 0.00 , 0.00 , 11
862 , 86.50 , 0.00 , 0.00 , 11
863 , 85.75 , 0.00 , 0.00 , 11
864 , 84.00 , 0.00 , 0.00 , 11
865 , 83.00 , 0.00 , 0.00 , 11
866 , 82.00 , 0.00 , 0.00 , 11
867 , 81.25 , 0.00 , 0.00 , 11
868 , 80.50 , 0.00 , 0.00 , 11
869 , 79.00 , 0.00 , 0.00 , 11
870 , 78.75 , 0.00 , 0.00 , 11
871 , 78.00 , 0.00 , 0.00 , 11
872 , 77.00 , 0.00 , 0.00 , 11
873 , 76.25 , 0.00 , 0.00 , 11
874 , 75.50 , 0.00 , 0.00 , 11
875 , 74.50 , 0.00 , 0.00 , 11
876 , 73.75 , 0.00 , 0.00 , 11
877 , 73.50 , 0.00 , 0.00 , 11
878 , 72.75 , 0.00 , 0.00 , 11
879 , 71.75 , 0.00 , 0.00 , 11
880 , 71.00 , 0.00 , 0.00 , 11
881 , 70.75 , 0.00 , 0.00 , 11
Going to Denaturing Temperature
882 , 70.25 , 60.00 , 0.00 , 12
883 , 69.50 , 60.00 , 0.00 , 12
884 , 69.00 , 60.00 , 0.00 , 12
885 , 70.00 , 60.00 , 0.00 , 12
886 , 70.75 , 60.00 , 0.00 , 12
887 , 73.00 , 60.00 , 0.00 , 12
888 , 80.50 , 60.00 , 0.00 , 12
889 , 81.25 , 60.00 , 0.00 , 12
890 , 83.75 , 60.00 , 0.00 , 12
891 , 84.25 , 60.00 , 0.00 , 12
892 , 91.25 , 60.00 , 0.00 , 12
893 , 91.75 , 60.00 , 0.00 , 12
894 , 95.00 , 60.00 , 0.00 , 12
Denaturing DNA Now
895 , 94.00 , 39.50 , 0.00 , 12
896 , 93.50 , 59.50 , 0.00 , 12
897 , 97.75 , 60.00 , 0.00 , 12
898 , 97.50 , 0.00 , 0.00 , 12
899 , 96.25 , 0.00 , 0.00 , 12
900 , 94.50 , 10.00 , 0.00 , 12
901 , 93.25 , 44.75 , 0.00 , 12
902 , 92.00 , 60.00 , 0.00 , 12
903 , 101.00 , 60.00 , 0.00 , 12
904 , 95.50 , 0.00 , 0.00 , 12
905 , 95.00 , 21.87 , 0.00 , 12
906 , 93.75 , 31.37 , 0.00 , 12
907 , 93.00 , 56.50 , 0.00 , 12
908 , 94.75 , 60.00 , 0.00 , 12
909 , 95.25 , 36.63 , 0.00 , 12
Going to Extension Temperature
Extending DNA Now
910 , 94.75 , 0.00 , 0.00 , 12
911 , 93.75 , 0.00 , 0.00 , 12
912 , 93.00 , 0.00 , 0.00 , 12
913 , 91.50 , 0.00 , 0.00 , 12
914 , 90.50 , 0.00 , 0.00 , 12
915 , 89.50 , 0.00 , 0.00 , 12
916 , 88.25 , 0.00 , 0.00 , 12
917 , 87.25 , 0.00 , 0.00 , 12
918 , 86.00 , 0.00 , 0.00 , 12
919 , 84.75 , 0.00 , 0.00 , 12
920 , 83.75 , 0.00 , 0.00 , 12
921 , 83.00 , 0.00 , 0.00 , 12
922 , 82.25 , 0.00 , 0.00 , 12
923 , 81.25 , 0.00 , 0.00 , 12
924 , 80.25 , 0.00 , 0.00 , 12
925 , 79.25 , 0.00 , 0.00 , 12
926 , 78.50 , 0.00 , 0.00 , 12
927 , 77.75 , 0.00 , 0.00 , 12
928 , 77.25 , 0.00 , 0.00 , 12
929 , 75.75 , 0.00 , 0.00 , 12
930 , 75.50 , 0.00 , 0.00 , 12
931 , 75.00 , 0.00 , 0.00 , 12
932 , 74.25 , 0.00 , 0.00 , 12
933 , 73.50 , 0.00 , 0.00 , 12
934 , 72.25 , 0.00 , 0.00 , 12
935 , 72.50 , 0.00 , 0.00 , 12
936 , 70.75 , 0.00 , 0.00 , 12
937 , 70.75 , 0.00 , 0.00 , 12
938 , 70.00 , 0.00 , 0.00 , 12
939 , 69.50 , 0.00 , 0.00 , 12
940 , 69.00 , 0.00 , 0.00 , 12
Going to Denaturing Temperature
941 , 68.50 , 60.00 , 0.00 , 13
942 , 68.00 , 60.00 , 0.00 , 13
943 , 68.25 , 60.00 , 0.00 , 13
944 , 68.50 , 60.00 , 0.00 , 13
945 , 69.25 , 60.00 , 0.00 , 13
946 , 70.50 , 60.00 , 0.00 , 13
947 , 72.50 , 60.00 , 0.00 , 13
948 , 75.75 , 60.00 , 0.00 , 13
949 , 77.00 , 60.00 , 0.00 , 13
950 , 80.00 , 60.00 , 0.00 , 13
951 , 80.75 , 60.00 , 0.00 , 13
952 , 82.75 , 60.00 , 0.00 , 13
953 , 84.25 , 60.00 , 0.00 , 13
954 , 87.00 , 60.00 , 0.00 , 13
955 , 89.75 , 60.00 , 0.00 , 13
956 , 98.25 , 60.00 , 0.00 , 13
Denaturing DNA Now
957 , 96.50 , 0.00 , 0.00 , 13
958 , 94.00 , 6.63 , 0.00 , 13
959 , 92.75 , 56.63 , 0.00 , 13
960 , 92.00 , 60.00 , 0.00 , 13
961 , 95.25 , 60.00 , 0.00 , 13
962 , 98.75 , 32.63 , 0.00 , 13
963 , 98.00 , 0.00 , 0.00 , 13
964 , 97.75 , 0.00 , 0.00 , 13
965 , 95.50 , 0.00 , 0.00 , 13
966 , 92.75 , 20.62 , 0.00 , 13
967 , 91.25 , 60.00 , 0.00 , 13
968 , 91.25 , 60.00 , 0.00 , 13
969 , 93.00 , 60.00 , 0.00 , 13
970 , 93.25 , 60.00 , 0.00 , 13
971 , 92.50 , 60.00 , 0.00 , 13
Going to Extension Temperature
Extending DNA Now
972 , 92.00 , 0.00 , 0.00 , 13
973 , 92.75 , 0.00 , 0.00 , 13
974 , 91.25 , 0.00 , 0.00 , 13
975 , 90.00 , 0.00 , 0.00 , 13
976 , 88.75 , 0.00 , 0.00 , 13
977 , 88.00 , 0.00 , 0.00 , 13
978 , 87.50 , 0.00 , 0.00 , 13
979 , 86.50 , 0.00 , 0.00 , 13
980 , 85.50 , 0.00 , 0.00 , 13
981 , 84.75 , 0.00 , 0.00 , 13
982 , 83.75 , 0.00 , 0.00 , 13
983 , 82.75 , 0.00 , 0.00 , 13
984 , 81.25 , 0.00 , 0.00 , 13
985 , 80.75 , 0.00 , 0.00 , 13
986 , 79.75 , 0.00 , 0.00 , 13
987 , 79.25 , 0.00 , 0.00 , 13
988 , 78.75 , 0.00 , 0.00 , 13
989 , 77.75 , 0.00 , 0.00 , 13
990 , 76.75 , 0.00 , 0.00 , 13
991 , 76.00 , 0.00 , 0.00 , 13
992 , 75.00 , 0.00 , 0.00 , 13
993 , 74.25 , 0.00 , 0.00 , 13
994 , 73.75 , 0.00 , 0.00 , 13
995 , 72.50 , 0.00 , 0.00 , 13
996 , 72.50 , 0.00 , 0.00 , 13
997 , 71.75 , 0.00 , 0.00 , 13
998 , 70.50 , 0.00 , 0.00 , 13
999 , 70.25 , 0.00 , 0.00 , 13
1000 , 69.50 , 0.00 , 0.00 , 13
1001 , 69.25 , 0.00 , 0.00 , 13
1002 , 68.50 , 0.00 , 0.00 , 13
Going to Denaturing Temperature
1003 , 68.00 , 60.00 , 0.00 , 14
1004 , 67.00 , 60.00 , 0.00 , 14
1005 , 68.50 , 60.00 , 0.00 , 14
1006 , 69.00 , 60.00 , 0.00 , 14
1007 , 69.75 , 60.00 , 0.00 , 14
1008 , 78.50 , 60.00 , 0.00 , 14
1009 , 80.75 , 60.00 , 0.00 , 14
1010 , 78.00 , 60.00 , 0.00 , 14
1011 , 77.50 , 60.00 , 0.00 , 14
1012 , 79.50 , 60.00 , 0.00 , 14
1013 , 82.25 , 60.00 , 0.00 , 14
1014 , 89.25 , 60.00 , 0.00 , 14
1015 , 89.00 , 60.00 , 0.00 , 14
1016 , 90.75 , 60.00 , 0.00 , 14
1017 , 90.75 , 60.00 , 0.00 , 14
1018 , 92.00 , 60.00 , 0.00 , 14
1019 , 96.25 , 60.00 , 0.00 , 14
Denaturing DNA Now
1020 , 95.75 , 13.88 , 0.00 , 14
1021 , 94.50 , 23.00 , 0.00 , 14
1022 , 93.75 , 47.75 , 0.00 , 14
1023 , 93.75 , 60.00 , 0.00 , 14
1024 , 93.50 , 60.00 , 0.00 , 14
1025 , 96.00 , 60.00 , 0.00 , 14
1026 , 95.75 , 17.25 , 0.00 , 14
1027 , 94.50 , 21.37 , 0.00 , 14
1028 , 93.50 , 46.13 , 0.00 , 14
1029 , 92.25 , 60.00 , 0.00 , 14
1030 , 94.50 , 60.00 , 0.00 , 14
1031 , 92.50 , 47.00 , 0.00 , 14
1032 , 95.50 , 60.00 , 0.00 , 14
1033 , 97.50 , 27.00 , 0.00 , 14
1034 , 95.50 , 0.00 , 0.00 , 14
Going to Extension Temperature
Extending DNA Now
1035 , 94.50 , 0.00 , 0.00 , 14
1036 , 93.00 , 0.00 , 0.00 , 14
1037 , 92.00 , 0.00 , 0.00 , 14
1038 , 91.25 , 0.00 , 0.00 , 14
1039 , 90.00 , 0.00 , 0.00 , 14
1040 , 89.25 , 0.00 , 0.00 , 14
1041 , 88.00 , 0.00 , 0.00 , 14
1042 , 87.25 , 0.00 , 0.00 , 14
1043 , 86.00 , 0.00 , 0.00 , 14
1044 , 85.00 , 0.00 , 0.00 , 14
1045 , 84.50 , 0.00 , 0.00 , 14
1046 , 83.50 , 0.00 , 0.00 , 14
1047 , 82.75 , 0.00 , 0.00 , 14
1048 , 82.00 , 0.00 , 0.00 , 14
1049 , 81.00 , 0.00 , 0.00 , 14
1050 , 80.25 , 0.00 , 0.00 , 14
1051 , 78.50 , 0.00 , 0.00 , 14
1052 , 78.75 , 0.00 , 0.00 , 14
1053 , 77.50 , 0.00 , 0.00 , 14
1054 , 77.00 , 0.00 , 0.00 , 14
1055 , 76.50 , 0.00 , 0.00 , 14
1056 , 75.50 , 0.00 , 0.00 , 14
1057 , 75.00 , 0.00 , 0.00 , 14
1058 , 74.25 , 0.00 , 0.00 , 14
1059 , 73.75 , 0.00 , 0.00 , 14
1060 , 73.00 , 0.00 , 0.00 , 14
1061 , 72.25 , 0.00 , 0.00 , 14
1062 , 71.50 , 0.00 , 0.00 , 14
1063 , 71.00 , 0.00 , 0.00 , 14
1064 , 70.25 , 0.00 , 0.00 , 14
1065 , 70.00 , 0.00 , 0.00 , 14
Going to Denaturing Temperature
1066 , 69.25 , 60.00 , 0.00 , 15
1067 , 68.50 , 60.00 , 0.00 , 15
1068 , 68.75 , 60.00 , 0.00 , 15
1069 , 70.00 , 60.00 , 0.00 , 15
1070 , 80.50 , 60.00 , 0.00 , 15
1071 , 80.00 , 60.00 , 0.00 , 15
1072 , 78.75 , 60.00 , 0.00 , 15
1073 , 80.75 , 60.00 , 0.00 , 15
1074 , 81.50 , 60.00 , 0.00 , 15
1075 , 84.00 , 60.00 , 0.00 , 15
1076 , 86.50 , 60.00 , 0.00 , 15
1077 , 90.25 , 60.00 , 0.00 , 15
1078 , 93.50 , 60.00 , 0.00 , 15
1079 , 95.00 , 60.00 , 0.00 , 15
Denaturing DNA Now
1080 , 95.25 , 39.50 , 0.00 , 15
1081 , 93.50 , 33.88 , 0.00 , 15
1082 , 92.50 , 60.00 , 0.00 , 15
1083 , 92.25 , 60.00 , 0.00 , 15
1084 , 94.00 , 60.00 , 0.00 , 15
1085 , 95.25 , 60.00 , 0.00 , 15
1086 , 94.00 , 34.38 , 0.00 , 15
1087 , 94.25 , 59.38 , 0.00 , 15
1088 , 93.50 , 54.25 , 0.00 , 15
1089 , 97.00 , 60.00 , 0.00 , 15
1090 , 95.25 , 0.00 , 0.00 , 15
1091 , 93.75 , 32.38 , 0.00 , 15
1092 , 93.25 , 60.00 , 0.00 , 15
1093 , 92.25 , 60.00 , 0.00 , 15
1094 , 96.00 , 60.00 , 0.00 , 15
Going to Extension Temperature
Extending DNA Now
1095 , 95.25 , 0.00 , 0.00 , 15
1096 , 94.00 , 0.00 , 0.00 , 15
1097 , 92.00 , 0.00 , 0.00 , 15
1098 , 90.75 , 0.00 , 0.00 , 15
1099 , 89.75 , 0.00 , 0.00 , 15
1100 , 88.75 , 0.00 , 0.00 , 15
1101 , 87.75 , 0.00 , 0.00 , 15
1102 , 86.00 , 0.00 , 0.00 , 15
1103 , 85.50 , 0.00 , 0.00 , 15
1104 , 84.75 , 0.00 , 0.00 , 15
1105 , 83.75 , 0.00 , 0.00 , 15
1106 , 82.25 , 0.00 , 0.00 , 15
1107 , 81.75 , 0.00 , 0.00 , 15
1108 , 81.25 , 0.00 , 0.00 , 15
1109 , 79.75 , 0.00 , 0.00 , 15
1110 , 79.50 , 0.00 , 0.00 , 15
1111 , 78.00 , 0.00 , 0.00 , 15
1112 , 77.25 , 0.00 , 0.00 , 15
1113 , 76.25 , 0.00 , 0.00 , 15
1114 , 75.50 , 0.00 , 0.00 , 15
1115 , 74.75 , 0.00 , 0.00 , 15
1116 , 74.00 , 0.00 , 0.00 , 15
1117 , 73.50 , 0.00 , 0.00 , 15
1118 , 73.00 , 0.00 , 0.00 , 15
1119 , 72.25 , 0.00 , 0.00 , 15
1120 , 71.50 , 0.00 , 0.00 , 15
1121 , 71.00 , 0.00 , 0.00 , 15
1122 , 70.50 , 0.00 , 0.00 , 15
1123 , 69.25 , 0.00 , 0.00 , 15
1124 , 68.75 , 0.00 , 0.00 , 15
1125 , 68.50 , 0.00 , 0.00 , 15
Going to Denaturing Temperature
1126 , 68.00 , 60.00 , 0.00 , 16
1127 , 67.25 , 60.00 , 0.00 , 16
1128 , 67.75 , 60.00 , 0.00 , 16
1129 , 67.75 , 60.00 , 0.00 , 16
1130 , 68.75 , 60.00 , 0.00 , 16
1131 , 71.75 , 60.00 , 0.00 , 16
1132 , 74.00 , 60.00 , 0.00 , 16
1133 , 78.50 , 60.00 , 0.00 , 16
1134 , 79.00 , 60.00 , 0.00 , 16
1135 , 81.25 , 60.00 , 0.00 , 16
1136 , 84.00 , 60.00 , 0.00 , 16
1137 , 86.75 , 60.00 , 0.00 , 16
1138 , 89.50 , 60.00 , 0.00 , 16
1139 , 95.25 , 60.00 , 0.00 , 16
Denaturing DNA Now
1140 , 96.25 , 34.38 , 0.00 , 16
1141 , 95.75 , 13.25 , 0.00 , 16
1142 , 94.75 , 22.37 , 0.00 , 16
1143 , 94.50 , 42.00 , 0.00 , 16
1144 , 93.25 , 46.75 , 0.00 , 16
1145 , 93.25 , 60.00 , 0.00 , 16
1146 , 92.50 , 60.00 , 0.00 , 16
1147 , 94.25 , 60.00 , 0.00 , 16
1148 , 99.75 , 53.13 , 0.00 , 16
1149 , 96.50 , 0.00 , 0.00 , 16
1150 , 94.50 , 4.00 , 0.00 , 16
1151 , 94.00 , 43.75 , 0.00 , 16
1152 , 93.75 , 53.75 , 0.00 , 16
1153 , 93.75 , 58.88 , 0.00 , 16
1154 , 98.00 , 59.00 , 0.00 , 16
Going to Extension Temperature
Extending DNA Now
1155 , 98.75 , 0.00 , 0.00 , 16
1156 , 97.00 , 0.00 , 0.00 , 16
1157 , 96.00 , 0.00 , 0.00 , 16
1158 , 93.75 , 0.00 , 0.00 , 16
1159 , 92.00 , 0.00 , 0.00 , 16
1160 , 91.00 , 0.00 , 0.00 , 16
1161 , 89.75 , 0.00 , 0.00 , 16
1162 , 88.75 , 0.00 , 0.00 , 16
1163 , 88.00 , 0.00 , 0.00 , 16
1164 , 86.75 , 0.00 , 0.00 , 16
1165 , 86.00 , 0.00 , 0.00 , 16
1166 , 85.00 , 0.00 , 0.00 , 16
1167 , 84.00 , 0.00 , 0.00 , 16
1168 , 83.25 , 0.00 , 0.00 , 16
1169 , 81.75 , 0.00 , 0.00 , 16
1170 , 81.25 , 0.00 , 0.00 , 16
1171 , 80.25 , 0.00 , 0.00 , 16
1172 , 79.00 , 0.00 , 0.00 , 16
1173 , 78.75 , 0.00 , 0.00 , 16
1174 , 77.75 , 0.00 , 0.00 , 16
1175 , 76.50 , 0.00 , 0.00 , 16
1176 , 75.75 , 0.00 , 0.00 , 16
1177 , 75.25 , 0.00 , 0.00 , 16
1178 , 74.50 , 0.00 , 0.00 , 16
1179 , 73.75 , 0.00 , 0.00 , 16
1180 , 73.25 , 0.00 , 0.00 , 16
1181 , 72.50 , 0.00 , 0.00 , 16
1182 , 71.75 , 0.00 , 0.00 , 16
1183 , 71.00 , 0.00 , 0.00 , 16
1184 , 70.25 , 0.00 , 0.00 , 16
1185 , 69.75 , 0.00 , 0.00 , 16
Going to Denaturing Temperature
1186 , 69.25 , 60.00 , 0.00 , 17
1187 , 68.75 , 60.00 , 0.00 , 17
1188 , 69.25 , 60.00 , 0.00 , 17
1189 , 69.50 , 60.00 , 0.00 , 17
1190 , 75.50 , 60.00 , 0.00 , 17
1191 , 74.50 , 60.00 , 0.00 , 17
1192 , 75.25 , 60.00 , 0.00 , 17
1193 , 76.50 , 60.00 , 0.00 , 17
1194 , 77.75 , 60.00 , 0.00 , 17
1195 , 79.75 , 60.00 , 0.00 , 17
1196 , 82.00 , 60.00 , 0.00 , 17
1197 , 101.50 , 60.00 , 0.00 , 17
Denaturing DNA Now
1198 , 94.00 , 0.00 , 0.00 , 17
1199 , 92.50 , 56.25 , 0.00 , 17
1200 , 92.25 , 60.00 , 0.00 , 17
1201 , 92.50 , 60.00 , 0.00 , 17
1202 , 93.00 , 60.00 , 0.00 , 17
1203 , 94.25 , 60.00 , 0.00 , 17
1204 , 96.25 , 54.00 , 0.00 , 17
1205 , 98.25 , 12.88 , 0.00 , 17
1206 , 98.25 , 0.00 , 0.00 , 17
1207 , 97.50 , 0.00 , 0.00 , 17
1208 , 96.50 , 0.00 , 0.00 , 17
1209 , 95.00 , 0.63 , 0.00 , 17
1210 , 94.00 , 30.12 , 0.00 , 17
1211 , 92.75 , 50.13 , 0.00 , 17
1212 , 91.50 , 60.00 , 0.00 , 17
Going to Extension Temperature
Extending DNA Now
1213 , 91.00 , 0.00 , 0.00 , 17
1214 , 90.75 , 0.00 , 0.00 , 17
1215 , 90.75 , 0.00 , 0.00 , 17
1216 , 90.25 , 0.00 , 0.00 , 17
1217 , 89.00 , 0.00 , 0.00 , 17
1218 , 88.25 , 0.00 , 0.00 , 17
1219 , 87.50 , 0.00 , 0.00 , 17
1220 , 86.50 , 0.00 , 0.00 , 17
1221 , 85.50 , 0.00 , 0.00 , 17
1222 , 84.75 , 0.00 , 0.00 , 17
1223 , 83.25 , 0.00 , 0.00 , 17
1224 , 82.50 , 0.00 , 0.00 , 17
1225 , 81.50 , 0.00 , 0.00 , 17
1226 , 81.00 , 0.00 , 0.00 , 17
1227 , 80.00 , 0.00 , 0.00 , 17
1228 , 79.50 , 0.00 , 0.00 , 17
1229 , 78.75 , 0.00 , 0.00 , 17
1230 , 78.00 , 0.00 , 0.00 , 17
1231 , 77.00 , 0.00 , 0.00 , 17
1232 , 76.25 , 0.00 , 0.00 , 17
1233 , 75.00 , 0.00 , 0.00 , 17
1234 , 74.50 , 0.00 , 0.00 , 17
1235 , 73.75 , 0.00 , 0.00 , 17
1236 , 73.00 , 0.00 , 0.00 , 17
1237 , 72.75 , 0.00 , 0.00 , 17
1239 , 71.75 , 0.00 , 0.00 , 17
1240 , 71.25 , 0.00 , 0.00 , 17
1241 , 70.50 , 0.00 , 0.00 , 17
1242 , 70.25 , 0.00 , 0.00 , 17
1243 , 69.00 , 0.00 , 0.00 , 17
Going to Denaturing Temperature
1244 , 69.00 , 60.00 , 0.00 , 18
1245 , 68.25 , 60.00 , 0.00 , 18
1246 , 68.50 , 60.00 , 0.00 , 18
1247 , 68.75 , 60.00 , 0.00 , 18
1248 , 69.50 , 60.00 , 0.00 , 18
1249 , 71.25 , 60.00 , 0.00 , 18
1250 , 73.00 , 60.00 , 0.00 , 18
1251 , 74.50 , 60.00 , 0.00 , 18
1252 , 77.00 , 60.00 , 0.00 , 18
1253 , 78.25 , 60.00 , 0.00 , 18
1254 , 79.75 , 60.00 , 0.00 , 18
1255 , 81.50 , 60.00 , 0.00 , 18
1256 , 83.75 , 60.00 , 0.00 , 18
1257 , 86.00 , 60.00 , 0.00 , 18
1258 , 87.75 , 60.00 , 0.00 , 18
1259 , 89.75 , 60.00 , 0.00 , 18
1260 , 97.50 , 60.00 , 0.00 , 18
Denaturing DNA Now
1261 , 97.75 , 0.00 , 0.00 , 18
1262 , 96.00 , 0.00 , 0.00 , 18
1263 , 94.00 , 15.38 , 0.00 , 18
1264 , 93.50 , 55.38 , 0.00 , 18
1265 , 94.00 , 60.00 , 0.00 , 18
1266 , 99.75 , 55.63 , 0.00 , 18
1267 , 99.25 , 0.00 , 0.00 , 18
1268 , 97.25 , 0.00 , 0.00 , 18
1269 , 96.00 , 0.00 , 0.00 , 18
1270 , 95.00 , 7.50 , 0.00 , 18
1271 , 93.75 , 27.00 , 0.00 , 18
1272 , 93.25 , 52.13 , 0.00 , 18
1273 , 92.75 , 60.00 , 0.00 , 18
1274 , 92.75 , 60.00 , 0.00 , 18
1275 , 94.00 , 60.00 , 0.00 , 18
Going to Extension Temperature
Extending DNA Now
1276 , 96.25 , 0.00 , 0.00 , 18
1277 , 96.00 , 0.00 , 0.00 , 18
1278 , 96.25 , 0.00 , 0.00 , 18
1279 , 95.50 , 0.00 , 0.00 , 18
1280 , 94.25 , 0.00 , 0.00 , 18
1281 , 93.50 , 0.00 , 0.00 , 18
1282 , 91.75 , 0.00 , 0.00 , 18
1283 , 91.00 , 0.00 , 0.00 , 18
1284 , 90.25 , 0.00 , 0.00 , 18
1285 , 89.00 , 0.00 , 0.00 , 18
1286 , 87.50 , 0.00 , 0.00 , 18
1287 , 87.25 , 0.00 , 0.00 , 18
1288 , 86.50 , 0.00 , 0.00 , 18
1289 , 84.50 , 0.00 , 0.00 , 18
1290 , 84.00 , 0.00 , 0.00 , 18
1291 , 83.25 , 0.00 , 0.00 , 18
1292 , 82.25 , 0.00 , 0.00 , 18
1293 , 81.25 , 0.00 , 0.00 , 18
1294 , 80.25 , 0.00 , 0.00 , 18
1295 , 79.50 , 0.00 , 0.00 , 18
1296 , 78.75 , 0.00 , 0.00 , 18
1297 , 77.75 , 0.00 , 0.00 , 18
1298 , 77.00 , 0.00 , 0.00 , 18
1299 , 76.50 , 0.00 , 0.00 , 18
1300 , 75.75 , 0.00 , 0.00 , 18
1301 , 74.75 , 0.00 , 0.00 , 18
1302 , 74.25 , 0.00 , 0.00 , 18
1303 , 73.00 , 0.00 , 0.00 , 18
1304 , 72.75 , 0.00 , 0.00 , 18
1305 , 72.25 , 0.00 , 0.00 , 18
1306 , 71.25 , 0.00 , 0.00 , 18
Going to Denaturing Temperature
1307 , 70.75 , 60.00 , 0.00 , 19
1308 , 69.75 , 60.00 , 0.00 , 19
1309 , 71.00 , 60.00 , 0.00 , 19
1310 , 71.50 , 60.00 , 0.00 , 19
1311 , 72.25 , 60.00 , 0.00 , 19
1312 , 74.00 , 60.00 , 0.00 , 19
1313 , 76.00 , 60.00 , 0.00 , 19
1314 , 77.75 , 60.00 , 0.00 , 19
1315 , 79.75 , 60.00 , 0.00 , 19
1316 , 81.25 , 60.00 , 0.00 , 19
1317 , 83.50 , 60.00 , 0.00 , 19
1318 , 86.25 , 60.00 , 0.00 , 19
1319 , 89.00 , 60.00 , 0.00 , 19
1320 , 91.25 , 60.00 , 0.00 , 19
1321 , 93.00 , 60.00 , 0.00 , 19
1322 , 95.50 , 60.00 , 0.00 , 19
Denaturing DNA Now
1323 , 96.75 , 29.25 , 0.00 , 19
1324 , 97.25 , 2.88 , 0.00 , 19
1325 , 97.25 , 0.00 , 0.00 , 19
1326 , 96.75 , 0.00 , 0.00 , 19
1327 , 96.25 , 0.00 , 0.00 , 19
1328 , 94.75 , 7.13 , 0.00 , 19
1329 , 93.75 , 36.75 , 0.00 , 19
1330 , 93.50 , 56.88 , 0.00 , 19
1331 , 93.25 , 60.00 , 0.00 , 19
1332 , 93.00 , 60.00 , 0.00 , 19
1333 , 94.25 , 60.00 , 0.00 , 19
1334 , 95.25 , 47.88 , 0.00 , 19
1335 , 97.00 , 27.25 , 0.00 , 19
1336 , 97.75 , 0.00 , 0.00 , 19
1337 , 97.25 , 0.00 , 0.00 , 19
Going to Extension Temperature
Extending DNA Now
1338 , 96.75 , 0.00 , 0.00 , 19
1339 , 96.25 , 0.00 , 0.00 , 19
1340 , 95.00 , 0.00 , 0.00 , 19
1341 , 94.25 , 0.00 , 0.00 , 19
1342 , 92.50 , 0.00 , 0.00 , 19
1343 , 92.00 , 0.00 , 0.00 , 19
1344 , 90.50 , 0.00 , 0.00 , 19
1345 , 89.75 , 0.00 , 0.00 , 19
1346 , 88.75 , 0.00 , 0.00 , 19
1347 , 87.75 , 0.00 , 0.00 , 19
1348 , 86.75 , 0.00 , 0.00 , 19
1349 , 85.25 , 0.00 , 0.00 , 19
1350 , 84.75 , 0.00 , 0.00 , 19
1351 , 83.25 , 0.00 , 0.00 , 19
1352 , 82.50 , 0.00 , 0.00 , 19
1353 , 82.00 , 0.00 , 0.00 , 19
1354 , 81.25 , 0.00 , 0.00 , 19
1355 , 80.00 , 0.00 , 0.00 , 19
1356 , 79.25 , 0.00 , 0.00 , 19
1357 , 78.75 , 0.00 , 0.00 , 19
1358 , 77.50 , 0.00 , 0.00 , 19
1359 , 77.00 , 0.00 , 0.00 , 19
1360 , 76.75 , 0.00 , 0.00 , 19
1361 , 75.50 , 0.00 , 0.00 , 19
1362 , 74.00 , 0.00 , 0.00 , 19
1363 , 74.00 , 0.00 , 0.00 , 19
1364 , 73.25 , 0.00 , 0.00 , 19
1365 , 72.25 , 0.00 , 0.00 , 19
1366 , 72.00 , 0.00 , 0.00 , 19
1367 , 71.50 , 0.00 , 0.00 , 19
1368 , 70.75 , 0.00 , 0.00 , 19
Going to Denaturing Temperature
1369 , 70.00 , 60.00 , 0.00 , 20
1370 , 69.75 , 60.00 , 0.00 , 20
1371 , 70.50 , 60.00 , 0.00 , 20
1372 , 70.50 , 60.00 , 0.00 , 20
1373 , 71.75 , 60.00 , 0.00 , 20
1374 , 73.50 , 60.00 , 0.00 , 20
1375 , 75.50 , 60.00 , 0.00 , 20
1376 , 77.00 , 60.00 , 0.00 , 20
1377 , 79.50 , 60.00 , 0.00 , 20
1378 , 83.00 , 60.00 , 0.00 , 20
1379 , 85.25 , 60.00 , 0.00 , 20
1380 , 87.75 , 60.00 , 0.00 , 20
1381 , 89.75 , 60.00 , 0.00 , 20
1382 , 91.25 , 60.00 , 0.00 , 20
1383 , 93.25 , 60.00 , 0.00 , 20
1384 , 94.50 , 60.00 , 0.00 , 20
Denaturing DNA Now
1385 , 100.00 , 49.75 , 0.00 , 20
1386 , 99.75 , 0.00 , 0.00 , 20
1387 , 98.00 , 0.00 , 0.00 , 20
1388 , 97.00 , 0.00 , 0.00 , 20
1389 , 95.50 , 0.00 , 0.00 , 20
1390 , 93.75 , 19.62 , 0.00 , 20
1391 , 92.00 , 54.75 , 0.00 , 20
1392 , 91.00 , 60.00 , 0.00 , 20
1393 , 93.75 , 60.00 , 0.00 , 20
1394 , 93.25 , 57.38 , 0.00 , 20
1395 , 94.50 , 60.00 , 0.00 , 20
1396 , 95.75 , 42.50 , 0.00 , 20
1397 , 95.75 , 16.62 , 0.00 , 20
1398 , 95.00 , 15.75 , 0.00 , 20
1399 , 94.25 , 30.25 , 0.00 , 20
Going to Extension Temperature
Extending DNA Now
1400 , 93.75 , 0.00 , 0.00 , 20
1401 , 94.00 , 0.00 , 0.00 , 20
1402 , 91.50 , 0.00 , 0.00 , 20
1403 , 89.50 , 0.00 , 0.00 , 20
1404 , 88.00 , 0.00 , 0.00 , 20
1405 , 87.00 , 0.00 , 0.00 , 20
1406 , 86.25 , 0.00 , 0.00 , 20
1407 , 85.00 , 0.00 , 0.00 , 20
1408 , 84.25 , 0.00 , 0.00 , 20
1409 , 83.25 , 0.00 , 0.00 , 20
1410 , 82.25 , 0.00 , 0.00 , 20
1411 , 81.25 , 0.00 , 0.00 , 20
1412 , 80.25 , 0.00 , 0.00 , 20
1413 , 79.75 , 0.00 , 0.00 , 20
1414 , 78.50 , 0.00 , 0.00 , 20
1415 , 77.50 , 0.00 , 0.00 , 20
1416 , 77.00 , 0.00 , 0.00 , 20
1417 , 76.00 , 0.00 , 0.00 , 20
1418 , 75.50 , 0.00 , 0.00 , 20
1419 , 74.75 , 0.00 , 0.00 , 20
1420 , 74.25 , 0.00 , 0.00 , 20
1421 , 73.25 , 0.00 , 0.00 , 20
1422 , 72.25 , 0.00 , 0.00 , 20
1423 , 72.00 , 0.00 , 0.00 , 20
1424 , 70.50 , 0.00 , 0.00 , 20
1425 , 70.25 , 0.00 , 0.00 , 20
1426 , 70.00 , 0.00 , 0.00 , 20
1427 , 69.00 , 0.00 , 0.00 , 20
1428 , 68.75 , 0.00 , 0.00 , 20
1429 , 67.75 , 0.00 , 0.00 , 20
1430 , 67.25 , 0.00 , 0.00 , 20
Going to Denaturing Temperature
1431 , 67.00 , 60.00 , 0.00 , 21
1432 , 66.25 , 60.00 , 0.00 , 21
1433 , 67.00 , 60.00 , 0.00 , 21
1434 , 67.75 , 60.00 , 0.00 , 21
1435 , 68.50 , 60.00 , 0.00 , 21
1436 , 70.50 , 60.00 , 0.00 , 21
1437 , 72.00 , 60.00 , 0.00 , 21
1438 , 73.50 , 60.00 , 0.00 , 21
1439 , 78.50 , 60.00 , 0.00 , 21
1440 , 78.75 , 60.00 , 0.00 , 21
1441 , 79.00 , 60.00 , 0.00 , 21
1442 , 82.00 , 60.00 , 0.00 , 21
1443 , 85.75 , 60.00 , 0.00 , 21
1444 , 87.00 , 60.00 , 0.00 , 21
1445 , 90.00 , 60.00 , 0.00 , 21
1446 , 93.00 , 60.00 , 0.00 , 21
1447 , 97.50 , 60.00 , 0.00 , 21
Denaturing DNA Now
1448 , 98.00 , 0.00 , 0.00 , 21
1449 , 99.25 , 0.00 , 0.00 , 21
1450 , 97.75 , 0.00 , 0.00 , 21
1451 , 97.25 , 0.00 , 0.00 , 21
1452 , 95.00 , 0.00 , 0.00 , 21
1453 , 93.25 , 29.62 , 0.00 , 21
1454 , 92.75 , 60.00 , 0.00 , 21
1455 , 91.50 , 60.00 , 0.00 , 21
1456 , 93.25 , 60.00 , 0.00 , 21
1457 , 95.75 , 60.00 , 0.00 , 21
1458 , 100.50 , 16.37 , 0.00 , 21
1459 , 99.25 , 0.00 , 0.00 , 21
1460 , 97.75 , 0.00 , 0.00 , 21
1461 , 96.25 , 0.00 , 0.00 , 21
1462 , 94.75 , 0.00 , 0.00 , 21
Going to Extension Temperature
Extending DNA Now
1463 , 93.50 , 0.00 , 0.00 , 21
1464 , 92.00 , 0.00 , 0.00 , 21
1465 , 91.00 , 0.00 , 0.00 , 21
1466 , 89.50 , 0.00 , 0.00 , 21
1467 , 88.50 , 0.00 , 0.00 , 21
1468 , 87.25 , 0.00 , 0.00 , 21
1469 , 86.00 , 0.00 , 0.00 , 21
1470 , 85.75 , 0.00 , 0.00 , 21
1471 , 84.50 , 0.00 , 0.00 , 21
1472 , 83.75 , 0.00 , 0.00 , 21
1473 , 82.75 , 0.00 , 0.00 , 21
1474 , 81.50 , 0.00 , 0.00 , 21
1475 , 81.00 , 0.00 , 0.00 , 21
1476 , 80.00 , 0.00 , 0.00 , 21
1477 , 79.50 , 0.00 , 0.00 , 21
1478 , 78.50 , 0.00 , 0.00 , 21
1479 , 77.75 , 0.00 , 0.00 , 21
1480 , 77.00 , 0.00 , 0.00 , 21
1481 , 76.25 , 0.00 , 0.00 , 21
1482 , 75.25 , 0.00 , 0.00 , 21
1483 , 74.25 , 0.00 , 0.00 , 21
1484 , 74.00 , 0.00 , 0.00 , 21
1485 , 73.25 , 0.00 , 0.00 , 21
1486 , 72.50 , 0.00 , 0.00 , 21
1487 , 72.00 , 0.00 , 0.00 , 21
1488 , 71.50 , 0.00 , 0.00 , 21
1489 , 70.50 , 0.00 , 0.00 , 21
1490 , 70.00 , 0.00 , 0.00 , 21
1491 , 68.75 , 0.00 , 0.00 , 21
1492 , 68.75 , 0.00 , 0.00 , 21
1493 , 68.00 , 0.00 , 0.00 , 21
Going to Denaturing Temperature
1494 , 67.25 , 60.00 , 0.00 , 22
1495 , 67.00 , 60.00 , 0.00 , 22
1496 , 67.50 , 60.00 , 0.00 , 22
1497 , 68.50 , 60.00 , 0.00 , 22
1498 , 69.25 , 60.00 , 0.00 , 22
1499 , 69.25 , 60.00 , 0.00 , 22
1500 , 69.50 , 60.00 , 0.00 , 22
1501 , 72.25 , 60.00 , 0.00 , 22
1502 , 74.50 , 60.00 , 0.00 , 22
1503 , 78.50 , 60.00 , 0.00 , 22
1504 , 80.25 , 60.00 , 0.00 , 22
1505 , 83.00 , 60.00 , 0.00 , 22
1506 , 85.50 , 60.00 , 0.00 , 22
1507 , 89.25 , 60.00 , 0.00 , 22
1508 , 93.25 , 60.00 , 0.00 , 22
1509 , 97.25 , 60.00 , 0.00 , 22
Denaturing DNA Now
1510 , 98.50 , 0.00 , 0.00 , 22
1511 , 98.50 , 0.00 , 0.00 , 22
1512 , 98.25 , 0.00 , 0.00 , 22
1513 , 96.50 , 0.00 , 0.00 , 22
1514 , 94.75 , 0.50 , 0.00 , 22
1515 , 94.00 , 35.13 , 0.00 , 22
1516 , 92.50 , 50.13 , 0.00 , 22
1517 , 92.25 , 60.00 , 0.00 , 22
1518 , 91.25 , 60.00 , 0.00 , 22
1519 , 91.75 , 60.00 , 0.00 , 22
1520 , 94.50 , 60.00 , 0.00 , 22
1521 , 98.75 , 44.00 , 0.00 , 22
1522 , 102.00 , 0.00 , 0.00 , 22
1523 , 100.00 , 0.00 , 0.00 , 22
1524 , 98.25 , 0.00 , 0.00 , 22
Going to Extension Temperature
Extending DNA Now
1525 , 96.75 , 0.00 , 0.00 , 22
1526 , 95.25 , 0.00 , 0.00 , 22
1527 , 93.75 , 0.00 , 0.00 , 22
1528 , 92.50 , 0.00 , 0.00 , 22
1529 , 91.50 , 0.00 , 0.00 , 22
1530 , 90.50 , 0.00 , 0.00 , 22
1531 , 89.25 , 0.00 , 0.00 , 22
1532 , 87.25 , 0.00 , 0.00 , 22
1533 , 87.00 , 0.00 , 0.00 , 22
1534 , 86.00 , 0.00 , 0.00 , 22
1535 , 85.00 , 0.00 , 0.00 , 22
1536 , 83.50 , 0.00 , 0.00 , 22
1537 , 83.00 , 0.00 , 0.00 , 22
1538 , 81.50 , 0.00 , 0.00 , 22
1539 , 81.00 , 0.00 , 0.00 , 22
1540 , 80.75 , 0.00 , 0.00 , 22
1541 , 79.25 , 0.00 , 0.00 , 22
1542 , 78.50 , 0.00 , 0.00 , 22
1543 , 78.00 , 0.00 , 0.00 , 22
1544 , 77.25 , 0.00 , 0.00 , 22
1545 , 75.75 , 0.00 , 0.00 , 22
1546 , 75.75 , 0.00 , 0.00 , 22
1547 , 75.00 , 0.00 , 0.00 , 22
1548 , 74.25 , 0.00 , 0.00 , 22
1549 , 73.50 , 0.00 , 0.00 , 22
1550 , 72.50 , 0.00 , 0.00 , 22
1551 , 71.75 , 0.00 , 0.00 , 22
1552 , 71.50 , 0.00 , 0.00 , 22
1553 , 70.75 , 0.00 , 0.00 , 22
1554 , 70.25 , 0.00 , 0.00 , 22
1555 , 69.50 , 0.00 , 0.00 , 22
Going to Denaturing Temperature
1556 , 69.00 , 60.00 , 0.00 , 23
1557 , 68.25 , 60.00 , 0.00 , 23
1558 , 69.00 , 60.00 , 0.00 , 23
1559 , 70.25 , 60.00 , 0.00 , 23
1560 , 70.25 , 60.00 , 0.00 , 23
1561 , 71.25 , 60.00 , 0.00 , 23
1562 , 73.75 , 60.00 , 0.00 , 23
1563 , 76.25 , 60.00 , 0.00 , 23
1564 , 79.75 , 60.00 , 0.00 , 23
1565 , 82.00 , 60.00 , 0.00 , 23
1566 , 85.00 , 60.00 , 0.00 , 23
1567 , 87.75 , 60.00 , 0.00 , 23
1568 , 89.50 , 60.00 , 0.00 , 23
1569 , 92.00 , 60.00 , 0.00 , 23
1570 , 95.25 , 60.00 , 0.00 , 23
Denaturing DNA Now
1571 , 98.25 , 34.38 , 0.00 , 23
1572 , 100.00 , 0.00 , 0.00 , 23
1573 , 100.00 , 0.00 , 0.00 , 23
1574 , 99.25 , 0.00 , 0.00 , 23
1575 , 98.25 , 0.00 , 0.00 , 23
1576 , 96.75 , 0.00 , 0.00 , 23
1577 , 95.50 , 0.00 , 0.00 , 23
1578 , 94.25 , 14.38 , 0.00 , 23
1579 , 93.25 , 39.25 , 0.00 , 23
1580 , 92.75 , 59.63 , 0.00 , 23
1581 , 92.00 , 60.00 , 0.00 , 23
1582 , 91.75 , 60.00 , 0.00 , 23
1583 , 95.50 , 60.00 , 0.00 , 23
1584 , 97.75 , 16.62 , 0.00 , 23
1585 , 98.75 , 0.00 , 0.00 , 23
Going to Extension Temperature
Extending DNA Now
1586 , 98.25 , 0.00 , 0.00 , 23
1587 , 97.25 , 0.00 , 0.00 , 23
1588 , 96.00 , 0.00 , 0.00 , 23
1589 , 94.50 , 0.00 , 0.00 , 23
1590 , 94.00 , 0.00 , 0.00 , 23
1591 , 93.00 , 0.00 , 0.00 , 23
1592 , 91.75 , 0.00 , 0.00 , 23
1593 , 90.50 , 0.00 , 0.00 , 23
1594 , 89.00 , 0.00 , 0.00 , 23
1595 , 88.25 , 0.00 , 0.00 , 23
1596 , 87.00 , 0.00 , 0.00 , 23
1597 , 86.25 , 0.00 , 0.00 , 23
1598 , 85.00 , 0.00 , 0.00 , 23
1599 , 84.25 , 0.00 , 0.00 , 23
1600 , 83.50 , 0.00 , 0.00 , 23
1601 , 82.50 , 0.00 , 0.00 , 23
1602 , 81.00 , 0.00 , 0.00 , 23
1603 , 80.50 , 0.00 , 0.00 , 23
1604 , 79.50 , 0.00 , 0.00 , 23
1605 , 79.00 , 0.00 , 0.00 , 23
1606 , 78.25 , 0.00 , 0.00 , 23
1607 , 77.75 , 0.00 , 0.00 , 23
1608 , 76.75 , 0.00 , 0.00 , 23
1609 , 76.25 , 0.00 , 0.00 , 23
1610 , 75.50 , 0.00 , 0.00 , 23
1611 , 74.50 , 0.00 , 0.00 , 23
1612 , 74.00 , 0.00 , 0.00 , 23
1613 , 73.25 , 0.00 , 0.00 , 23
1614 , 72.50 , 0.00 , 0.00 , 23
1615 , 72.25 , 0.00 , 0.00 , 23
1616 , 71.25 , 0.00 , 0.00 , 23
Going to Denaturing Temperature
1617 , 70.25 , 60.00 , 0.00 , 24
1618 , 70.25 , 60.00 , 0.00 , 24
1619 , 70.75 , 60.00 , 0.00 , 24
1620 , 71.50 , 60.00 , 0.00 , 24
1621 , 71.75 , 60.00 , 0.00 , 24
1622 , 73.75 , 60.00 , 0.00 , 24
1623 , 76.50 , 60.00 , 0.00 , 24
1624 , 79.00 , 60.00 , 0.00 , 24
1625 , 82.25 , 60.00 , 0.00 , 24
1626 , 85.00 , 60.00 , 0.00 , 24
1627 , 87.75 , 60.00 , 0.00 , 24
1628 , 90.50 , 60.00 , 0.00 , 24
1629 , 94.25 , 60.00 , 0.00 , 24
Denaturing DNA Now
1630 , 96.00 , 54.88 , 0.00 , 24
1631 , 97.00 , 18.87 , 0.00 , 24
1632 , 97.50 , 0.00 , 0.00 , 24
1633 , 98.00 , 0.00 , 0.00 , 24
1634 , 96.75 , 0.00 , 0.00 , 24
1635 , 95.50 , 0.00 , 0.00 , 24
1636 , 94.50 , 21.50 , 0.00 , 24
1637 , 93.75 , 41.25 , 0.00 , 24
1638 , 93.25 , 56.38 , 0.00 , 24
1639 , 93.00 , 60.00 , 0.00 , 24
1640 , 94.50 , 60.00 , 0.00 , 24
1641 , 95.75 , 42.00 , 0.00 , 24
1642 , 96.75 , 16.12 , 0.00 , 24
1643 , 97.75 , 0.00 , 0.00 , 24
1644 , 97.00 , 0.00 , 0.00 , 24
Going to Extension Temperature
Extending DNA Now
1645 , 96.50 , 0.00 , 0.00 , 24
1646 , 95.00 , 0.00 , 0.00 , 24
1648 , 94.50 , 0.00 , 0.00 , 24
1649 , 93.25 , 0.00 , 0.00 , 24
1650 , 92.50 , 0.00 , 0.00 , 24
1651 , 91.50 , 0.00 , 0.00 , 24
1652 , 90.00 , 0.00 , 0.00 , 24
1653 , 88.75 , 0.00 , 0.00 , 24
1654 , 88.00 , 0.00 , 0.00 , 24
1655 , 87.25 , 0.00 , 0.00 , 24
1656 , 86.25 , 0.00 , 0.00 , 24
1657 , 85.25 , 0.00 , 0.00 , 24
1658 , 84.25 , 0.00 , 0.00 , 24
1659 , 83.50 , 0.00 , 0.00 , 24
1660 , 82.00 , 0.00 , 0.00 , 24
1661 , 81.50 , 0.00 , 0.00 , 24
1662 , 80.75 , 0.00 , 0.00 , 24
1663 , 79.50 , 0.00 , 0.00 , 24
1664 , 79.00 , 0.00 , 0.00 , 24
1665 , 78.25 , 0.00 , 0.00 , 24
1666 , 77.25 , 0.00 , 0.00 , 24
1667 , 76.75 , 0.00 , 0.00 , 24
1668 , 76.00 , 0.00 , 0.00 , 24
1669 , 75.50 , 0.00 , 0.00 , 24
1670 , 74.50 , 0.00 , 0.00 , 24
1671 , 73.75 , 0.00 , 0.00 , 24
1672 , 73.25 , 0.00 , 0.00 , 24
1673 , 72.50 , 0.00 , 0.00 , 24
1674 , 71.50 , 0.00 , 0.00 , 24
1675 , 70.25 , 0.00 , 0.00 , 24
Going to Denaturing Temperature
1676 , 70.25 , 60.00 , 0.00 , 25
1677 , 70.25 , 60.00 , 0.00 , 25
1678 , 70.50 , 60.00 , 0.00 , 25
1679 , 71.75 , 60.00 , 0.00 , 25
1680 , 72.50 , 60.00 , 0.00 , 25
1681 , 73.75 , 60.00 , 0.00 , 25
1682 , 76.50 , 60.00 , 0.00 , 25
1683 , 79.25 , 60.00 , 0.00 , 25
1684 , 82.00 , 60.00 , 0.00 , 25
1685 , 85.00 , 60.00 , 0.00 , 25
1686 , 87.00 , 60.00 , 0.00 , 25
1687 , 90.00 , 60.00 , 0.00 , 25
1688 , 93.25 , 60.00 , 0.00 , 25
1689 , 97.00 , 60.00 , 0.00 , 25
Denaturing DNA Now
1690 , 99.25 , 0.00 , 0.00 , 25
1691 , 100.50 , 0.00 , 0.00 , 25
1692 , 99.75 , 0.00 , 0.00 , 25
1693 , 98.75 , 0.00 , 0.00 , 25
1694 , 96.75 , 0.00 , 0.00 , 25
1695 , 95.75 , 0.00 , 0.00 , 25
1696 , 93.75 , 10.13 , 0.00 , 25
1697 , 92.75 , 50.25 , 0.00 , 25
1698 , 92.50 , 60.00 , 0.00 , 25
1699 , 92.00 , 60.00 , 0.00 , 25
1700 , 93.75 , 60.00 , 0.00 , 25
1701 , 96.75 , 52.75 , 0.00 , 25
1702 , 99.25 , 0.00 , 0.00 , 25
1703 , 99.25 , 0.00 , 0.00 , 25
1704 , 99.25 , 0.00 , 0.00 , 25
Going to Extension Temperature
Extending DNA Now
1705 , 97.50 , 0.00 , 0.00 , 25
1706 , 96.50 , 0.00 , 0.00 , 25
1707 , 95.25 , 0.00 , 0.00 , 25
1708 , 93.25 , 0.00 , 0.00 , 25
1709 , 92.25 , 0.00 , 0.00 , 25
1710 , 90.00 , 0.00 , 0.00 , 25
1711 , 90.00 , 0.00 , 0.00 , 25
1712 , 88.50 , 0.00 , 0.00 , 25
1713 , 87.50 , 0.00 , 0.00 , 25
1714 , 86.50 , 0.00 , 0.00 , 25
1715 , 85.00 , 0.00 , 0.00 , 25
1716 , 84.50 , 0.00 , 0.00 , 25
1717 , 83.25 , 0.00 , 0.00 , 25
1718 , 83.00 , 0.00 , 0.00 , 25
1719 , 81.75 , 0.00 , 0.00 , 25
1720 , 80.25 , 0.00 , 0.00 , 25
1721 , 79.25 , 0.00 , 0.00 , 25
1722 , 79.50 , 0.00 , 0.00 , 25
1723 , 78.75 , 0.00 , 0.00 , 25
1724 , 77.75 , 0.00 , 0.00 , 25
1725 , 77.00 , 0.00 , 0.00 , 25
1726 , 76.75 , 0.00 , 0.00 , 25
1727 , 75.75 , 0.00 , 0.00 , 25
1728 , 75.00 , 0.00 , 0.00 , 25
1729 , 74.50 , 0.00 , 0.00 , 25
1730 , 73.50 , 0.00 , 0.00 , 25
1731 , 73.00 , 0.00 , 0.00 , 25
1732 , 72.25 , 0.00 , 0.00 , 25
1733 , 71.75 , 0.00 , 0.00 , 25
1734 , 71.00 , 0.00 , 0.00 , 25
1735 , 70.50 , 0.00 , 0.00 , 25
Going to Denaturing Temperature
1736 , 70.00 , 60.00 , 0.00 , 26
1737 , 69.25 , 60.00 , 0.00 , 26
1738 , 70.50 , 60.00 , 0.00 , 26
1739 , 70.25 , 60.00 , 0.00 , 26
1740 , 71.75 , 60.00 , 0.00 , 26
1741 , 74.00 , 60.00 , 0.00 , 26
1742 , 76.75 , 60.00 , 0.00 , 26
1743 , 79.00 , 60.00 , 0.00 , 26
1744 , 81.75 , 60.00 , 0.00 , 26
1745 , 84.50 , 60.00 , 0.00 , 26
1746 , 86.25 , 60.00 , 0.00 , 26
1747 , 89.50 , 60.00 , 0.00 , 26
1748 , 93.25 , 60.00 , 0.00 , 26
1749 , 95.50 , 60.00 , 0.00 , 26
Denaturing DNA Now
1750 , 97.75 , 29.25 , 0.00 , 26
1751 , 99.00 , 0.00 , 0.00 , 26
1752 , 98.50 , 0.00 , 0.00 , 26
1753 , 98.25 , 0.00 , 0.00 , 26
1754 , 96.50 , 0.00 , 0.00 , 26
1755 , 95.50 , 0.00 , 0.00 , 26
1756 , 93.75 , 18.50 , 0.00 , 26
1757 , 92.50 , 53.63 , 0.00 , 26
1758 , 92.25 , 60.00 , 0.00 , 26
1759 , 91.25 , 60.00 , 0.00 , 26
1760 , 93.50 , 60.00 , 0.00 , 26
1761 , 97.00 , 60.00 , 0.00 , 26
1762 , 99.25 , 0.00 , 0.00 , 26
1763 , 100.00 , 0.00 , 0.00 , 26
1764 , 99.50 , 0.00 , 0.00 , 26
Going to Extension Temperature
Extending DNA Now
1765 , 97.50 , 0.00 , 0.00 , 26
1766 , 96.50 , 0.00 , 0.00 , 26
1767 , 95.00 , 0.00 , 0.00 , 26
1768 , 94.00 , 0.00 , 0.00 , 26
1769 , 92.75 , 0.00 , 0.00 , 26
1770 , 91.50 , 0.00 , 0.00 , 26
1771 , 90.00 , 0.00 , 0.00 , 26
1772 , 89.25 , 0.00 , 0.00 , 26
1773 , 87.50 , 0.00 , 0.00 , 26
1774 , 86.50 , 0.00 , 0.00 , 26
1775 , 86.00 , 0.00 , 0.00 , 26
1776 , 85.00 , 0.00 , 0.00 , 26
1777 , 83.75 , 0.00 , 0.00 , 26
1778 , 83.25 , 0.00 , 0.00 , 26
1779 , 82.25 , 0.00 , 0.00 , 26
1780 , 81.50 , 0.00 , 0.00 , 26
1781 , 80.50 , 0.00 , 0.00 , 26
1782 , 78.25 , 0.00 , 0.00 , 26
1783 , 78.75 , 0.00 , 0.00 , 26
1784 , 78.00 , 0.00 , 0.00 , 26
1785 , 77.00 , 0.00 , 0.00 , 26
1786 , 75.75 , 0.00 , 0.00 , 26
1787 , 75.50 , 0.00 , 0.00 , 26
1788 , 74.50 , 0.00 , 0.00 , 26
1789 , 73.50 , 0.00 , 0.00 , 26
1790 , 73.50 , 0.00 , 0.00 , 26
1791 , 72.00 , 0.00 , 0.00 , 26
1792 , 72.00 , 0.00 , 0.00 , 26
1793 , 71.00 , 0.00 , 0.00 , 26
1794 , 70.50 , 0.00 , 0.00 , 26
1795 , 70.00 , 0.00 , 0.00 , 26
Going to Denaturing Temperature
1796 , 69.25 , 60.00 , 0.00 , 27
1797 , 69.00 , 60.00 , 0.00 , 27
1798 , 69.75 , 60.00 , 0.00 , 27
1799 , 70.50 , 60.00 , 0.00 , 27
1800 , 71.75 , 60.00 , 0.00 , 27
1801 , 73.50 , 60.00 , 0.00 , 27
1802 , 76.00 , 60.00 , 0.00 , 27
1803 , 78.25 , 60.00 , 0.00 , 27
1804 , 80.75 , 60.00 , 0.00 , 27
1805 , 83.50 , 60.00 , 0.00 , 27
1806 , 86.75 , 60.00 , 0.00 , 27
1807 , 90.75 , 60.00 , 0.00 , 27
1808 , 93.75 , 60.00 , 0.00 , 27
1809 , 95.50 , 60.00 , 0.00 , 27
Denaturing DNA Now
1810 , 97.75 , 29.25 , 0.00 , 27
1811 , 98.50 , 0.00 , 0.00 , 27
1812 , 99.00 , 0.00 , 0.00 , 27
1813 , 98.00 , 0.00 , 0.00 , 27
1814 , 96.50 , 0.00 , 0.00 , 27
1815 , 95.00 , 0.00 , 0.00 , 27
1816 , 93.75 , 28.87 , 0.00 , 27
1817 , 92.25 , 54.00 , 0.00 , 27
1818 , 92.00 , 60.00 , 0.00 , 27
1819 , 92.25 , 60.00 , 0.00 , 27
1820 , 94.50 , 60.00 , 0.00 , 27
1821 , 97.00 , 41.50 , 0.00 , 27
1822 , 98.75 , 0.00 , 0.00 , 27
1823 , 99.00 , 0.00 , 0.00 , 27
1824 , 98.00 , 0.00 , 0.00 , 27
Going to Extension Temperature
Extending DNA Now
1825 , 97.00 , 0.00 , 0.00 , 27
1826 , 95.00 , 0.00 , 0.00 , 27
1827 , 94.00 , 0.00 , 0.00 , 27
1828 , 92.50 , 0.00 , 0.00 , 27
1829 , 91.00 , 0.00 , 0.00 , 27
1830 , 90.00 , 0.00 , 0.00 , 27
1831 , 88.75 , 0.00 , 0.00 , 27
1832 , 87.25 , 0.00 , 0.00 , 27
1833 , 85.75 , 0.00 , 0.00 , 27
1834 , 85.00 , 0.00 , 0.00 , 27
1835 , 84.25 , 0.00 , 0.00 , 27
1836 , 83.75 , 0.00 , 0.00 , 27
1837 , 82.25 , 0.00 , 0.00 , 27
1838 , 81.50 , 0.00 , 0.00 , 27
1839 , 81.25 , 0.00 , 0.00 , 27
1840 , 80.00 , 0.00 , 0.00 , 27
1841 , 79.25 , 0.00 , 0.00 , 27
1842 , 78.25 , 0.00 , 0.00 , 27
1843 , 78.00 , 0.00 , 0.00 , 27
1844 , 76.50 , 0.00 , 0.00 , 27
1845 , 76.00 , 0.00 , 0.00 , 27
1846 , 75.75 , 0.00 , 0.00 , 27
1847 , 74.75 , 0.00 , 0.00 , 27
1848 , 74.25 , 0.00 , 0.00 , 27
1849 , 73.50 , 0.00 , 0.00 , 27
1850 , 73.00 , 0.00 , 0.00 , 27
1851 , 71.75 , 0.00 , 0.00 , 27
1852 , 71.50 , 0.00 , 0.00 , 27
1853 , 70.50 , 0.00 , 0.00 , 27
1854 , 70.00 , 0.00 , 0.00 , 27
1855 , 69.50 , 0.00 , 0.00 , 27
Going to Denaturing Temperature
1856 , 69.00 , 60.00 , 0.00 , 28
1857 , 68.50 , 60.00 , 0.00 , 28
1858 , 69.25 , 60.00 , 0.00 , 28
1859 , 69.75 , 60.00 , 0.00 , 28
1860 , 71.00 , 60.00 , 0.00 , 28
1861 , 72.75 , 60.00 , 0.00 , 28
1862 , 75.25 , 60.00 , 0.00 , 28
1863 , 77.50 , 60.00 , 0.00 , 28
1864 , 80.00 , 60.00 , 0.00 , 28
1865 , 82.75 , 60.00 , 0.00 , 28
1866 , 86.25 , 60.00 , 0.00 , 28
1867 , 89.00 , 60.00 , 0.00 , 28
1868 , 91.75 , 60.00 , 0.00 , 28
1869 , 94.00 , 60.00 , 0.00 , 28
Denaturing DNA Now
1870 , 96.00 , 60.00 , 0.00 , 28
1871 , 97.75 , 19.00 , 0.00 , 28
1872 , 98.00 , 0.00 , 0.00 , 28
1873 , 96.75 , 0.00 , 0.00 , 28
1874 , 95.75 , 0.00 , 0.00 , 28
1875 , 95.00 , 17.87 , 0.00 , 28
1876 , 93.50 , 32.38 , 0.00 , 28
1877 , 92.50 , 60.00 , 0.00 , 28
1878 , 92.25 , 60.00 , 0.00 , 28
1879 , 93.25 , 60.00 , 0.00 , 28
1880 , 96.00 , 60.00 , 0.00 , 28
1881 , 98.50 , 13.63 , 0.00 , 28
1882 , 99.00 , 0.00 , 0.00 , 28
1883 , 99.00 , 0.00 , 0.00 , 28
1884 , 98.25 , 0.00 , 0.00 , 28
Going to Extension Temperature
Extending DNA Now
1885 , 96.00 , 0.00 , 0.00 , 28
1886 , 95.00 , 0.00 , 0.00 , 28
1887 , 93.75 , 0.00 , 0.00 , 28
1888 , 92.00 , 0.00 , 0.00 , 28
1889 , 90.75 , 0.00 , 0.00 , 28
1890 , 89.75 , 0.00 , 0.00 , 28
1891 , 89.00 , 0.00 , 0.00 , 28
1892 , 87.75 , 0.00 , 0.00 , 28
1893 , 86.75 , 0.00 , 0.00 , 28
1894 , 85.75 , 0.00 , 0.00 , 28
1895 , 85.00 , 0.00 , 0.00 , 28
1896 , 83.50 , 0.00 , 0.00 , 28
1897 , 82.50 , 0.00 , 0.00 , 28
1898 , 81.75 , 0.00 , 0.00 , 28
1899 , 81.25 , 0.00 , 0.00 , 28
1900 , 80.00 , 0.00 , 0.00 , 28
1901 , 79.50 , 0.00 , 0.00 , 28
1902 , 77.75 , 0.00 , 0.00 , 28
1903 , 78.00 , 0.00 , 0.00 , 28
1904 , 76.50 , 0.00 , 0.00 , 28
1905 , 76.25 , 0.00 , 0.00 , 28
1906 , 75.00 , 0.00 , 0.00 , 28
1907 , 74.25 , 0.00 , 0.00 , 28
1908 , 74.00 , 0.00 , 0.00 , 28
1909 , 73.25 , 0.00 , 0.00 , 28
1910 , 72.75 , 0.00 , 0.00 , 28
1911 , 72.00 , 0.00 , 0.00 , 28
1912 , 71.00 , 0.00 , 0.00 , 28
1913 , 70.50 , 0.00 , 0.00 , 28
1914 , 70.25 , 0.00 , 0.00 , 28
1915 , 69.25 , 0.00 , 0.00 , 28
Going to Denaturing Temperature
1916 , 68.50 , 60.00 , 0.00 , 29
1917 , 68.50 , 60.00 , 0.00 , 29
1918 , 68.75 , 60.00 , 0.00 , 29
1919 , 69.25 , 60.00 , 0.00 , 29
1920 , 71.25 , 60.00 , 0.00 , 29
1921 , 73.00 , 60.00 , 0.00 , 29
1922 , 76.00 , 60.00 , 0.00 , 29
1923 , 79.00 , 60.00 , 0.00 , 29
1924 , 81.25 , 60.00 , 0.00 , 29
1925 , 84.25 , 60.00 , 0.00 , 29
1926 , 87.75 , 60.00 , 0.00 , 29
1927 , 90.25 , 60.00 , 0.00 , 29
1928 , 92.50 , 60.00 , 0.00 , 29
1929 , 94.50 , 60.00 , 0.00 , 29
Denaturing DNA Now
1930 , 96.25 , 49.75 , 0.00 , 29
1931 , 98.00 , 13.63 , 0.00 , 29
1932 , 101.50 , 0.00 , 0.00 , 29
1933 , 98.25 , 0.00 , 0.00 , 29
1934 , 96.25 , 0.00 , 0.00 , 29
1935 , 94.50 , 4.63 , 0.00 , 29
1936 , 93.50 , 39.38 , 0.00 , 29
1937 , 92.75 , 59.63 , 0.00 , 29
1938 , 91.75 , 60.00 , 0.00 , 29
1939 , 95.25 , 60.00 , 0.00 , 29
1940 , 93.50 , 25.75 , 0.00 , 29
1941 , 93.00 , 60.00 , 0.00 , 29
1942 , 95.50 , 60.00 , 0.00 , 29
1943 , 96.25 , 20.75 , 0.00 , 29
1944 , 98.50 , 4.63 , 0.00 , 29
Going to Extension Temperature
Extending DNA Now
1945 , 98.00 , 0.00 , 0.00 , 29
1946 , 98.25 , 0.00 , 0.00 , 29
1947 , 97.00 , 0.00 , 0.00 , 29
1948 , 95.50 , 0.00 , 0.00 , 29
1949 , 94.25 , 0.00 , 0.00 , 29
1950 , 92.75 , 0.00 , 0.00 , 29
1951 , 92.00 , 0.00 , 0.00 , 29
1952 , 91.25 , 0.00 , 0.00 , 29
1953 , 90.00 , 0.00 , 0.00 , 29
1954 , 89.00 , 0.00 , 0.00 , 29
1955 , 87.50 , 0.00 , 0.00 , 29
1956 , 86.75 , 0.00 , 0.00 , 29
1957 , 86.00 , 0.00 , 0.00 , 29
1958 , 84.75 , 0.00 , 0.00 , 29
1959 , 83.25 , 0.00 , 0.00 , 29
1960 , 83.00 , 0.00 , 0.00 , 29
1961 , 82.00 , 0.00 , 0.00 , 29
1962 , 81.25 , 0.00 , 0.00 , 29
1963 , 80.25 , 0.00 , 0.00 , 29
1964 , 79.50 , 0.00 , 0.00 , 29
1965 , 78.50 , 0.00 , 0.00 , 29
1966 , 77.75 , 0.00 , 0.00 , 29
1967 , 76.25 , 0.00 , 0.00 , 29
1968 , 76.25 , 0.00 , 0.00 , 29
1969 , 75.25 , 0.00 , 0.00 , 29
1970 , 74.75 , 0.00 , 0.00 , 29
1971 , 74.00 , 0.00 , 0.00 , 29
1972 , 73.00 , 0.00 , 0.00 , 29
1973 , 72.50 , 0.00 , 0.00 , 29
1974 , 72.00 , 0.00 , 0.00 , 29
1975 , 71.50 , 0.00 , 0.00 , 29
Going to Denaturing Temperature
1976 , 70.75 , 60.00 , 0.00 , 30
1977 , 70.00 , 60.00 , 0.00 , 30
1978 , 70.50 , 60.00 , 0.00 , 30
1979 , 71.00 , 60.00 , 0.00 , 30
1980 , 72.25 , 60.00 , 0.00 , 30
1981 , 74.75 , 60.00 , 0.00 , 30
1982 , 78.00 , 60.00 , 0.00 , 30
1983 , 80.50 , 60.00 , 0.00 , 30
1984 , 83.50 , 60.00 , 0.00 , 30
1985 , 85.75 , 60.00 , 0.00 , 30
1986 , 88.50 , 60.00 , 0.00 , 30
1987 , 90.75 , 60.00 , 0.00 , 30
1988 , 92.75 , 60.00 , 0.00 , 30
1989 , 95.25 , 60.00 , 0.00 , 30
Denaturing DNA Now
1990 , 97.25 , 34.38 , 0.00 , 30
1991 , 98.50 , 0.00 , 0.00 , 30
1992 , 99.75 , 0.00 , 0.00 , 30
1993 , 99.25 , 0.00 , 0.00 , 30
1994 , 98.25 , 0.00 , 0.00 , 30
1995 , 97.00 , 0.00 , 0.00 , 30
1996 , 95.75 , 0.00 , 0.00 , 30
1997 , 94.50 , 10.50 , 0.00 , 30
1998 , 92.75 , 35.25 , 0.00 , 30
1999 , 92.50 , 60.00 , 0.00 , 30
2000 , 92.50 , 60.00 , 0.00 , 30
2001 , 92.50 , 60.00 , 0.00 , 30
2002 , 94.75 , 60.00 , 0.00 , 30
2003 , 96.50 , 32.75 , 0.00 , 30
2004 , 98.50 , 0.00 , 0.00 , 30
Going to Extension Temperature
Extending DNA Now
2005 , 98.75 , 0.00 , 0.00 , 30
2006 , 99.00 , 0.00 , 0.00 , 30
2007 , 97.75 , 0.00 , 0.00 , 30
2008 , 96.25 , 0.00 , 0.00 , 30
2009 , 95.50 , 0.00 , 0.00 , 30
2010 , 94.25 , 0.00 , 0.00 , 30
2011 , 92.75 , 0.00 , 0.00 , 30
2012 , 91.25 , 0.00 , 0.00 , 30
2013 , 90.00 , 0.00 , 0.00 , 30
2014 , 89.25 , 0.00 , 0.00 , 30
2015 , 88.25 , 0.00 , 0.00 , 30
2016 , 87.50 , 0.00 , 0.00 , 30
2017 , 86.50 , 0.00 , 0.00 , 30
2018 , 85.00 , 0.00 , 0.00 , 30
2019 , 84.00 , 0.00 , 0.00 , 30
2020 , 83.75 , 0.00 , 0.00 , 30
2021 , 82.50 , 0.00 , 0.00 , 30
2022 , 81.25 , 0.00 , 0.00 , 30
2023 , 80.50 , 0.00 , 0.00 , 30
2024 , 79.75 , 0.00 , 0.00 , 30
2025 , 79.25 , 0.00 , 0.00 , 30
2026 , 78.25 , 0.00 , 0.00 , 30
2027 , 77.50 , 0.00 , 0.00 , 30
2028 , 76.50 , 0.00 , 0.00 , 30
2029 , 75.50 , 0.00 , 0.00 , 30
2030 , 75.00 , 0.00 , 0.00 , 30
2031 , 74.75 , 0.00 , 0.00 , 30
2032 , 73.75 , 0.00 , 0.00 , 30
2033 , 73.00 , 0.00 , 0.00 , 30
2034 , 72.00 , 0.00 , 0.00 , 30
2035 , 71.50 , 0.00 , 0.00 , 30
